26,798
26,410
19,575
26,901
12,705
26,80
26,580
26,884
26,29
26,451
26,572
26,85
26,22
2,985
26,547
26,816
26,161
2,914
26,234
30,927
26,204
26,242
2,296
26,301
2,1036
26,746
26,1074
26,656
26,393
29,883
30,512
26,791
2,802
26,843
2,254
28,356
26,114
26,1014
26,544
26,413
26,961
26,730
26,594
26,69
26,817
26,428
2,767
26,1065
26,850
2,76
26,760
26,935
26,644
26,374
26,881
26,576
26,989
26,754
26,68
26,229
26,695
11,239
7,1018
26,943
2,632
26,260
2,1062
26,861
26,655
26,1063
26,972
26,1081
26,498
26,951
26,763
26,991
26,846
23,782
18,723
26,444
26,625
26,494
14,419
2,72
26,115
2,677
26,24
26,209
2,238
26,837
26,476
26,178
26,380
26,1000
8,1075
26,939
26,287
26,667
26,578
26,27
26,262
26,762
26,128
29,790
26,528
26,1033
26,364
2,622
26,740
26,557
26,771
26,758
29,345
26,327
26,593
26,968
26,471
26,425
26,437
2,32
26,608
26,495
26,944
26,1048
26,360
26,98
29,43
26,252
26,922
26,71
26,744
26,707
26,688
26,661
2,282
5,866
26,328
26,863
26,905
26,423
30,375
26,320
26,138
26,45
26,454
30,1071
26,830
26,398
26,196
26,946
2,506
26,774
26,959
26,882
26,155
26,603
26,911
26,10
26,501
26,394
26,118
26,776
26,783
26,1020
26,106
1,480
26,674
26,1029
26,1061
26,854
26,497
26,979
26,162
26,713
26,827
26,847
26,696
26,1017
26,1013
26,650
26,8
26,250
26,399
26,913
26,187
26,335
26,152
26,909
26,182
26,39
2,230
2,122
26,245
26,490
26,317
26,452
26,6
26,321
29,134
26,848
26,435
26,1050
2,964
26,1021
26,348
26,651
2,469
26,525
26,875
29,334
26,443
26,460
26,933
2,940
26,565
8,589
1,1042
26,606
26,7
26,404
26,967
29,1077
29,676
26,34
26,163
28,395
2,521
26,958
26,315
26,897
26,896
26,121
2,353
26,279
26,825
26,396
26,388
26,426
26,996
26,742
26,1022
26,90
26,862
26,669
26,73
26,639
26,401
26,188
29,636
26,948
26,144
26,379
26,206
26,212
26,418
2,251
26,954
26,1047
26,201
26,607
26,167
26,824
26,546
26,835
26,947
26,489
26,869
26,125
26,44
26,259
26,941
5,778
26,132
29,145
26,801
26,183
26,59
23,965
26,293
26,716
26,482
26,635
26,366
2,37
26,851
26,793
26,343
29,175
26,450
2,342
26,765
26,173
26,785
26,277
26,720
26,936
26,690
29,659
8,826
26,246
26,4
26,446
5,809
26,302
26,524
26,448
26,432
26,1010
26,916
26,478
26,496
2,97
26,1034
26,995
26,624
26,605
26,683
26,743
26,484
26,441
26,769
15,852
31,468
2,717
29,642
26,1044
26,945
26,48
26,314
26,646
2,463
2,149
26,545
26,714
26,235
26,590
2,92
26,810
2,54
2,626
26,858
26,592
26,1002
26,813
26,554
26,285
8,1009
26,596
26,617
30,409
26,295
26,1058
26,955
25,523
5,671
26,1060
2,1043
26,581
26,703
26,849
1,224
26,853
26,819
26,618
29,179
26,459
2,520
2,583
26,892
26,726
26,1027
26,281
26,595
26,534
26,58
26,770
30,363
30,57
26,615
26,530
26,840
2,877
26,267
26,406
26,369
26,103
26,719
26,159
23,263
5,807
2,795
26,329
26,215
26,445
26,70
26,491
26,283
26,96
26,436
26,893
26,91
1,225
26,449
26,220
26,153
26,918
26,833
26,508
26,112
26,535
26,814
26,99
26,156
26,1032
26,258
26,976
26,424
26,300
26,888
2,1041
5,341
26,143
26,573
26,13
26,371
26,297
26,993
26,66
26,680
2,682
26,1008
26,1056
26,292
26,202
26,732
26,868
26,1028
26,307
26,319
26,666
26,427
26,81
26,42
26,313
26,461
26,243
23,376
26,19
26,75
26,1007
26,241
26,597
26,310
26,147
26,195
26,473
26,929
2,555
26,74
26,1003
26,221
26,502
26,176
26,291
26,124
26,942
26,53
26,172
26,55
26,756
26,867
26,169
26,109
23,2
25,160
26,381
26,988
26,872
29,697
26,370
26,1066
26,586
26,174
26,815
26,963
26,526
5,540
26,962
26,982
26,969
26,462
2,731
26,515
26,17
26,519
26,588
26,569
26,1052
2,417
26,483
26,51
26,384
2,477
26,999
30,1030
26,784
2,433
26,591
29,336
26,392
2,834
26,40
26,548
2,908
26,289
30,702
3,1069
26,467
26,558
26,653
26,986
26,701
26,957
26,131
26,386
26,93
26,383
26,704
29,937
26,60
2,749
26,248
26,992
26,998
26,275
29,488
26,823
26,748
2,930
26,974
26,414
30,1070
23,637
26,148
26,518
26,1083
26,11
26,692
26,829
2,745
26,77
26,165
26,208
26,582
26,1076
26,407
26,268
26,910
2,629
2,538
2,100
26,41
2,500
29,1053
26,902
26,403
26,271
30,777
26,422
2,318
26,647
26,752
26,627
2,116
26,21
26,665
26,197
26,878
26,26
26,266
26,184
26,228
26,130
26,796
26,442
26,198
30,158
26,859
26,193
26,686
26,983
26,755
26,549
26,338
26,634
26,111
26,567
26,264
26,200
2,984
9,280
26,465
26,724
2,133
26,373
26,779
26,429
26,455
26,738
2,129
30,753
29,658
2,1049
2,269
26,657
26,678
26,137
26,94
30,1051
26,180
2,973
26,923
21,168
26,82
26,672
26,1072
26,831
24,464
26,856
29,880
26,305
26,1045
26,64
26,747
26,126
26,344
26,185
5,52
26,602
26,537
26,49
26,211
26,949
26,640
29,257
26,938
26,800
2,1067
30,308
26,276
26,150
29,551
26,255
2,270
26,855
26,599
26,541
26,190
26,247
29,781
26,1078
2,351
2,294
26,231
26,950
26,38
26,710
2,1019
26,15
9,359
26,358
26,773
26,527
26,16
2,170
26,140
26,123
26,101
2,177
26,171
26,362
26,400
26,1057
26,533
26,934
26,470
2,1079
26,750
16,387
26,352
26,466
26,522
2,620
5,46
26,194
26,416
26,891
26,504
27,1035
29,1068
26,681
26,553
26,485
26,253
26,456
29,1055
26,566
26,61
25,1054
26,1024
1,142
2,797
26,994
26,664
5,926
26,408
26,330
2,899
26,727
26,735
2,864
26,439
26,997
26,431
2,405
26,218
26,457
26,1037
26,1
26,273
26,139
26,412
26,481
2,56
26,236
26,237
2,552
26,513
30,691
26,306
2,205
26,309
26,87
26,88
26,1011
26,598
26,873
26,286
26,1039
26,219
29,510
26,453
26,186
26,240
26,349
26,438
24,385
26,631
2,736
26,440
2,768
26,493
26,316
26,584
26,346
26,698
26,894
26,102
26,189
26,772
26,1073
26,571
26,107
26,643
2,641
26,472
26,105
26,486
26,684
2,154
26,722
26,213
26,885
26,556
26,562
26,434
2,1031
23,585
8,326
26,244
26,609
10,924
26,903
23,12
26,164
26,577
26,633
26,1004
22,981
26,261
26,119
26,708
2,895
2,766
29,532
2,729
26,311
24,415
26,117
26,733
30,181
20,304
26,786
26,265
26,990
26,1064
26,411
2,232
26,28
2,110
2,728
30,1026
26,157
26,397
26,966
26,9
26,616
30,579
26,764
26,685
26,372
30,673
26,333
26,757
26,915
2,876
26,808
2,628
29,709
26,354
2,475
29,917
26,699
2,78
2,919
26,890
26,389
26,932
26,474
26,447
26,794
26,278
26,543
26,788
26,887
26,223
30,210
26,564
26,274
2,325
26,1001
26,842
26,199
26,660
2,706
26,127
26,612
26,652
26,805
8,1040
2,529
26,839
26,113
30,536
26,645
24,249
26,479
26,298
1,751
26,288
26,30
26,222
26,365
26,509
26,104
2,700
23,630
26,822
2,141
23,828
26,587
26,505
26,619
26,977
26,378
26,832
26,811
2,611
26,874
30,568
26,146
26,920
26,542
2,350
26,857
28,516
2,1059
26,900
26,20
26,649
26,31
1,931
26,739
26,377
24,906
26,1046
25,226
26,36
23,928
30,323
2,970
26,83
26,322
26,689
2,79
26,1015
26,799
28,623
26,812
26,3
30,956
23,5
26,514
26,820
26,980
26,610
26,721
26,761
26,860
26,550
26,33
26,560
26,780
26,718
26,1023
26,1080
26,836
26,675
26,382
26,663
26,886
2,18
2,391
26,337
26,987
13,492
26,821
26,1006
26,865
2,804
26,203
26,838
26,725
26,1038
26,613
26,67
26,1025
26,889
26,507
14,65
6,207
26,531
26,357
26,662
2,25
26,693
30,559
2,898
26,499
2,368
26,47
26,654
26,14
26,50
26,539
26,84
2,503
26,904
26,570
26,679
26,759
26,1005
26,324
26,430
26,648
26,561
26,135
26,191
26,563
26,340
29,960
26,806
26,621
26,1012
2,687
2,953
26,952
26,284
26,458
26,89
26,331
2,737
26,604
26,290
17,233
4,23
26,120
26,339
26,35
26,978
26,367
26,775
2,420
26,841
2,668
26,574
26,818
26,511
26,925
26,332
26,151
26,256
26,871
26,907
26,844
26,741
26,734
2,712
26,312
29,803
26,600
26,845
26,227
26,787
26,86
28,108
26,975
26,192
26,214
26,614
26,921
26,517
26,1016
26,402
26,912
26,217
26,166
26,1082
30,879
26,361
26,711
26,303
26,390
26,715
26,272
26,638
26,487
26,694
26,355
26,421
26,136
26,971
26,63
26,347
26,299
26,789
26,870
26,95
26,216
2,601
26,670
1,792
26,62
