4,876
26,323
4,808
4,836
4,109
4,992
4,40
13,214
4,320
4,216
17,554
4,32
4,434
4,68
4,447
4,117
4,957
4,664
17,645
4,1032
4,427
4,668
4,340
17,888
4,505
4,342
18,170
4,360
4,330
4,891
4,287
4,1063
17,278
4,970
4,913
4,682
4,972
4,654
4,243
4,419
4,266
4,141
4,739
4,828
1,319
4,380
4,501
4,916
4,293
4,908
17,968
4,364
17,1076
4,658
4,730
4,47
4,306
15,571
4,722
4,296
4,871
4,446
18,387
4,77
10,963
4,366
4,1056
4,1089
4,173
4,971
4,846
4,678
4,897
11,816
4,1017
17,939
4,308
23,561
1,921
4,202
4,748
4,17
4,583
4,70
4,404
4,529
4,1009
4,852
4,787
4,1000
4,414
17,85
4,494
17,98
17,814
4,585
4,378
4,185
4,488
13,254
11,316
4,261
4,1012
4,149
13,745
6,262
4,524
17,268
4,270
4,448
17,339
17,207
4,646
15,450
4,934
11,178
4,684
4,399
11,28
4,99
17,917
4,246
17,784
4,1027
13,406
4,424
4,652
17,482
13,914
4,1030
4,826
4,827
4,245
4,12
4,299
4,562
4,423
4,283
17,203
4,525
4,769
4,979
4,647
4,159
17,783
4,998
4,679
13,29
4,721
4,73
4,560
4,800
2,744
4,749
4,142
4,81
4,1052
4,1072
4,703
17,490
13,620
4,631
17,1037
4,956
4,1008
4,1071
4,162
4,210
4,523
4,305
4,38
4,499
4,535
4,55
4,1069
20,747
4,1088
4,1082
4,929
4,1
11,742
4,23
4,536
4,579
4,187
4,297
4,750
4,39
4,157
4,215
4,115
4,756
4,665
4,978
17,983
5,773
4,75
11,1059
4,697
4,41
4,303
4,568
4,1002
4,941
4,660
4,731
4,107
4,417
13,875
4,186
4,1084
17,1020
4,411
4,812
4,223
4,97
4,96
13,442
11,588
4,355
4,151
19,251
4,344
4,405
3,902
4,1014
13,623
4,946
11,779
4,233
17,926
4,767
4,5
17,509
4,774
4,889
4,644
4,72
4,666
4,880
4,272
4,648
4,489
4,843
4,612
4,1004
10,782
13,291
4,179
4,589
4,503
4,1053
4,729
4,34
4,943
4,763
4,858
4,363
17,346
4,250
4,418
4,596
4,952
4,977
17,496
4,553
4,847
4,1054
4,211
4,694
4,59
4,240
11,1041
4,985
4,361
4,960
4,260
4,539
4,771
17,1085
17,50
4,1083
4,918
17,996
4,518
4,1077
4,415
17,236
17,298
4,1060
4,574
4,691
4,903
17,274
4,362
4,436
4,840
4,878
4,777
4,801
4,522
4,60
4,237
17,313
4,1003
4,1013
4,899
4,639
4,217
16,877
4,630
4,1044
4,166
4,923
4,1023
4,391
4,822
17,607
4,35
4,208
4,549
11,760
4,988
18,622
17,656
7,605
4,942
17,147
4,230
4,636
4,540
4,425
4,56
17,629
17,3
4,235
4,172
18,1022
4,348
4,124
4,311
4,904
28,420
4,354
4,794
4,394
10,527
4,781
21,189
4,200
4,825
4,1016
14,174
4,820
4,659
4,728
10,716
4,22
4,228
4,866
4,441
4,993
4,920
4,21
4,66
4,86
17,445
4,437
4,621
4,7
17,10
17,528
4,573
17,375
4,786
4,359
4,37
4,755
4,707
4,110
4,388
17,500
4,864
4,184
4,837
4,1078
4,671
4,403
4,127
17,557
4,947
4,146
19,845
4,422
17,241
4,392
4,197
17,862
4,52
4,674
4,628
4,282
4,102
4,62
4,351
4,155
4,949
4,807
17,958
17,1058
4,961
4,13
17,604
4,440
4,932
4,276
4,14
4,477
4,704
4,705
4,582
4,861
4,317
4,772
4,255
4,472
4,651
21,26
4,758
18,898
4,713
4,617
28,580
4,257
17,504
4,712
4,42
4,400
4,759
4,113
4,865
4,643
2,1048
1,4
4,633
4,594
4,87
4,754
4,873
4,80
4,20
17,206
4,1051
4,134
4,765
4,641
9,271
4,36
4,802
4,275
4,82
17,57
4,132
4,842
4,397
17,806
27,133
4,692
4,429
4,137
19,1074
4,1086
4,193
4,256
4,793
4,44
4,726
11,269
4,369
4,156
1,483
4,699
4,451
4,401
13,188
4,833
17,104
4,1031
4,1034
4,15
17,969
4,461
17,279
4,819
18,408
4,46
17,890
3,689
4,796
4,667
4,103
4,199
4,736
4,811
4,154
17,650
4,285
17,201
4,995
12,999
9,592
5,329
4,460
17,635
4,695
4,204
4,986
4,120
4,1042
17,884
4,601
4,1040
4,723
4,164
4,332
4,126
4,881
4,412
4,473
4,67
4,1036
4,224
4,158
4,517
4,761
4,407
11,521
4,43
4,426
4,476
4,140
17,590
11,1018
4,513
17,295
17,277
4,855
1,718
4,711
1,242
4,373
4,183
4,1001
4,900
17,1062
4,776
4,365
17,938
17,829
4,680
4,544
4,1047
19,474
4,627
10,331
17,785
4,69
4,421
10,396
16,676
4,973
11,31
4,226
4,1025
17,859
9,470
4,131
17,49
4,1055
4,386
4,459
4,300
4,135
4,177
4,449
4,1024
17,152
4,834
4,653
4,18
17,465
4,530
4,167
4,602
17,901
4,818
17,951
4,854
17,61
4,844
4,301
4,502
4,657
4,850
4,714
4,191
4,823
4,286
4,531
4,683
17,911
4,267
4,584
4,624
3,143
4,6
4,516
2,130
28,290
4,486
4,194
4,609
4,661
4,606
4,88
11,333
4,839
4,315
4,464
4,577
4,376
4,886
4,48
4,54
4,706
4,688
4,431
17,1073
4,479
4,389
4,841
1,738
4,1079
4,940
4,492
4,598
4,118
4,321
1,377
4,309
4,350
4,1068
4,439
4,907
11,463
4,122
4,1091
4,987
4,232
4,709
4,640
11,64
30,144
4,637
4,9
4,790
4,997
4,252
11,982
4,84
4,817
17,244
17,93
4,370
17,1007
4,25
4,532
4,89
4,337
4,150
17,169
4,953
4,213
4,402
13,734
18,249
4,469
4,264
4,670
17,879
4,165
4,919
4,741
4,821
4,458
17,263
4,564
4,632
4,1065
4,71
17,698
17,906
4,368
4,16
4,533
4,954
4,805
17,352
4,455
11,857
4,307
4,292
4,341
4,556
13,693
4,1080
17,475
4,327
17,345
1,519
4,168
4,944
4,379
17,534
5,180
4,593
4,551
4,192
4,930
4,182
4,515
17,634
4,356
4,136
4,870
4,1029
17,138
4,586
4,238
4,384
4,567
4,358
17,1081
4,964
4,1061
18,336
4,454
4,753
4,922
4,967
4,541
17,432
4,239
4,896
4,190
4,727
9,616
4,810
4,603
4,253
4,860
25,1064
4,740
17,456
4,438
4,804
4,614
4,314
4,608
17,526
4,872
4,538
4,768
4,416
18,312
4,1006
4,937
18,205
4,220
1,733
4,484
4,851
4,687
4,547
4,735
4,613
4,1015
4,468
17,258
4,795
4,945
11,453
4,887
4,30
4,1045
4,302
17,1066
18,966
19,381
4,989
4,480
4,791
1,975
4,788
4,1057
4,766
4,974
4,935
17,83
4,751
4,221
4,625
25,175
4,955
17,610
4,581
4,962
4,677
4,552
4,171
4,507
4,91
4,874
17,90
4,700
4,600
4,383
4,385
4,883
17,832
18,725
4,196
4,512
4,225
8,615
4,498
4,1087
21,106
4,618
4,443
4,153
4,720
4,649
4,481
4,642
4,444
4,780
17,45
13,548
4,550
4,803
4,79
17,893
4,326
4,835
29,322
4,710
4,885
4,662
4,273
4,537
4,101
17,543
4,1043
4,116
4,669
22,572
17,905
17,910
4,119
4,219
4,655
4,198
4,74
4,981
4,792
4,229
4,1021
4,626
4,948
4,478
17,976
4,181
4,927
11,510
4,1039
4,247
4,569
4,357
4,925
4,1035
17,347
1,1050
17,65
17,565
4,757
4,511
4,457
4,576
4,797
4,1067
4,611
4,936
4,395
11,33
4,334
4,869
4,520
17,145
11,546
4,195
13,950
4,294
4,325
17,892
4,163
4,752
4,743
4,435
4,491
4,789
4,770
4,578
23,984
10,558
4,1049
12,824
18,559
4,493
4,696
17,545
4,318
29,863
4,599
4,281
17,108
4,288
4,830
4,915
4,690
4,815
4,719
4,335
4,595
4,265
4,304
4,280
11,737
4,514
17,160
4,587
4,95
4,231
4,76
4,717
4,367
4,390
4,139
17,111
4,1070
4,809
4,234
4,1019
4,497
17,1028
4,413
4,980
4,597
4,965
4,764
4,638
4,121
4,701
4,1010
4,1033
11,1011
4,673
4,681
4,92
17,487
11,732
4,53
4,555
17,112
4,508
4,848
4,374
4,398
4,566
24,542
17,382
4,991
4,410
17,452
4,284
4,1038
4,51
4,591
4,909
4,724
4,371
4,24
4,868
4,575
23,128
4,931
4,409
4,372
4,1075
17,506
17,1026
4,466
4,895
4,994
4,11
4,94
4,882
4,259
17,672
4,123
11,853
4,328
4,289
4,959
4,19
17,894
4,708
17,212
4,675
4,702
4,462
4,798
17,686
4,27
10,338
4,63
4,746
17,324
10,775
4,778
4,495
4,831
11,430
4,928
4,799
13,393
4,471
4,222
17,563
10,310
4,570
4,176
4,227
4,1046
4,161
4,8
4,100
4,849
4,125
4,912
4,685
4,209
4,129
4,105
4,1090
4,248
17,485
4,218
4,715
17,148
4,353
4,114
4,58
4,349
17,838
4,428
4,867
4,467
4,2
4,762
4,813
4,78
4,1005
4,924
4,990
4,619
3,343
4,433
4,933
13,856
4,663
