22,50
35,293
15,579
20,100
13,701
32,607
20,264
37,587
13,525
24,128
12,688
5,545
35,663
20,99
16,245
21,19
14,294
47,574
20,676
20,185
42,308
20,523
20,632
13,239
20,590
24,123
35,356
47,665
56,389
35,130
23,698
12,555
23,639
20,337
12,442
51,320
52,67
20,338
39,23
40,76
20,168
15,227
14,329
15,105
21,679
12,418
51,692
8,388
17,289
20,54
53,146
35,524
5,491
20,385
20,396
17,612
12,154
20,435
15,155
35,699
20,591
20,458
12,381
8,284
36,296
6,554
20,420
31,61
20,498
20,97
20,374
19,642
35,58
34,156
34,530
20,536
11,118
40,459
8,392
21,478
8,474
20,110
35,626
13,553
57,275
13,589
20,397
15,304
20,288
23,428
20,602
22,34
13,666
13,286
20,497
33,7
20,162
59,229
20,522
20,519
31,283
15,425
41,208
58,176
20,278
13,166
13,684
38,125
12,126
20,266
12,473
13,334
20,22
6,623
13,20
17,363
41,38
20,41
39,343
14,492
23,421
35,69
20,453
12,470
20,14
20,82
13,187
20,219
24,494
20,496
31,371
60,313
39,70
58,234
13,189
35,661
39,465
14,350
14,572
13,355
47,159
12,624
2,391
26,596
23,431
20,615
25,89
37,167
43,71
39,62
14,565
8,113
13,311
20,611
20,315
20,25
58,317
35,307
20,55
28,613
15,647
20,490
44,621
20,346
21,508
20,655
20,95
20,387
14,237
59,297
50,449
12,164
8,506
17,680
8,357
20,232
23,594
21,566
35,87
57,592
13,645
35,520
23,4
18,265
20,700
33,556
20,410
39,322
20,694
45,91
39,436
39,196
14,599
26,486
14,345
20,367
12,401
31,316
13,72
9,178
58,548
15,544
14,443
23,165
39,249
15,80
13,390
20,600
35,648
12,16
35,45
35,353
51,603
12,298
35,511
9,468
13,549
14,636
20,593
23,1
35,261
59,259
39,244
12,92
13,177
15,204
20,220
13,33
20,90
35,183
13,416
20,145
6,121
20,31
57,9
15,618
20,617
35,695
20,448
47,135
6,231
35,86
38,383
22,115
20,217
13,228
33,408
60,5
21,207
12,472
14,106
14,609
3,446
15,24
13,483
39,475
26,558
5,669
22,255
14,675
22,580
15,140
51,378
20,181
20,672
20,269
42,439
12,199
13,291
39,323
47,112
59,399
39,505
13,570
20,93
12,335
8,246
20,84
16,450
48,664
39,429
39,94
20,107
20,463
39,649
20,499
52,405
20,127
20,557
12,274
13,562
12,225
20,153
20,460
8,414
20,424
20,627
22,678
45,268
11,197
42,584
50,57
8,224
20,214
35,481
39,109
20,46
20,142
12,454
43,479
20,309
35,512
20,111
12,605
20,502
19,32
20,641
48,375
30,359
20,210
35,124
20,659
13,422
27,364
27,569
35,373
57,441
35,690
20,601
51,488
12,537
9,348
35,559
20,638
13,411
10,250
20,35
20,314
35,290
48,63
35,689
47,331
20,413
17,417
20,361
20,11
7,292
12,276
39,172
20,404
36,252
17,509
21,169
38,151
20,139
20,660
20,120
39,43
12,527
16,466
12,193
41,195
20,682
12,515
31,260
39,218
20,203
6,251
28,138
17,17
20,640
36,487
12,262
20,254
12,59
31,161
45,696
13,44
6,236
36,542
20,202
35,42
13,471
39,226
20,622
15,577
20,88
20,610
20,102
21,206
20,567
20,3
57,386
35,543
42,528
20,685
20,534
16,504
13,691
51,500
20,56
38,116
9,370
12,49
13,625
10,174
39,437
13,352
35,344
20,551
12,631
9,184
12,398
12,279
27,576
23,620
12,634
20,461
39,438
20,15
20,360
12,464
11,257
12,564
20,144
35,194
34,325
20,415
13,324
39,26
20,10
58,129
54,635
47,147
20,646
20,552
17,160
16,369
13,604
58,469
12,477
20,445
21,319
39,175
29,152
13,546
11,173
13,64
20,81
13,48
35,568
39,79
20,295
12,277
49,303
35,216
35,526
20,462
20,200
13,412
16,485
9,550
13,332
26,403
20,347
14,582
38,670
22,517
28,616
20,447
15,300
13,423
20,77
20,336
13,687
5,697
28,406
20,12
12,476
31,541
12,53
31,595
13,258
35,532
9,529
20,368
14,241
12,114
47,66
20,588
20,379
20,233
47,83
20,158
31,484
20,339
20,73
20,382
13,535
17,230
35,122
12,305
31,563
17,221
13,341
20,575
47,136
20,2
14,597
47,394
22,211
12,674
55,215
36,212
14,533
58,52
11,328
46,677
20,656
20,457
39,209
20,13
20,326
20,501
20,60
9,179
14,333
17,662
4,182
20,238
47,578
4,426
35,27
17,456
35,30
20,547
12,451
33,585
39,409
44,321
5,312
15,242
17,514
21,65
20,380
8,637
35,652
21,619
22,651
9,372
17,614
28,608
20,351
20,75
20,74
20,653
13,427
13,96
12,186
47,247
39,538
13,480
35,482
26,68
20,503
20,650
15,131
8,101
12,376
13,495
52,365
20,198
40,583
20,6
35,693
16,243
15,108
35,354
20,467
13,402
47,148
7,8
31,349
12,561
35,430
44,657
20,539
6,444
20,133
20,281
20,273
20,407
22,191
20,384
5,119
20,192
35,282
39,366
20,419
21,39
12,285
20,673
21,598
28,188
12,452
45,270
20,205
36,306
13,521
15,668
20,223
20,137
20,256
36,358
20,150
11,573
13,40
13,78
36,493
16,507
20,240
15,581
20,681
20,489
17,510
20,531
12,18
62,560
45,141
58,434
17,342
20,28
58,271
16,318
24,340
22,280
36,455
12,163
20,540
14,586
12,310
20,149
51,654
54,190
20,629
28,299
20,606
21,377
13,518
31,667
36,395
36,301
34,267
43,21
20,683
35,362
39,117
59,103
12,400
14,213
20,330
35,263
20,36
13,643
20,47
20,171
42,302
39,37
13,571
7,287
61,51
13,686
39,432
35,157
13,134
20,440
35,201
12,104
20,630
20,516
47,633
14,272
42,170
20,98
17,222
53,658
10,180
20,85
12,393
12,235
17,327
20,644
38,433
20,703
13,513
15,29
10,628
20,671
20,132
20,248
20,143
1,702
54,253
