33,50
49,293
23,579
28,100
21,701
44,607
31,264
52,587
21,525
36,128
17,688
5,545
49,663
31,99
24,245
32,19
22,294
65,574
31,676
31,185
58,308
31,523
31,632
21,239
31,590
36,123
50,356
67,665
76,389
50,130
34,698
18,555
34,639
31,337
19,442
71,320
72,67
31,338
54,23
55,76
31,168
23,227
22,329
23,105
32,679
18,418
71,692
11,388
25,289
31,54
73,146
49,524
5,491
31,385
31,396
25,612
18,154
31,435
23,155
49,699
31,591
31,458
19,381
11,284
51,296
7,554
31,420
43,61
31,498
31,97
31,374
27,642
49,58
47,156
47,530
31,536
16,118
56,459
10,392
32,478
11,474
31,110
49,626
21,553
77,275
21,589
29,397
23,304
31,288
34,428
28,602
33,34
21,666
21,286
30,497
45,7
31,162
80,229
31,522
31,519
43,283
23,425
57,208
79,176
31,278
21,166
21,684
53,125
18,126
31,266
18,473
21,334
31,22
8,623
21,20
25,363
57,38
31,41
54,343
22,492
34,421
49,69
31,453
18,470
31,14
31,82
21,187
31,219
35,494
31,496
43,371
82,313
54,70
79,234
21,189
49,661
54,465
22,350
22,572
21,355
65,159
18,624
2,391
38,596
34,431
31,615
37,89
52,167
59,71
54,62
22,565
11,113
20,311
31,611
31,315
31,25
79,317
49,307
31,55
40,613
23,647
31,490
60,621
29,346
32,508
31,655
31,95
31,387
22,237
80,297
70,449
17,164
11,506
25,680
11,357
31,232
34,594
32,566
49,87
77,592
21,645
49,520
34,4
26,265
31,700
45,556
31,410
54,322
31,694
62,91
54,436
54,196
22,599
38,486
22,345
28,367
18,401
43,316
21,72
13,178
79,548
23,544
22,443
34,165
54,249
23,80
21,390
31,600
49,648
18,16
49,45
49,353
71,603
18,298
49,511
13,468
21,549
22,636
31,593
34,1
49,261
80,259
54,244
18,92
20,177
23,204
31,220
21,33
31,90
49,183
21,416
29,145
6,121
31,31
77,9
23,618
29,617
49,695
31,448
66,135
8,231
48,86
53,383
33,115
31,217
21,228
45,408
82,5
32,207
19,472
22,106
22,609
3,446
23,24
21,483
54,475
38,558
5,669
33,255
22,675
33,580
23,140
71,378
31,181
28,672
31,269
58,439
18,199
21,291
54,323
67,112
80,399
54,505
20,570
31,93
17,335
10,246
31,84
24,450
68,664
54,429
54,94
31,107
31,463
54,649
31,499
72,405
31,127
31,557
19,274
21,562
17,225
31,153
31,460
10,414
31,424
29,627
33,678
63,268
15,197
58,584
70,57
10,224
31,214
49,481
54,109
31,46
31,142
18,454
59,479
31,309
48,512
31,111
19,605
31,502
27,32
31,641
68,375
42,359
31,210
48,124
28,659
21,422
39,364
39,569
49,373
78,441
49,690
31,601
71,488
19,537
12,348
49,559
31,638
21,411
14,250
31,35
31,314
49,290
68,63
49,689
67,331
31,413
25,417
28,361
31,11
9,292
19,276
54,172
31,404
51,252
25,509
32,169
53,151
31,139
31,660
29,120
54,43
18,527
24,466
17,193
57,195
31,682
18,515
43,260
54,218
28,203
8,251
40,138
25,17
31,640
51,487
18,262
31,254
18,59
43,161
61,696
21,44
6,236
51,542
31,202
49,42
21,471
54,226
31,622
23,577
29,88
31,610
31,102
32,206
31,567
31,3
77,386
49,543
58,528
31,685
31,534
24,504
21,691
71,500
28,56
53,116
12,370
17,49
21,625
14,174
54,437
21,352
50,344
28,551
19,631
13,184
19,398
18,279
39,576
34,620
19,634
31,461
54,438
31,15
31,360
18,464
16,257
18,564
31,144
50,194
47,325
31,415
21,324
54,26
31,10
79,129
74,635
67,147
31,646
28,552
25,160
24,369
21,604
79,469
18,477
31,445
32,319
54,175
41,152
21,546
15,173
21,64
29,81
21,48
50,568
54,79
31,295
18,277
69,303
50,216
49,526
31,462
31,200
20,412
24,485
13,550
21,332
38,403
31,347
22,582
53,670
33,517
40,616
31,447
23,300
21,423
31,77
31,336
21,687
5,697
40,406
31,12
18,476
43,541
18,53
43,595
21,258
49,532
13,529
28,368
22,241
18,114
66,66
31,588
31,379
31,233
66,83
31,158
43,484
31,339
31,73
31,382
21,535
25,230
49,122
18,305
43,563
25,221
21,341
29,575
66,136
31,2
22,597
66,394
33,211
18,674
75,215
51,212
22,533
79,52
15,328
64,677
31,656
28,457
54,209
31,13
31,326
31,501
31,60
13,179
22,333
25,662
4,182
31,238
66,578
4,426
49,27
25,456
49,30
31,547
18,451
46,585
54,409
60,321
5,312
23,242
25,514
32,65
31,380
11,637
50,652
32,619
33,651
12,372
25,614
40,608
31,351
31,75
31,74
28,653
21,427
21,96
19,186
65,247
54,538
20,480
49,482
38,68
31,503
29,650
23,131
11,101
18,376
21,495
72,365
31,198
55,583
31,6
49,693
24,243
23,108
49,354
31,467
21,402
66,148
9,8
43,349
18,561
50,430
60,657
31,539
7,444
31,133
31,281
31,273
29,407
33,191
29,384
5,119
31,192
49,282
54,366
28,419
32,39
18,285
31,673
32,598
40,188
18,452
61,270
31,205
51,306
21,521
23,668
31,223
31,137
31,256
51,358
31,150
15,573
21,40
21,78
51,493
24,507
31,240
23,581
31,681
31,489
25,510
31,531
18,18
84,560
62,141
79,434
25,342
31,28
79,271
24,318
35,340
33,280
51,455
19,163
31,540
22,586
18,310
31,149
71,654
74,190
28,629
40,299
31,606
32,377
21,518
43,667
51,395
51,301
47,267
59,21
30,683
49,362
54,117
81,103
18,400
22,213
31,330
49,263
31,36
21,643
31,47
31,171
58,302
54,37
21,571
9,287
83,51
21,686
54,432
49,157
21,134
31,440
49,201
18,104
31,630
29,516
66,633
22,272
58,170
31,98
25,222
73,658
14,180
31,85
19,393
18,235
25,327
31,644
53,433
28,703
21,513
23,29
14,628
31,671
31,132
28,248
31,143
1,702
74,253
