72,307
75,518
71,190
46,422
43,622
7,230
71,494
49,7
51,371
83,500
66,749
63,497
80,534
71,711
112,19
66,717
58,635
46,627
71,742
71,713
37,203
33,463
66,583
72,747
71,323
77,496
66,723
56,690
84,661
92,670
41,70
30,701
138,639
71,358
42,283
103,399
99,510
119,158
79,609
38,150
71,710
96,391
35,737
59,550
21,188
71,453
71,472
64,567
106,738
133,236
133,529
8,434
79,14
75,593
74,699
83,278
71,235
66,71
76,25
66,605
66,382
125,630
39,46
71,473
138,435
78,603
43,644
80,604
151,172
71,152
71,201
71,153
71,720
71,340
38,741
6,269
8,731
71,298
10,488
21,41
69,378
8,458
4,480
123,743
71,705
41,255
38,576
90,229
42,479
77,396
74,442
79,633
71,383
42,78
66,218
71,548
49,189
75,133
80,261
71,111
136,20
13,267
106,281
78,328
152,678
157,415
37,318
55,142
34,504
66,522
71,681
98,572
41,707
27,259
8,96
69,200
162,3
66,125
128,372
46,695
78,613
14,220
82,694
128,162
71,573
71,72
86,512
85,539
115,73
74,407
122,433
159,179
71,379
147,507
78,698
71,598
20,532
44,315
66,360
66,525
66,338
71,735
144,725
20,226
142,728
5,100
66,553
42,543
121,93
71,74
70,257
71,658
71,537
78,34
108,57
22,493
71,653
71,334
66,126
42,85
45,621
71,600
76,240
75,570
69,198
37,224
66,171
43,417
72,623
74,157
71,136
71,186
88,64
78,716
70,719
66,536
8,364
115,652
71,599
12,47
36,205
66,317
69,183
36,81
38,116
71,509
79,195
71,250
71,165
71,571
20,246
99,151
106,335
116,175
69,498
20,313
21,555
71,620
116,578
71,169
71,24
66,1
71,395
123,61
69,732
66,637
116,446
50,692
133,666
94,629
66,277
66,309
91,23
79,714
32,540
124,523
31,592
71,292
121,381
71,746
132,147
62,703
160,141
71,270
8,615
71,306
50,607
66,297
71,182
71,359
50,410
45,176
33,726
80,202
71,95
71,736
76,228
156,118
44,343
71,730
42,58
66,414
31,471
54,60
132,709
70,486
16,443
23,683
55,11
69,424
118,211
66,291
78,485
1,533
71,404
121,242
71,515
42,680
71,521
50,272
71,481
42,159
79,589
52,568
78,167
8,140
71,110
52,559
71,403
66,342
44,16
66,501
20,139
125,206
124,426
9,405
66,503
71,341
79,27
110,212
71,331
137,686
71,684
107,641
120,631
158,252
62,505
106,344
42,355
83,314
66,447
66,495
46,474
21,624
150,357
133,483
66,398
71,712
58,367
105,98
42,706
20,164
21,2
38,54
50,406
66,347
71,619
21,418
66,420
40,490
113,665
33,632
72,451
67,676
71,352
149,366
69,163
71,370
44,59
134,580
95,237
16,325
71,350
54,502
76,362
11,664
74,90
71,544
6,660
119,26
66,663
44,380
151,327
71,170
70,584
35,130
52,449
71,91
81,421
71,587
66,55
66,389
66,135
66,174
28,154
44,66
75,121
42,265
130,104
76,253
29,48
75,638
106,640
42,279
66,588
57,552
75,92
71,214
66,53
71,39
44,642
76,662
130,187
71,263
32,724
75,601
75,400
128,636
41,466
76,99
71,234
71,13
117,68
50,430
21,439
94,339
93,123
71,393
71,748
74,290
66,56
71,693
71,10
18,29
139,597
31,128
41,127
15,222
78,287
125,12
71,647
21,477
83,594
42,476
73,289
71,354
39,258
75,557
71,394
79,560
37,241
4,35
66,262
66,348
66,148
75,563
71,89
35,590
116,301
66,160
45,94
19,138
31,454
66,530
71,319
87,346
71,546
75,361
141,516
75,271
74,535
71,332
104,239
66,168
123,67
66,437
148,541
35,5
104,387
80,369
35,464
28,657
71,634
71,31
71,113
40,86
43,628
13,750
81,436
19,310
95,667
71,18
66,4
8,669
2,120
66,293
65,161
17,232
74,491
55,654
75,411
129,668
71,616
44,729
57,562
5,462
100,305
71,374
146,208
37,484
109,231
50,595
71,511
41,655
21,227
80,260
135,8
38,97
133,9
111,401
66,547
71,460
71,107
68,21
149,166
42,538
42,554
38,184
71,181
71,564
66,468
20,40
75,185
50,478
66,75
66,87
102,304
71,63
20,397
75,649
45,43
129,428
71,431
71,606
65,336
71,408
71,519
70,574
153,520
71,233
66,22
76,673
66,312
71,109
66,217
14,581
71,386
21,413
69,243
71,733
50,659
71,365
3,215
8,517
66,558
44,687
32,17
71,689
35,299
33,596
66,356
71,455
66,28
4,648
71,44
24,744
117,249
123,108
71,450
44,244
129,324
71,677
66,682
71,650
44,337
71,264
71,268
37,700
71,561
66,674
43,32
127,351
71,651
77,345
131,432
44,114
37,551
71,173
121,416
71,672
26,88
79,444
71,115
36,77
72,82
94,225
42,177
58,514
66,266
42,52
53,276
50,611
42,625
38,79
3,102
17,438
71,180
66,326
108,708
71,524
69,402
71,83
71,645
33,146
101,456
71,565
120,513
72,685
97,76
76,329
31,585
101,6
71,506
74,122
6,388
143,322
74,247
79,445
66,254
42,608
21,375
66,465
71,392
42,591
50,303
58,197
84,308
71,45
71,80
71,508
79,727
116,294
71,702
71,721
71,273
35,137
66,489
21,302
71,144
155,191
9,196
126,482
71,643
134,448
66,566
47,618
118,715
17,384
75,412
72,440
71,156
71,526
71,248
68,722
9,691
123,531
71,452
41,492
66,349
71,363
66,675
75,119
71,368
41,124
71,740
79,274
66,62
64,390
71,612
79,542
66,275
79,216
17,256
71,219
5,549
131,149
42,688
56,577
35,285
52,131
61,425
71,204
71,626
45,528
50,84
94,469
41,51
71,753
31,209
77,296
71,50
79,221
74,245
77,646
75,545
66,671
40,614
48,320
46,467
71,282
134,101
89,194
33,199
60,602
128,207
75,409
54,178
71,129
106,251
66,617
71,527
52,373
66,330
66,38
6,15
66,470
58,311
121,704
58,739
71,49
129,679
66,745
83,103
71,353
71,193
140,288
154,429
71,423
71,300
52,284
71,36
21,487
66,280
114,461
71,569
75,155
71,112
4,718
66,579
71,734
71,37
75,192
71,457
66,210
17,656
71,556
71,376
98,321
71,441
71,42
20,582
25,575
71,30
79,213
71,377
66,33
21,65
71,385
50,419
66,696
71,69
66,333
31,105
97,316
71,475
66,295
71,499
71,697
106,134
128,459
71,427
71,586
71,145
59,143
106,751
66,238
71,610
83,106
71,132
40,286
145,223
161,752
133,117
