11,564
30,532
30,151
30,452
30,372
24,475
15,422
30,539
24,476
54,88
54,593
30,210
30,507
30,78
12,596
30,65
30,509
48,220
24,99
24,165
28,279
30,84
30,196
26,310
54,406
30,521
53,296
32,12
30,79
30,407
30,16
34,303
30,558
30,23
30,625
11,392
24,340
54,4
30,216
55,365
3,209
7,515
30,56
30,437
30,562
30,234
54,120
14,546
54,627
15,351
30,495
30,371
30,529
15,344
17,395
30,439
30,145
30,149
10,277
11,519
11,482
11,161
25,300
47,366
30,110
30,584
28,606
30,187
30,350
38,294
24,308
11,53
11,347
32,283
26,43
45,213
53,607
30,360
30,173
34,223
30,465
30,45
30,585
30,413
30,536
24,218
7,158
30,321
30,200
24,621
11,569
30,81
34,224
47,111
34,66
38,493
30,114
51,46
30,178
54,212
37,113
47,487
17,469
30,89
24,115
50,13
36,135
30,333
54,8
30,500
30,597
24,97
30,555
30,228
30,592
29,44
30,280
28,622
22,603
30,5
1,259
54,570
14,57
17,619
11,22
43,17
30,510
37,3
30,561
45,69
34,324
11,260
14,553
22,383
30,281
30,291
30,82
11,26
11,479
3,602
37,342
55,315
11,85
14,363
30,236
36,30
7,498
50,29
30,225
30,524
30,313
8,468
17,573
56,198
34,626
31,444
28,580
30,238
34,335
30,533
30,289
23,176
30,586
11,245
30,591
11,249
30,471
30,599
1,168
1,620
11,33
30,528
30,282
15,401
11,192
30,269
39,35
30,51
54,2
16,298
24,136
17,214
29,385
25,560
22,359
11,292
30,615
19,484
11,550
47,257
14,480
30,429
34,556
16,92
7,425
30,117
11,409
30,322
26,554
30,472
11,450
30,445
11,514
54,325
18,263
27,217
38,527
26,68
30,604
30,440
24,14
30,160
30,104
30,587
29,577
30,456
30,108
30,631
54,448
30,629
39,618
34,301
30,581
30,39
30,497
24,58
11,364
30,397
24,163
1,424
30,458
11,339
17,382
30,150
11,361
30,31
11,457
30,540
24,582
49,567
4,172
24,490
15,434
1,83
30,253
15,346
24,415
24,129
30,511
34,52
1,594
1,167
30,202
24,34
11,137
1,605
30,231
23,127
30,600
30,537
32,410
39,544
30,288
34,116
22,305
24,183
40,215
11,595
30,338
21,156
34,508
34,157
11,21
24,118
24,461
7,67
30,75
24,624
30,24
30,428
30,199
30,208
30,206
51,502
25,28
34,261
24,74
30,278
30,19
34,247
30,394
30,90
17,20
30,473
23,9
30,489
9,275
30,37
24,226
30,357
30,6
54,229
30,266
11,248
29,86
33,504
51,105
30,571
54,242
30,112
24,417
34,311
30,299
21,254
30,274
54,535
11,181
9,464
25,211
1,71
30,370
30,393
11,513
30,408
30,389
11,486
5,334
50,287
9,239
52,427
11,184
1,285
30,319
24,63
30,566
51,387
51,551
29,542
30,270
30,447
15,531
30,314
11,265
30,185
8,119
30,134
30,549
51,380
49,295
30,258
30,162
1,193
56,250
11,286
11,430
11,93
24,572
15,222
30,95
30,377
30,271
9,155
30,412
30,264
30,272
30,462
14,557
17,159
3,131
24,312
30,80
30,32
7,290
12,390
33,579
7,306
34,375
1,608
55,388
23,496
15,146
30,107
30,399
11,207
30,518
1,70
25,96
35,101
24,559
34,128
14,141
30,177
24,221
24,262
30,609
47,474
30,267
17,483
36,543
10,188
30,354
1,491
11,1
42,268
17,189
30,326
30,416
24,598
30,197
30,73
54,235
34,125
30,203
13,435
30,227
11,494
24,61
11,91
11,355
50,304
11,530
30,545
15,421
30,526
30,132
49,432
25,588
26,139
30,610
34,523
46,438
11,171
17,481
30,419
11,166
17,384
30,317
11,62
30,175
30,60
17,232
54,630
17,343
30,454
30,418
47,449
21,164
30,186
11,138
30,520
56,201
30,331
55,72
11,143
9,403
30,255
30,576
30,237
17,517
54,36
28,273
34,356
43,616
24,323
30,15
54,374
50,485
30,601
30,613
1,414
30,362
30,318
24,522
40,455
30,329
30,297
10,506
44,512
30,400
30,59
11,477
30,345
40,501
30,568
12,152
24,195
30,376
1,147
24,276
30,42
11,373
54,87
30,628
11,293
30,534
35,525
30,611
30,552
17,405
30,590
8,182
32,436
17,441
24,443
1,503
10,433
30,398
31,368
30,55
30,459
30,233
10,103
24,617
30,124
30,538
6,153
11,499
38,205
30,180
11,194
30,50
9,341
11,54
30,381
17,423
11,243
30,548
30,174
30,246
11,7
21,358
30,133
30,123
17,144
24,367
30,191
30,391
17,48
30,505
30,332
54,488
21,121
20,386
30,320
11,170
30,252
49,589
15,256
22,378
30,470
21,244
17,402
30,251
30,352
30,169
30,230
34,632
30,369
37,41
30,140
30,612
30,327
54,241
30,516
53,49
25,122
30,563
8,541
30,492
30,316
24,302
34,411
30,11
41,442
54,623
11,575
30,109
55,219
34,614
30,204
30,100
30,179
51,38
30,460
30,25
30,466
30,309
11,47
1,10
17,578
30,633
30,40
30,379
30,453
29,142
30,77
30,565
11,27
30,353
30,451
13,154
30,148
30,420
30,328
30,106
30,467
30,349
35,240
39,426
11,547
17,583
3,307
13,337
54,348
30,284
11,98
17,336
30,330
30,94
30,396
30,446
30,190
54,64
26,102
30,18
30,126
30,463
7,478
30,76
11,130
30,431
2,404
55,574
