6,564
13,532
13,151
13,452
13,372
11,475
7,422
13,539
11,476
29,88
29,593
13,210
13,507
13,78
6,596
13,65
13,509
24,220
11,99
11,165
13,279
13,84
13,196
12,310
29,406
13,521
28,296
14,12
13,79
13,407
13,16
15,303
13,558
13,23
13,625
6,392
11,340
29,4
13,216
29,365
2,209
5,515
13,56
13,437
13,562
13,234
29,120
7,546
29,627
7,351
13,495
13,371
13,529
7,344
8,395
13,439
13,145
13,149
5,277
6,519
6,482
6,161
11,300
24,366
13,110
13,584
13,606
13,187
13,350
17,294
11,308
6,53
6,347
14,283
12,43
22,213
28,607
13,360
13,173
15,223
13,465
13,45
13,585
13,413
13,536
11,218
5,158
13,321
13,200
11,621
6,569
13,81
15,224
24,111
15,66
17,493
13,114
26,46
13,178
29,212
17,113
24,487
8,469
13,89
11,115
25,13
16,135
13,333
29,8
13,500
13,597
11,97
13,555
13,228
13,592
13,44
13,280
13,622
10,603
13,5
1,259
29,570
7,57
8,619
6,22
22,17
13,510
17,3
13,561
22,69
15,324
6,260
7,553
10,383
13,281
13,291
13,82
6,26
6,479
2,602
17,342
29,315
6,85
7,363
13,236
16,30
5,498
25,29
13,225
13,524
13,313
5,468
8,573
30,198
15,626
13,444
13,580
13,238
15,335
13,533
13,289
10,176
13,586
6,245
13,591
6,249
13,471
13,599
1,168
1,620
6,33
13,528
13,282
7,401
6,192
13,269
18,35
13,51
29,2
8,298
11,136
8,214
13,385
11,560
10,359
6,292
13,615
9,484
6,550
24,257
7,480
13,429
15,556
8,92
5,425
13,117
6,409
13,322
12,554
13,472
6,450
13,445
6,514
29,325
8,263
12,217
17,527
12,68
13,604
13,440
11,14
13,160
13,104
13,587
13,577
13,456
13,108
13,631
29,448
13,629
18,618
15,301
13,581
13,39
13,497
11,58
6,364
13,397
11,163
1,424
13,458
6,339
8,382
13,150
6,361
13,31
6,457
13,540
11,582
25,567
3,172
11,490
7,434
1,83
13,253
7,346
11,415
11,129
13,511
15,52
1,594
1,167
13,202
11,34
6,137
1,605
13,231
10,127
13,600
13,537
14,410
18,544
13,288
15,116
10,305
11,183
19,215
6,595
13,338
10,156
15,508
15,157
6,21
11,118
11,461
5,67
13,75
11,624
13,24
13,428
13,199
13,208
13,206
26,502
11,28
15,261
11,74
13,278
13,19
15,247
13,394
13,90
8,20
13,473
10,9
13,489
5,275
13,37
11,226
13,357
13,6
29,229
13,266
6,248
13,86
15,504
26,105
13,571
29,242
13,112
11,417
15,311
13,299
10,254
13,274
29,535
6,181
5,464
11,211
1,71
13,370
13,393
6,513
13,408
13,389
6,486
3,334
25,287
5,239
27,427
6,184
1,285
13,319
11,63
13,566
26,387
26,551
13,542
13,270
13,447
7,531
13,314
6,265
13,185
5,119
13,134
13,549
26,380
25,295
13,258
13,162
1,193
30,250
6,286
6,430
6,93
11,572
7,222
13,95
13,377
13,271
5,155
13,412
13,264
13,272
13,462
7,557
8,159
2,131
11,312
13,80
13,32
5,290
6,390
15,579
5,306
15,375
1,608
29,388
10,496
7,146
13,107
13,399
6,207
13,518
1,70
11,96
15,101
11,559
15,128
7,141
13,177
11,221
11,262
13,609
24,474
13,267
8,483
16,543
5,188
13,354
1,491
6,1
21,268
8,189
13,326
13,416
11,598
13,197
13,73
29,235
15,125
13,203
6,435
13,227
6,494
11,61
6,91
6,355
25,304
6,530
13,545
7,421
13,526
13,132
25,432
11,588
12,139
13,610
15,523
23,438
6,171
8,481
13,419
6,166
8,384
13,317
6,62
13,175
13,60
8,232
29,630
8,343
13,454
13,418
24,449
10,164
13,186
6,138
13,520
30,201
13,331
29,72
6,143
5,403
13,255
13,576
13,237
8,517
29,36
13,273
15,356
22,616
11,323
13,15
29,374
25,485
13,601
13,613
1,414
13,362
13,318
11,522
19,455
13,329
13,297
5,506
22,512
13,400
13,59
6,477
13,345
19,501
13,568
6,152
11,195
13,376
1,147
11,276
13,42
6,373
29,87
13,628
6,293
13,534
15,525
13,611
13,552
8,405
13,590
5,182
14,436
8,441
11,443
1,503
5,433
13,398
13,368
13,55
13,459
13,233
5,103
11,617
13,124
13,538
4,153
6,499
17,205
13,180
6,194
13,50
5,341
6,54
13,381
8,423
6,243
13,548
13,174
13,246
6,7
10,358
13,133
13,123
8,144
11,367
13,191
13,391
8,48
13,505
13,332
29,488
10,121
9,386
13,320
6,170
13,252
25,589
7,256
10,378
13,470
10,244
8,402
13,251
13,352
13,169
13,230
15,632
13,369
17,41
13,140
13,612
13,327
29,241
13,516
28,49
11,122
13,563
5,541
13,492
13,316
11,302
15,411
13,11
20,442
29,623
6,575
13,109
29,219
15,614
13,204
13,100
13,179
26,38
13,460
13,25
13,466
13,309
6,47
1,10
8,578
13,633
13,40
13,379
13,453
13,142
13,77
13,565
6,27
13,353
13,451
6,154
13,148
13,420
13,328
13,106
13,467
13,349
15,240
18,426
6,547
8,583
2,307
6,337
29,348
13,284
6,98
8,336
13,330
13,94
13,396
13,446
13,190
29,64
12,102
13,18
13,126
13,463
5,478
13,76
6,130
13,431
1,404
29,574
