63,50
92,293
39,579
49,100
34,701
84,607
56,264
100,587
34,525
71,128
23,688
5,545
94,663
57,99
41,245
61,19
35,294
123,574
56,676
57,185
111,308
57,523
56,632
34,239
58,590
72,123
95,356
127,665
144,389
95,130
67,698
26,555
69,639
56,337
29,442
132,320
137,67
57,338
105,23
107,76
57,168
38,227
36,329
38,105
60,679
25,418
133,692
14,388
45,289
56,54
140,146
92,524
5,491
56,385
59,396
44,612
25,154
56,435
38,155
94,699
56,591
58,458
29,381
13,284
96,296
8,554
56,420
83,61
57,498
57,97
58,374
47,642
92,58
87,156
87,530
56,536
22,118
109,459
12,392
62,478
13,474
57,110
92,626
33,553
145,275
34,589
52,397
37,304
58,288
69,428
50,602
65,34
33,666
33,286
53,497
85,7
56,162
149,229
56,522
56,519
83,283
39,425
110,208
147,176
56,278
34,166
33,684
102,125
25,126
56,266
26,473
34,334
58,22
10,623
34,20
44,363
110,38
56,41
105,343
36,492
67,421
92,69
56,453
26,470
57,14
57,82
32,187
56,219
70,494
56,496
83,371
153,313
105,70
147,234
34,189
92,661
106,465
35,350
36,572
34,355
123,159
25,624
2,391
74,596
66,431
56,615
73,89
100,167
114,71
106,62
36,565
13,113
31,311
56,611
56,315
56,25
147,317
92,307
57,55
77,613
38,647
56,490
116,621
51,346
62,508
57,655
58,95
56,387
36,237
149,297
131,449
23,164
13,506
45,680
13,357
57,232
68,594
62,566
90,87
145,592
34,645
90,520
66,4
46,265
56,700
85,556
57,410
105,322
57,694
120,91
105,436
105,196
36,599
74,486
36,345
50,367
25,401
81,316
34,72
16,178
147,548
38,544
35,443
68,165
104,249
39,80
34,390
57,600
93,648
26,16
92,45
92,353
134,603
25,298
92,511
16,468
34,549
35,636
57,593
68,1
92,261
150,259
106,244
25,92
30,177
37,204
56,220
34,33
56,90
92,183
34,416
52,145
7,121
57,31
145,9
38,618
51,617
90,695
56,448
126,135
9,231
89,86
102,383
65,115
56,217
33,228
85,408
152,5
62,207
29,472
35,106
36,609
3,446
38,24
34,483
106,475
74,558
6,669
65,255
35,675
65,580
38,140
135,378
56,181
49,672
57,269
111,439
25,199
34,291
104,323
127,112
149,399
105,505
30,570
56,93
23,335
12,246
57,84
41,450
129,664
105,429
105,94
57,107
56,463
105,649
56,499
138,405
56,127
56,557
29,274
34,562
23,225
56,153
56,460
12,414
56,424
51,627
64,678
121,268
20,197
113,584
131,57
12,224
56,214
92,481
104,109
58,46
56,142
26,454
114,479
58,309
88,512
57,111
29,605
58,502
47,32
58,641
128,375
80,359
56,210
88,124
50,659
34,422
75,364
75,569
94,373
146,441
92,690
56,601
134,488
28,537
15,348
90,559
57,638
33,411
19,250
56,35
56,314
92,290
128,63
92,689
127,331
57,413
45,417
48,361
54,11
11,292
29,276
105,172
57,404
98,252
45,509
60,169
103,151
57,139
56,660
52,120
106,43
26,527
42,466
23,193
110,195
57,682
27,515
82,260
105,218
48,203
9,251
77,138
44,17
57,640
96,487
27,262
56,254
26,59
83,161
118,696
34,44
7,236
96,542
56,202
92,42
34,471
105,226
56,622
40,577
51,88
56,610
56,102
62,206
58,567
56,3
145,386
92,543
112,528
56,685
56,534
41,504
34,691
134,500
48,56
101,116
15,370
24,49
32,625
18,174
105,437
34,352
95,344
49,551
29,631
17,184
28,398
25,279
75,576
66,620
28,634
56,461
105,438
56,15
57,360
27,464
22,257
25,564
57,144
95,194
87,325
56,415
33,324
105,26
58,10
147,129
141,635
127,147
56,646
50,552
45,160
41,369
34,604
147,469
27,477
56,445
62,319
105,175
79,152
34,546
20,173
34,64
51,81
33,48
95,568
105,79
57,295
25,277
130,303
95,216
93,526
56,462
56,200
31,412
41,485
16,550
33,332
74,403
57,347
36,582
101,670
64,517
76,616
57,447
38,300
34,423
57,77
56,336
34,687
5,697
76,406
56,12
26,476
83,541
25,53
83,595
34,258
92,532
17,529
48,368
35,241
27,114
125,66
55,588
56,379
57,233
126,83
57,158
82,484
57,339
56,73
56,382
33,535
44,230
94,122
26,305
83,563
43,221
33,341
51,575
126,136
54,2
36,597
124,394
64,211
26,674
143,215
96,212
35,533
148,52
21,328
122,677
57,656
49,457
106,209
57,13
56,326
56,501
56,60
16,179
36,333
43,662
4,182
56,238
124,578
4,426
92,27
43,456
92,30
56,547
27,451
86,585
105,409
116,321
5,312
38,242
43,514
62,65
56,380
13,637
95,652
62,619
64,651
15,372
45,614
77,608
56,351
56,75
56,74
49,653
32,427
34,96
29,186
123,247
105,538
30,480
92,482
74,68
58,503
52,650
39,131
14,101
27,376
33,495
136,365
57,198
108,583
56,6
92,693
41,243
37,108
90,354
56,467
34,402
126,148
11,8
81,349
25,561
95,430
117,657
56,539
8,444
56,133
56,281
56,273
52,407
63,191
52,384
6,119
58,192
92,282
105,366
50,419
61,39
27,285
56,673
60,598
78,188
26,452
119,270
56,205
99,306
34,521
39,668
58,223
56,137
55,256
97,358
58,150
21,573
34,40
34,78
96,493
41,507
54,240
37,581
57,681
58,489
45,510
56,531
25,18
155,560
120,141
148,434
45,342
56,28
148,271
41,318
70,340
64,280
96,455
29,163
56,540
35,586
26,310
56,149
132,654
141,190
49,629
77,299
55,606
61,377
33,518
83,667
96,395
96,301
87,267
115,21
53,683
91,362
105,117
151,103
27,400
36,213
57,330
90,263
56,36
33,643
56,47
56,171
112,302
106,37
34,571
11,287
154,51
34,686
105,432
92,157
34,134
56,440
91,201
25,104
56,630
51,516
125,633
35,272
111,170
57,98
43,222
139,658
19,180
56,85
28,393
27,235
43,327
56,644
102,433
50,703
34,513
38,29
18,628
56,671
56,132
49,248
56,143
1,702
142,253
