109,50
151,293
66,579
81,100
53,701
138,607
98,264
167,587
52,525
120,128
35,688
7,545
157,663
100,99
69,245
105,19
57,294
194,574
99,676
100,185
181,308
100,523
99,632
54,239
102,590
121,123
159,356
200,665
221,389
161,130
114,698
39,555
117,639
97,337
45,442
208,320
213,67
100,338
174,23
176,76
100,168
64,227
60,329
63,105
104,679
38,418
209,692
21,388
75,289
99,54
216,146
152,524
6,491
99,385
103,396
73,612
37,154
99,435
63,155
156,699
99,591
102,458
46,381
20,284
162,296
11,554
99,420
136,61
100,498
100,97
102,374
77,642
151,58
142,156
142,530
99,536
33,118
178,459
18,392
106,478
20,474
100,110
151,626
50,553
222,275
52,589
89,397
62,304
102,288
117,428
83,602
112,34
50,666
50,286
90,497
139,7
99,162
229,229
99,522
99,519
136,283
65,425
180,208
225,176
99,278
53,166
51,684
171,125
38,126
99,266
39,473
56,334
102,22
14,623
52,20
72,363
179,38
99,41
174,343
59,492
114,421
151,69
99,453
39,470
100,14
100,82
49,187
99,219
119,494
99,496
136,371
233,313
174,70
225,234
52,189
151,661
175,465
57,350
59,572
55,355
195,159
38,624
2,391
124,596
113,431
99,615
122,89
168,167
184,71
175,62
59,565
19,113
48,311
99,611
99,315
99,25
225,317
151,307
101,55
128,613
63,647
98,490
186,621
85,346
107,508
100,655
102,95
99,387
59,237
228,297
207,449
35,164
19,506
75,680
19,357
100,232
115,594
107,566
147,87
222,592
55,645
147,520
113,4
76,265
99,700
139,556
100,410
174,322
101,694
191,91
174,436
174,196
60,599
124,486
60,345
82,367
37,401
134,316
55,72
23,178
225,548
64,544
58,443
115,165
173,249
65,80
53,390
100,600
154,648
39,16
151,45
150,353
210,603
38,298
151,511
24,468
52,549
58,636
100,593
116,1
151,261
230,259
175,244
37,92
47,177
61,204
99,220
53,33
98,90
151,183
52,416
88,145
9,121
101,31
223,9
63,618
86,617
148,695
99,448
198,135
12,231
146,86
170,383
112,115
99,217
50,228
140,408
232,5
108,207
45,472
57,106
59,609
3,446
63,24
54,483
175,475
123,558
8,669
112,255
58,675
112,580
63,140
211,378
99,181
81,672
100,269
181,439
37,199
55,291
173,323
201,112
228,399
174,505
47,570
97,93
35,335
18,246
100,84
68,450
204,664
174,429
174,94
100,107
99,463
174,649
97,499
214,405
97,127
99,557
46,274
55,562
35,225
99,153
99,460
18,414
99,424
86,627
111,678
192,268
30,197
183,584
206,57
18,224
97,214
151,481
173,109
102,46
99,142
39,454
184,479
102,309
145,512
100,111
45,605
102,502
77,32
102,641
203,375
132,359
99,210
145,124
83,659
55,422
125,364
125,569
157,373
224,441
153,690
99,601
210,488
44,537
22,348
147,559
100,638
50,411
29,250
99,35
99,314
151,290
202,63
151,689
200,331
100,413
75,417
78,361
92,11
16,292
45,276
174,172
101,404
165,252
75,509
104,169
172,151
101,139
99,660
88,120
175,43
39,527
70,466
35,193
179,195
100,682
41,515
135,260
174,218
78,203
13,251
128,138
72,17
100,640
163,487
42,262
99,254
39,59
137,161
188,696
55,44
10,236
162,542
99,202
151,42
52,471
174,226
99,622
67,577
86,88
99,610
99,102
106,206
102,567
99,3
222,386
151,543
182,528
99,685
97,534
68,504
56,691
210,500
78,56
169,116
22,370
36,49
49,625
26,174
174,437
53,352
158,344
79,551
45,631
25,184
43,398
37,279
125,576
113,620
43,634
99,461
174,438
99,15
100,360
41,464
34,257
37,564
100,144
159,194
144,325
97,415
50,324
174,26
102,10
225,129
217,635
200,147
99,646
82,552
75,160
68,369
55,604
225,469
42,477
99,445
107,319
174,175
131,152
54,546
31,173
52,64
85,81
50,48
158,568
174,79
100,295
38,277
205,303
160,216
155,526
99,462
99,200
48,412
68,485
23,550
51,332
123,403
101,347
60,582
169,670
111,517
127,616
100,447
64,300
53,423
100,77
99,336
54,687
7,697
126,406
99,12
39,476
136,541
38,53
136,595
54,258
151,532
25,529
78,368
57,241
40,114
197,66
96,588
99,379
100,233
198,83
100,158
135,484
100,339
97,73
99,382
51,535
73,230
156,122
39,305
136,563
71,221
50,341
84,575
198,136
94,2
59,597
196,394
111,211
39,674
220,215
162,212
58,533
226,52
32,328
193,677
100,656
81,457
175,209
100,13
99,326
99,501
99,60
24,179
60,333
71,662
4,182
99,238
196,578
5,426
150,27
71,456
151,30
99,547
40,451
141,585
174,409
186,321
6,312
64,242
71,514
107,65
99,380
19,637
158,652
107,619
110,651
22,372
74,614
129,608
97,351
99,75
99,74
80,653
49,427
54,96
45,186
194,247
174,538
47,480
151,482
123,68
102,503
87,650
65,131
21,101
41,376
50,495
212,365
101,198
177,583
99,6
151,693
68,243
61,108
148,354
99,467
55,402
199,148
15,8
133,349
37,561
158,430
187,657
99,539
11,444
97,133
99,281
99,273
89,407
109,191
87,384
8,119
102,192
151,282
174,366
82,419
105,39
40,285
97,673
104,598
130,188
39,452
189,270
99,205
166,306
53,521
65,668
102,223
99,137
95,256
164,358
102,150
32,573
52,40
52,78
163,493
68,507
93,240
61,581
100,681
102,489
75,510
97,531
37,18
235,560
190,141
226,434
74,342
99,28
227,271
68,318
118,340
110,280
162,455
45,163
99,540
57,586
39,310
99,149
208,654
218,190
81,629
129,299
95,606
105,377
51,518
136,667
163,395
162,301
143,267
185,21
91,683
149,362
174,117
231,103
41,400
59,213
101,330
147,263
99,36
50,643
99,47
97,171
182,302
175,37
54,571
17,287
234,51
55,686
174,432
151,157
54,134
99,440
149,201
37,104
99,630
84,516
197,633
58,272
181,170
100,98
71,222
215,658
28,180
99,85
44,393
40,235
71,327
99,644
170,433
83,703
52,513
63,29
27,628
99,671
99,132
81,248
99,143
1,702
219,253
