7,13
12,442
7,83
7,295
2,248
7,271
7,92
25,108
19,202
7,63
7,249
7,117
7,504
7,393
7,561
7,321
7,499
7,211
7,156
7,115
7,490
7,180
24,178
37,472
36,562
4,522
7,198
7,389
7,199
7,443
23,146
12,96
7,39
7,125
37,18
7,151
37,290
7,330
7,87
7,33
7,148
7,200
7,195
7,101
34,19
7,560
7,59
37,300
25,568
7,56
7,571
25,564
7,325
7,419
7,15
7,139
7,501
7,174
7,299
7,261
7,528
7,536
7,401
14,279
7,44
7,276
7,143
7,489
7,109
7,418
7,291
7,349
32,386
7,40
7,530
17,238
7,46
7,545
7,467
7,245
23,404
7,244
7,378
7,29
7,67
3,252
7,274
7,574
7,89
24,516
14,293
7,327
7,283
7,533
14,119
7,370
38,458
7,68
7,88
37,465
7,285
7,227
14,331
7,50
37,7
11,237
13,557
7,303
7,317
7,449
7,144
7,339
26,188
7,537
7,413
7,3
7,230
30,166
7,394
34,155
37,20
12,372
7,240
36,366
7,203
7,583
7,513
7,11
37,487
37,258
7,269
9,579
7,322
28,414
7,53
37,152
26,556
37,255
7,131
19,243
7,420
7,368
7,221
7,428
37,553
7,316
37,491
7,278
28,65
7,286
7,55
7,233
7,78
7,215
7,205
7,254
41,409
10,532
27,494
12,69
7,51
31,448
8,423
7,266
7,512
7,567
37,481
7,171
7,326
7,460
7,34
33,228
13,466
7,391
34,430
37,94
37,196
7,14
1,62
7,367
37,85
13,114
1,190
2,297
7,566
7,197
7,492
7,546
7,432
7,17
37,505
36,98
27,153
27,441
7,488
7,426
7,82
7,123
7,523
7,559
34,102
7,577
7,425
18,187
7,485
7,270
7,439
14,495
7,581
40,400
7,476
14,586
36,582
7,515
7,79
4,507
7,236
7,584
5,585
7,410
7,306
15,218
7,304
7,38
14,264
35,578
7,496
7,21
12,74
7,379
7,84
13,315
7,344
28,207
7,61
7,360
7,161
7,540
7,555
7,334
36,453
37,93
7,470
7,422
7,259
7,329
7,445
7,30
7,12
7,47
10,10
7,455
25,575
7,169
7,75
7,164
16,484
7,345
7,314
7,347
7,301
6,373
10,446
7,380
36,570
7,362
7,313
7,294
7,355
7,337
7,231
15,58
7,142
7,440
10,22
7,563
17,569
7,526
7,268
37,165
24,376
7,214
7,28
13,60
7,552
7,424
7,220
37,408
41,57
7,1
7,310
7,309
7,308
7,551
7,403
37,333
7,128
36,451
7,377
7,381
7,421
2,77
7,27
7,209
5,6
7,104
5,371
7,170
7,311
7,267
7,127
10,292
7,256
7,474
7,412
7,186
7,235
28,54
33,398
7,239
7,547
7,99
2,110
15,572
7,287
7,340
7,66
10,223
7,135
7,396
7,41
36,116
7,411
7,438
7,111
21,189
7,541
7,224
7,250
7,42
37,415
36,479
7,549
7,454
7,168
7,36
7,358
28,80
7,346
29,141
37,539
41,406
7,511
38,43
7,217
7,356
37,70
7,246
30,126
7,353
32,529
7,112
36,150
38,343
4,500
7,508
7,335
7,133
17,71
7,282
7,417
7,473
7,320
37,247
36,514
7,72
7,431
7,427
7,405
7,4
7,206
18,260
4,390
3,16
19,273
7,338
23,154
30,185
7,464
7,395
7,475
32,163
7,263
7,312
7,328
7,251
4,158
7,275
37,132
7,565
7,219
35,307
7,305
7,262
7,32
7,122
32,2
7,229
7,160
7,502
7,558
7,573
7,456
7,106
7,26
15,383
7,365
7,216
7,517
7,503
7,397
7,384
7,86
7,534
7,5
7,184
7,435
7,302
32,554
7,323
7,183
7,179
37,64
37,542
2,208
21,103
37,95
7,548
7,225
7,212
7,461
7,91
7,182
37,284
7,232
7,173
32,107
7,531
7,222
32,521
7,518
21,416
7,272
7,324
7,257
11,277
17,525
7,76
37,369
7,480
14,457
22,204
36,382
7,520
7,49
7,8
7,497
37,543
32,527
7,52
24,253
7,23
7,281
7,471
7,90
7,509
33,538
37,137
7,113
17,159
7,193
42,194
20,348
7,149
7,134
20,234
7,318
7,462
7,506
7,580
7,436
7,336
35,452
7,31
7,81
7,387
25,140
39,9
7,385
7,483
7,486
12,350
4,130
7,177
7,341
22,576
7,433
7,129
26,288
32,524
7,181
7,176
7,437
7,399
7,296
7,588
4,544
15,191
37,121
18,48
15,138
7,24
7,434
37,374
17,37
7,535
25,100
7,550
7,444
7,136
15,459
7,478
7,468
2,105
37,145
7,351
7,167
26,35
7,242
7,147
7,357
14,519
25,280
37,298
7,192
7,332
7,342
14,463
7,241
37,363
7,124
7,375
7,25
2,265
7,213
7,226
7,493
12,402
7,201
7,175
7,45
7,120
7,172
7,319
9,477
7,354
7,97
7,364
7,407
7,510
7,73
7,429
12,469
7,447
7,361
37,450
7,392
7,359
7,118
22,388
7,162
7,352
7,289
7,157
7,210
7,498
43,482
37,587
