1,13
1,442
1,83
1,295
1,248
1,271
1,92
4,108
3,202
1,63
1,249
1,117
1,504
1,393
1,561
1,321
1,499
1,211
1,156
1,115
1,490
1,180
4,178
9,472
9,562
1,522
1,198
1,389
1,199
1,443
3,146
1,96
1,39
1,125
9,18
1,151
9,290
1,330
1,87
1,33
1,148
1,200
1,195
1,101
9,19
1,560
1,59
9,300
4,568
1,56
1,571
4,564
1,325
1,419
1,15
1,139
1,501
1,174
1,299
1,261
1,528
1,536
1,401
2,279
1,44
1,276
1,143
1,489
1,109
1,418
1,291
1,349
8,386
1,40
1,530
2,238
1,46
1,545
1,467
1,245
3,404
1,244
1,378
1,29
1,67
1,252
1,274
1,574
1,89
4,516
2,293
1,327
1,283
1,533
2,119
1,370
9,458
1,68
1,88
9,465
1,285
1,227
2,331
1,50
9,7
1,237
2,557
1,303
1,317
1,449
1,144
1,339
4,188
1,537
1,413
1,3
1,230
6,166
1,394
9,155
9,20
1,372
1,240
9,366
1,203
1,583
1,513
1,11
9,487
9,258
1,269
1,579
1,322
4,414
1,53
9,152
4,556
9,255
1,131
3,243
1,420
1,368
1,221
1,428
9,553
1,316
9,491
1,278
4,65
1,286
1,55
1,233
1,78
1,215
1,205
1,254
10,409
1,532
4,494
1,69
1,51
7,448
1,423
1,266
1,512
1,567
9,481
1,171
1,326
1,460
1,34
9,228
2,466
1,391
9,430
9,94
9,196
1,14
1,62
1,367
9,85
2,114
1,190
1,297
1,566
1,197
1,492
1,546
1,432
1,17
9,505
9,98
4,153
4,441
1,488
1,426
1,82
1,123
1,523
1,559
9,102
1,577
1,425
2,187
1,485
1,270
1,439
2,495
1,581
10,400
1,476
2,586
9,582
1,515
1,79
1,507
1,236
1,584
1,585
1,410
1,306
2,218
1,304
1,38
2,264
9,578
1,496
1,21
1,74
1,379
1,84
2,315
1,344
4,207
1,61
1,360
1,161
1,540
1,555
1,334
9,453
9,93
1,470
1,422
1,259
1,329
1,445
1,30
1,12
1,47
1,10
1,455
4,575
1,169
1,75
1,164
2,484
1,345
1,314
1,347
1,301
1,373
1,446
1,380
9,570
1,362
1,313
1,294
1,355
1,337
1,231
2,58
1,142
1,440
1,22
1,563
2,569
1,526
1,268
9,165
4,376
1,214
1,28
2,60
1,552
1,424
1,220
9,408
10,57
1,1
1,310
1,309
1,308
1,551
1,403
9,333
1,128
9,451
1,377
1,381
1,421
1,77
1,27
1,209
1,6
1,104
1,371
1,170
1,311
1,267
1,127
1,292
1,256
1,474
1,412
1,186
1,235
4,54
9,398
1,239
1,547
1,99
1,110
2,572
1,287
1,340
1,66
1,223
1,135
1,396
1,41
9,116
1,411
1,438
1,111
3,189
1,541
1,224
1,250
1,42
9,415
9,479
1,549
1,454
1,168
1,36
1,358
4,80
1,346
5,141
9,539
10,406
1,511
9,43
1,217
1,356
9,70
1,246
6,126
1,353
8,529
1,112
9,150
9,343
1,500
1,508
1,335
1,133
2,71
1,282
1,417
1,473
1,320
9,247
9,514
1,72
1,431
1,427
1,405
1,4
1,206
2,260
1,390
1,16
3,273
1,338
3,154
6,185
1,464
1,395
1,475
8,163
1,263
1,312
1,328
1,251
1,158
1,275
9,132
1,565
1,219
9,307
1,305
1,262
1,32
1,122
8,2
1,229
1,160
1,502
1,558
1,573
1,456
1,106
1,26
2,383
1,365
1,216
1,517
1,503
1,397
1,384
1,86
1,534
1,5
1,184
1,435
1,302
8,554
1,323
1,183
1,179
9,64
9,542
1,208
3,103
9,95
1,548
1,225
1,212
1,461
1,91
1,182
9,284
1,232
1,173
8,107
1,531
1,222
8,521
1,518
3,416
1,272
1,324
1,257
1,277
2,525
1,76
9,369
1,480
2,457
3,204
9,382
1,520
1,49
1,8
1,497
9,543
8,527
1,52
4,253
1,23
1,281
1,471
1,90
1,509
9,538
9,137
1,113
2,159
1,193
11,194
3,348
1,149
1,134
3,234
1,318
1,462
1,506
1,580
1,436
1,336
9,452
1,31
1,81
1,387
4,140
10,9
1,385
1,483
1,486
1,350
1,130
1,177
1,341
3,576
1,433
1,129
4,288
8,524
1,181
1,176
1,437
1,399
1,296
1,588
1,544
2,191
9,121
2,48
2,138
1,24
1,434
9,374
2,37
1,535
4,100
1,550
1,444
1,136
2,459
1,478
1,468
1,105
9,145
1,351
1,167
4,35
1,242
1,147
1,357
2,519
4,280
9,298
1,192
1,332
1,342
2,463
1,241
9,363
1,124
1,375
1,25
1,265
1,213
1,226
1,493
1,402
1,201
1,175
1,45
1,120
1,172
1,319
1,477
1,354
1,97
1,364
1,407
1,510
1,73
1,429
1,469
1,447
1,361
9,450
1,392
1,359
1,118
3,388
1,162
1,352
1,289
1,157
1,210
1,498
12,482
9,587
