43,798
43,410
30,575
43,901
22,705
43,80
43,580
43,884
47,29
43,451
43,572
45,85
43,22
5,985
43,547
43,816
43,161
5,914
43,234
55,927
43,204
43,242
5,296
43,301
5,1036
43,746
43,1074
47,656
43,393
52,883
55,512
43,791
5,802
43,843
5,254
50,356
43,114
43,1014
43,544
43,413
43,961
43,730
43,594
43,69
43,817
43,428
5,767
43,1065
43,850
5,76
43,760
43,935
43,644
43,374
43,881
43,576
43,989
43,754
43,68
43,229
43,695
21,239
16,1018
43,943
5,632
43,260
5,1062
43,861
43,655
43,1063
43,972
43,1081
43,498
43,951
43,763
43,991
43,846
34,782
29,723
43,444
43,625
43,494
24,419
5,72
43,115
8,677
43,24
43,209
5,238
43,837
43,476
43,178
43,380
43,1000
17,1075
43,939
43,287
43,667
43,578
43,27
43,262
45,762
43,128
51,790
45,528
43,1033
45,364
10,622
43,740
47,557
43,771
43,758
52,345
43,327
43,593
43,968
45,471
43,425
45,437
5,32
43,608
43,495
43,944
43,1048
43,360
43,98
52,43
43,252
43,922
43,71
43,744
43,707
43,688
43,661
5,282
13,866
43,328
43,863
43,905
43,423
55,375
43,320
43,138
43,45
43,454
55,1071
43,830
43,398
43,196
43,946
7,506
43,774
43,959
45,882
43,155
43,603
47,911
43,10
43,501
43,394
43,118
43,776
43,783
45,1020
43,106
2,480
43,674
43,1029
43,1061
43,854
43,497
43,979
43,162
43,713
43,827
43,847
43,696
43,1017
43,1013
43,650
45,8
43,250
43,399
43,913
43,187
41,335
43,152
43,909
45,182
43,39
5,230
10,122
43,245
43,490
43,317
43,452
43,6
43,321
52,134
43,848
43,435
43,1050
5,964
43,1021
43,348
43,651
5,469
43,525
43,875
52,334
43,443
43,460
45,933
9,940
43,565
17,589
2,1042
43,606
41,7
43,404
43,967
53,1077
52,676
43,34
43,163
49,395
8,521
43,958
43,315
43,897
43,896
47,121
5,353
43,279
43,825
43,396
43,388
43,426
43,996
41,742
43,1022
43,90
43,862
45,669
43,73
43,639
43,401
43,188
52,636
43,948
43,144
43,379
43,206
43,212
43,418
8,251
43,954
43,1047
43,201
43,607
45,167
43,824
43,546
43,835
47,947
43,489
43,869
43,125
43,44
43,259
43,941
14,778
43,132
52,145
43,801
43,183
43,59
34,965
43,293
43,716
43,482
43,635
43,366
5,37
43,851
41,793
43,343
52,175
43,450
5,342
43,765
43,173
43,785
43,277
43,720
43,936
43,690
52,659
17,826
43,246
43,4
43,446
14,809
46,302
43,524
43,448
43,432
43,1010
43,916
43,478
45,496
8,97
43,1034
43,995
43,624
42,605
43,683
43,743
43,484
43,441
43,769
26,852
57,468
5,717
52,642
45,1044
43,945
43,48
43,314
43,646
5,463
6,149
47,545
43,714
43,235
43,590
5,92
43,810
5,54
5,626
43,858
43,592
43,1002
43,813
43,554
44,285
17,1009
43,596
41,617
55,409
43,295
43,1058
43,955
39,523
13,671
43,1060
5,1043
43,581
43,703
43,849
1,224
43,853
43,819
43,618
51,179
43,459
5,520
5,583
43,892
43,726
43,1027
47,281
43,595
43,534
43,58
43,770
56,363
55,57
43,615
43,530
43,840
5,877
43,267
43,406
41,369
43,103
43,719
43,159
34,263
14,807
5,795
43,329
43,215
43,445
43,70
43,491
47,283
43,96
43,436
43,893
43,91
2,225
43,449
43,220
43,153
43,918
43,833
43,508
43,112
43,535
47,814
43,99
43,156
43,1032
45,258
43,976
43,424
43,300
43,888
5,1041
13,341
43,143
43,573
43,13
43,371
43,297
43,993
43,66
43,680
5,682
43,1008
43,1056
43,292
45,202
43,732
43,868
43,1028
41,307
43,319
41,666
43,427
43,81
43,42
43,313
43,461
43,243
34,376
43,19
43,75
43,1007
43,241
43,597
41,310
43,147
43,195
43,473
43,929
5,555
43,74
43,1003
43,221
43,502
43,176
43,291
43,124
43,942
43,53
43,172
43,55
43,756
43,867
45,169
43,109
34,2
39,160
43,381
43,988
43,872
52,697
43,370
43,1066
43,586
43,174
43,815
43,963
45,526
14,540
43,962
43,982
43,969
43,462
5,731
41,515
43,17
43,519
43,588
43,569
43,1052
5,417
43,483
43,51
43,384
5,477
43,999
55,1030
43,784
5,433
43,591
51,336
41,392
4,834
43,40
43,548
5,908
43,289
55,702
11,1069
43,467
43,558
43,653
43,986
43,701
43,957
43,131
43,386
43,93
43,383
43,704
52,937
43,60
5,749
45,248
43,992
43,998
43,275
52,488
43,823
43,748
5,930
43,974
43,414
55,1070
34,637
43,148
43,518
43,1083
43,11
43,692
43,829
5,745
43,77
43,165
43,208
43,582
43,1076
45,407
43,268
43,910
5,629
5,538
5,100
45,41
5,500
52,1053
43,902
43,403
43,271
55,777
43,422
5,318
45,647
43,752
43,627
5,116
43,21
43,665
45,197
43,878
47,26
43,266
43,184
43,228
43,130
44,796
45,442
43,198
55,158
43,859
43,193
43,686
43,983
43,755
43,549
43,338
43,634
43,111
43,567
41,264
43,200
8,984
19,280
43,465
43,724
5,133
43,373
43,779
43,429
43,455
45,738
5,129
55,753
52,658
5,1049
9,269
43,657
47,678
43,137
43,94
55,1051
43,180
5,973
43,923
32,168
43,82
43,672
43,1072
43,831
38,464
43,856
54,880
41,305
43,1045
45,64
43,747
43,126
43,344
43,185
14,52
43,602
43,537
45,49
43,211
45,949
43,640
52,257
43,938
43,800
5,1067
55,308
43,276
43,150
52,551
43,255
5,270
43,855
43,599
43,541
43,190
43,247
52,781
43,1078
5,351
5,294
43,231
43,950
43,38
43,710
5,1019
43,15
18,359
43,358
43,773
47,527
43,16
5,170
43,140
43,123
43,101
5,177
43,171
43,362
43,400
43,1057
45,533
47,934
43,470
5,1079
43,750
27,387
43,352
43,466
43,522
5,620
13,46
43,194
43,416
43,891
45,504
48,1035
51,1068
43,681
43,553
43,485
43,253
43,456
52,1055
43,566
45,61
39,1054
43,1024
3,142
8,797
43,994
43,664
14,926
43,408
43,330
5,899
43,727
43,735
5,864
45,439
43,997
43,431
5,405
43,218
43,457
47,1037
45,1
43,273
43,139
43,412
45,481
8,56
43,236
41,237
5,552
43,513
56,691
43,306
8,205
43,309
43,87
43,88
43,1011
43,598
43,873
43,286
43,1039
43,219
52,510
43,453
43,186
43,240
43,349
43,438
36,385
43,631
5,736
43,440
5,768
43,493
43,316
47,584
43,346
45,698
43,894
41,102
43,189
43,772
43,1073
45,571
43,107
43,643
5,641
43,472
43,105
43,486
43,684
5,154
43,722
43,213
43,885
43,556
43,562
46,434
8,1031
34,585
17,326
43,244
43,609
20,924
43,903
34,12
43,164
43,577
43,633
43,1004
33,981
43,261
43,119
43,708
8,895
5,766
52,532
5,729
43,311
37,415
43,117
43,733
55,181
31,304
43,786
43,265
43,990
43,1064
43,411
5,232
43,28
5,110
5,728
55,1026
43,157
43,397
43,966
43,9
43,616
55,579
43,764
43,685
43,372
55,673
43,333
43,757
43,915
5,876
43,808
5,628
52,709
43,354
5,475
52,917
43,699
8,78
8,919
43,890
43,389
43,932
43,474
43,447
43,794
43,278
43,543
43,788
43,887
43,223
55,210
43,564
43,274
5,325
43,1001
43,842
43,199
43,660
5,706
43,127
43,612
43,652
43,805
17,1040
8,529
43,839
41,113
55,536
43,645
36,249
43,479
43,298
1,751
43,288
43,30
43,222
43,365
43,509
45,104
5,700
35,630
43,822
5,141
34,828
43,587
43,505
43,619
45,977
45,378
43,832
43,811
5,611
43,874
55,568
43,146
43,920
45,542
5,350
43,857
49,516
8,1059
43,900
43,20
43,649
43,31
2,931
43,739
43,377
36,906
43,1046
40,226
43,36
34,928
55,323
9,970
43,83
43,322
45,689
4,79
43,1015
43,799
50,623
43,812
43,3
55,956
34,5
43,514
43,820
43,980
43,610
43,721
43,761
43,860
43,550
43,33
43,560
43,780
43,718
43,1023
43,1080
43,836
43,675
43,382
43,663
43,886
5,18
5,391
43,337
43,987
23,492
43,821
43,1006
43,865
5,804
43,203
43,838
43,725
43,1038
43,613
47,67
43,1025
43,889
43,507
25,65
15,207
43,531
43,357
43,662
10,25
43,693
55,559
5,898
43,499
5,368
45,47
43,654
43,14
43,50
43,539
43,84
5,503
43,904
43,570
47,679
43,759
43,1005
43,324
43,430
43,648
43,561
43,135
43,191
43,563
43,340
52,960
43,806
43,621
45,1012
5,687
5,953
43,952
43,284
43,458
43,89
41,331
5,737
43,604
43,290
28,233
12,23
43,120
43,339
43,35
43,978
43,367
43,775
5,420
43,841
5,668
47,574
43,818
43,511
43,925
43,332
45,151
43,256
43,871
43,907
43,844
43,741
43,734
5,712
41,312
52,803
43,600
43,845
43,227
43,787
43,86
49,108
43,975
43,192
43,214
43,614
43,921
43,517
43,1016
43,402
43,912
43,217
43,166
43,1082
55,879
43,361
43,711
43,303
43,390
47,715
43,272
43,638
43,487
43,694
43,355
43,421
43,136
43,971
45,63
43,347
43,299
43,789
43,870
43,95
43,216
5,601
43,670
1,792
43,62
