2,421
2,411
1,17
1,207
2,476
1,513
2,681
2,700
2,279
2,147
2,149
2,428
1,636
1,327
1,187
2,585
2,440
2,441
2,638
2,60
2,677
2,416
2,240
2,113
2,384
2,132
1,110
1,152
2,604
2,321
1,399
1,610
2,169
2,219
1,594
2,20
2,77
2,5
2,64
2,204
2,400
2,339
1,503
2,167
2,622
1,499
2,362
2,473
2,103
1,527
2,508
1,635
1,666
2,216
1,7
1,612
2,454
1,232
2,260
2,693
1,526
2,497
1,252
2,439
2,262
2,221
2,511
2,16
1,229
2,41
2,280
2,698
2,554
2,128
1,540
2,114
2,494
1,561
2,304
2,154
2,684
2,39
2,600
2,261
1,40
1,184
2,97
1,354
2,423
2,76
1,139
2,21
1,530
1,437
2,597
2,118
2,356
2,290
1,544
1,386
1,65
2,697
2,583
2,688
1,195
2,501
1,200
2,73
2,82
2,611
2,89
2,317
2,571
2,448
2,49
1,133
2,430
2,98
2,276
2,521
2,319
1,447
2,663
2,183
1,263
2,312
2,54
2,71
2,696
2,202
2,690
2,102
2,652
2,628
2,302
2,655
2,538
1,496
2,672
1,461
1,433
2,178
1,123
1,575
2,648
1,584
2,590
2,479
2,617
2,182
2,664
2,609
2,602
2,514
2,436
1,486
2,488
2,190
2,640
2,326
2,413
2,268
2,369
1,676
2,57
2,649
2,593
2,83
2,429
2,485
2,298
2,553
2,425
2,30
2,287
2,160
2,460
2,517
2,644
1,542
2,328
2,373
2,87
2,365
1,558
2,667
2,157
1,408
2,380
2,427
1,42
2,581
2,468
1,464
2,224
2,104
2,596
2,25
2,606
2,38
2,237
2,34
2,492
2,574
1,475
2,36
2,174
1,306
1,407
1,406
1,415
1,142
2,153
2,417
2,375
2,355
2,493
2,599
2,136
1,539
2,342
1,569
2,96
2,310
2,59
2,536
1,598
1,168
2,370
2,226
2,177
2,145
2,463
2,565
1,213
2,686
2,699
2,196
2,389
2,469
1,378
1,311
1,404
1,238
1,10
2,608
2,284
2,336
2,165
1,466
2,297
2,22
2,682
2,452
2,158
2,247
1,673
2,502
2,481
2,434
2,351
2,577
2,591
1,374
2,67
2,545
2,692
2,381
2,19
2,403
1,573
2,172
1,74
1,665
1,507
2,314
2,45
2,119
2,265
2,451
2,296
1,225
1,151
2,193
2,159
1,18
2,490
2,680
2,131
2,201
2,528
1,236
1,579
2,658
2,394
2,632
2,376
2,117
2,689
1,446
2,385
2,519
2,95
2,124
1,391
2,197
2,350
2,641
2,345
2,214
2,148
2,26
1,251
2,582
1,605
2,529
2,161
1,624
2,668
1,661
2,24
1,509
2,555
2,309
2,472
2,218
2,359
2,379
2,215
1,477
2,163
1,230
2,533
1,111
2,150
2,66
1,419
1,33
2,397
2,639
2,601
2,387
2,267
1,551
2,289
2,683
1,675
1,171
2,516
2,199
2,120
1,410
2,643
2,162
2,44
2,239
1,458
1,637
2,694
2,37
1,691
2,409
1,371
1,631
2,115
1,48
1,512
2,303
2,130
2,524
2,343
2,325
2,234
2,198
2,272
2,630
1,398
2,295
2,324
2,233
2,570
1,642
2,462
2,618
2,438
2,68
2,266
1,192
2,8
2,456
2,443
2,84
1,109
2,12
1,51
1,255
2,495
2,47
2,634
2,249
2,179
1,175
2,270
2,90
1,299
2,619
2,253
2,281
2,79
2,483
2,607
2,80
2,23
2,285
2,189
2,383
2,301
1,705
2,203
2,258
2,70
2,701
2,166
1,562
2,505
2,170
2,323
2,335
2,654
2,414
2,316
1,412
2,278
2,651
1,331
2,471
2,329
2,259
2,392
2,254
2,223
1,515
2,678
1,137
2,550
2,620
2,9
2,341
2,81
1,288
2,269
2,623
1,687
2,445
1,340
2,467
1,674
2,420
2,552
2,578
2,372
2,353
2,129
2,390
1,470
2,449
2,277
2,629
2,108
2,333
2,217
2,256
2,176
1,556
2,291
2,231
2,1
1,566
2,588
1,520
2,2
2,248
2,626
1,360
2,679
2,670
1,246
2,308
1,589
2,349
1,346
2,206
2,422
2,426
2,62
2,173
2,11
1,557
2,564
1,671
2,307
2,532
2,135
1,126
2,580
1,535
2,134
2,72
2,368
1,29
2,703
2,294
2,181
2,704
2,186
2,482
2,155
1,112
2,401
2,121
2,106
1,702
1,431
2,534
1,459
2,92
2,127
2,257
2,361
2,334
1,510
2,53
2,337
2,548
2,85
2,78
1,650
2,522
2,480
2,320
1,344
2,322
1,366
2,275
2,621
1,498
1,271
1,4
1,241
2,567
2,563
2,180
2,465
2,242
2,364
2,633
2,367
2,27
1,537
1,487
2,377
2,191
1,292
2,282
2,525
2,50
1,101
1,86
2,61
2,592
2,660
1,559
2,543
2,208
2,143
1,243
2,405
2,474
2,15
2,245
2,695
2,283
2,659
2,613
2,442
1,3
1,116
2,546
2,52
2,250
2,315
1,35
2,627
2,586
1,227
2,393
2,347
2,305
2,156
2,146
2,576
2,185
1,547
2,13
2,332
2,489
2,99
2,657
2,188
2,32
2,164
2,395
1,194
1,14
1,424
1,662
2,435
2,549
2,264
2,58
1,500
2,228
2,274
2,656
1,273
2,138
1,352
2,685
2,141
2,572
2,244
2,220
1,122
2,432
2,348
2,595
2,444
2,63
2,91
2,43
2,330
2,6
2,55
2,402
1,358
1,293
1,614
2,531
2,105
1,93
2,455
2,69
1,31
2,212
2,396
1,140
1,388
2,313
1,560
1,625
2,222
1,209
2,484
2,646
2,450
2,616
2,56
2,615
1,144
2,107
2,28
2,363
2,210
2,645
2,587
2,75
2,647
2,100
2,125
2,418
2,669
2,235
2,541
2,506
1,603
2,491
2,300
2,94
2,88
2,518
2,286
2,382
2,318
2,504
1,46
2,478
2,453
2,338
2,357
2,523
2,568
2,205
2,211
2,653
2,457
