7,421
8,411
2,17
2,207
7,476
2,513
7,681
7,700
7,279
7,147
6,149
7,428
2,636
2,327
2,187
7,585
7,440
7,441
7,638
7,60
7,677
7,416
7,240
7,113
7,384
7,132
2,110
2,152
6,604
7,321
2,399
2,610
7,169
7,219
2,594
7,20
7,77
7,5
7,64
7,204
7,400
7,339
2,503
7,167
7,622
3,499
7,362
7,473
7,103
2,527
7,508
2,635
2,666
7,216
2,7
2,612
7,454
2,232
7,260
7,693
2,526
6,497
2,252
7,439
7,262
7,221
7,511
7,16
2,229
7,41
7,280
6,698
7,554
7,128
2,540
7,114
7,494
2,561
7,304
7,154
7,684
7,39
7,600
7,261
2,40
2,184
7,97
3,354
7,423
7,76
2,139
6,21
2,530
3,437
7,597
7,118
7,356
7,290
2,544
2,386
2,65
7,697
7,583
7,688
2,195
6,501
2,200
7,73
7,82
7,611
7,89
6,317
7,571
7,448
7,49
2,133
7,430
7,98
7,276
7,521
6,319
2,447
7,663
7,183
2,263
6,312
6,54
7,71
7,696
7,202
7,690
7,102
7,652
6,628
6,302
7,655
7,538
2,496
7,672
2,461
2,433
7,178
2,123
2,575
7,648
2,584
7,590
7,479
7,617
7,182
7,664
7,609
7,602
7,514
6,436
2,486
7,488
7,190
7,640
7,326
7,413
7,268
7,369
2,676
7,57
7,649
7,593
7,83
7,429
7,485
7,298
7,553
6,425
7,30
7,287
7,160
7,460
7,517
7,644
2,542
6,328
7,373
7,87
7,365
2,558
6,667
7,157
2,408
7,380
7,427
2,42
7,581
7,468
2,464
7,224
7,104
7,596
7,25
7,606
7,38
7,237
7,34
7,492
7,574
1,475
6,36
7,174
2,306
2,407
2,406
4,415
2,142
7,153
7,417
7,375
7,355
7,493
7,599
7,136
2,539
7,342
2,569
7,96
7,310
7,59
7,536
2,598
2,168
7,370
7,226
7,177
7,145
7,463
7,565
3,213
7,686
7,699
7,196
7,389
7,469
2,378
2,311
2,404
2,238
2,10
9,608
7,284
8,336
7,165
2,466
7,297
7,22
7,682
7,452
7,158
7,247
2,673
7,502
7,481
7,434
7,351
7,577
7,591
2,374
7,67
7,545
7,692
7,381
7,19
7,403
2,573
7,172
2,74
2,665
2,507
7,314
7,45
7,119
7,265
7,451
7,296
2,225
2,151
7,193
7,159
3,18
7,490
7,680
7,131
7,201
7,528
2,236
2,579
6,658
7,394
7,632
7,376
7,117
7,689
3,446
7,385
7,519
7,95
7,124
2,391
7,197
6,350
9,641
7,345
7,214
7,148
7,26
2,251
7,582
2,605
7,529
7,161
3,624
7,668
2,661
7,24
2,509
7,555
7,309
7,472
7,218
7,359
7,379
7,215
2,477
7,163
2,230
7,533
2,111
7,150
7,66
2,419
3,33
7,397
7,639
7,601
7,387
7,267
2,551
7,289
6,683
2,675
2,171
6,516
7,199
7,120
2,410
7,643
7,162
7,44
7,239
3,458
2,637
7,694
8,37
2,691
7,409
2,371
2,631
7,115
2,48
2,512
6,303
7,130
7,524
7,343
7,325
7,234
7,198
7,272
7,630
2,398
7,295
7,324
7,233
7,570
3,642
7,462
7,618
7,438
7,68
7,266
2,192
7,8
7,456
7,443
7,84
2,109
7,12
2,51
2,255
7,495
7,47
7,634
7,249
6,179
2,175
7,270
7,90
2,299
7,619
7,253
7,281
7,79
7,483
7,607
7,80
7,23
7,285
7,189
7,383
7,301
2,705
7,203
7,258
7,70
6,701
7,166
2,562
7,505
6,170
7,323
7,335
7,654
7,414
6,316
2,412
7,278
7,651
2,331
7,471
7,329
7,259
7,392
7,254
7,223
2,515
7,678
2,137
7,550
7,620
7,9
7,341
7,81
2,288
7,269
7,623
3,687
7,445
2,340
7,467
5,674
7,420
6,552
7,578
7,372
7,353
7,129
7,390
2,470
7,449
7,277
7,629
7,108
7,333
7,217
7,256
7,176
2,556
7,291
7,231
7,1
3,566
7,588
2,520
7,2
6,248
7,626
2,360
7,679
7,670
2,246
7,308
2,589
7,349
3,346
7,206
7,422
7,426
7,62
7,173
7,11
2,557
7,564
2,671
7,307
7,532
7,135
3,126
7,580
3,535
7,134
7,72
7,368
2,29
7,703
7,294
7,181
7,704
7,186
7,482
7,155
3,112
7,401
8,121
7,106
2,702
3,431
7,534
2,459
7,92
7,127
7,257
7,361
7,334
2,510
6,53
7,337
6,548
6,85
7,78
2,650
7,522
7,480
7,320
3,344
7,322
2,366
7,275
7,621
2,498
2,271
2,4
2,241
7,567
7,563
7,180
7,465
7,242
7,364
7,633
6,367
7,27
2,537
2,487
7,377
7,191
2,292
6,282
7,525
7,50
2,101
1,86
7,61
7,592
7,660
2,559
7,543
7,208
7,143
2,243
7,405
7,474
7,15
6,245
7,695
7,283
7,659
7,613
7,442
2,3
2,116
7,546
9,52
7,250
7,315
2,35
7,627
7,586
2,227
7,393
7,347
7,305
7,156
7,146
7,576
7,185
3,547
7,13
7,332
7,489
7,99
7,657
7,188
7,32
7,164
7,395
2,194
2,14
2,424
2,662
7,435
7,549
7,264
7,58
2,500
7,228
7,274
7,656
2,273
8,138
2,352
7,685
7,141
7,572
7,244
7,220
2,122
7,432
7,348
7,595
7,444
7,63
7,91
7,43
7,330
7,6
7,55
7,402
2,358
2,293
2,614
7,531
7,105
2,93
7,455
7,69
4,31
7,212
7,396
2,140
2,388
7,313
2,560
2,625
7,222
2,209
7,484
7,646
7,450
7,616
7,56
7,615
2,144
8,107
6,28
7,363
7,210
7,645
7,587
7,75
7,647
7,100
8,125
7,418
7,669
7,235
7,541
7,506
2,603
7,491
7,300
7,94
7,88
7,518
7,286
7,382
7,318
7,504
2,46
7,478
7,453
7,338
7,357
7,523
7,568
6,205
6,211
6,653
7,457
