47,307
49,518
47,190
32,422
31,622
7,230
47,494
34,7
35,371
54,500
46,749
44,497
52,534
47,711
76,19
46,717
39,635
32,627
47,742
47,713
28,203
26,463
46,583
47,747
47,323
49,496
46,723
39,690
55,661
61,670
30,70
24,701
94,639
47,358
31,283
69,399
66,510
81,158
51,609
28,150
47,710
64,391
27,737
40,550
16,188
47,453
47,472
45,567
72,738
90,236
90,529
8,434
51,14
49,593
48,699
54,278
47,235
46,71
49,25
46,605
46,382
85,630
29,46
47,473
94,435
50,603
31,644
52,604
103,172
47,152
47,201
47,153
47,720
47,340
28,741
6,269
8,731
47,298
8,488
16,41
47,378
8,458
4,480
83,743
47,705
30,255
28,576
60,229
31,479
49,396
48,442
51,633
47,383
31,78
46,218
47,548
34,189
49,133
52,261
47,111
93,20
10,267
72,281
50,328
103,678
108,415
28,318
38,142
26,504
46,522
47,681
65,572
30,707
21,259
8,96
47,200
113,3
46,125
86,372
32,695
50,613
11,220
53,694
86,162
47,573
47,72
56,512
55,539
79,73
48,407
82,433
110,179
47,379
100,507
50,698
47,598
16,532
31,315
46,360
46,525
46,338
47,735
97,725
16,226
96,728
5,100
46,553
31,543
82,93
47,74
47,257
47,658
47,537
50,34
74,57
17,493
47,653
47,334
46,126
31,85
32,621
47,600
49,240
49,570
47,198
28,224
46,171
31,417
47,623
48,157
47,136
47,186
58,64
50,716
47,719
46,536
8,364
79,652
47,599
9,47
28,205
46,317
47,183
28,81
28,116
47,509
51,195
47,250
47,165
47,571
16,246
66,151
72,335
79,175
47,498
16,313
16,555
47,620
79,578
47,169
47,24
46,1
47,395
83,61
47,732
46,637
79,446
34,692
90,666
63,629
46,277
46,309
61,23
51,714
25,540
84,523
25,592
47,292
82,381
47,746
89,147
43,703
111,141
47,270
8,615
47,306
34,607
46,297
47,182
47,359
34,410
32,176
26,726
52,202
47,95
47,736
49,228
107,118
31,343
47,730
31,58
46,414
25,471
38,60
89,709
47,486
12,443
18,683
38,11
47,424
80,211
46,291
50,485
1,533
47,404
82,242
47,515
31,680
47,521
34,272
47,481
31,159
51,589
36,568
50,167
8,140
47,110
36,559
47,403
46,342
31,16
46,501
16,139
85,206
84,426
8,405
46,503
47,341
51,27
75,212
47,331
93,686
47,684
73,641
82,631
109,252
43,505
72,344
31,355
54,314
46,447
46,495
32,474
16,624
102,357
90,483
46,398
47,712
39,367
71,98
31,706
16,164
16,2
28,54
34,406
46,347
47,619
16,418
46,420
30,490
77,665
26,632
47,451
46,676
47,352
102,366
47,163
47,370
31,59
91,580
63,237
12,325
47,350
38,502
49,362
9,664
48,90
47,544
6,660
81,26
46,663
31,380
103,327
47,170
47,584
27,130
36,449
47,91
53,421
47,587
46,55
46,389
46,135
46,174
22,154
31,66
49,121
31,265
87,104
49,253
23,48
49,638
72,640
31,279
46,588
39,552
49,92
47,214
46,53
47,39
31,642
49,662
87,187
47,263
25,724
49,601
49,400
86,636
30,466
49,99
47,234
47,13
80,68
34,430
16,439
63,339
62,123
47,393
47,748
48,290
46,56
47,693
47,10
14,29
94,597
25,128
30,127
11,222
50,287
85,12
47,647
16,477
54,594
31,476
47,289
47,354
29,258
49,557
47,394
51,560
28,241
4,35
46,262
46,348
46,148
49,563
47,89
27,590
79,301
46,160
32,94
15,138
25,454
46,530
47,319
57,346
47,546
49,361
95,516
49,271
48,535
47,332
70,239
46,168
83,67
46,437
101,541
27,5
70,387
52,369
27,464
22,657
47,634
47,31
47,113
30,86
31,628
10,750
53,436
15,310
63,667
47,18
46,4
8,669
2,120
46,293
46,161
13,232
48,491
38,654
49,411
87,668
47,616
31,729
39,562
5,462
66,305
47,374
99,208
28,484
75,231
34,595
47,511
30,655
16,227
52,260
92,8
28,97
90,9
76,401
46,547
47,460
47,107
46,21
102,166
31,538
31,554
28,184
47,181
47,564
46,468
16,40
49,185
34,478
46,75
46,87
68,304
47,63
16,397
49,649
32,43
87,428
47,431
47,606
46,336
47,408
47,519
47,574
104,520
47,233
46,22
49,673
46,312
47,109
46,217
11,581
47,386
16,413
47,243
47,733
34,659
47,365
3,215
8,517
46,558
31,687
25,17
47,689
27,299
26,596
46,356
47,455
46,28
4,648
47,44
19,744
80,249
83,108
47,450
31,244
87,324
47,677
46,682
47,650
31,337
47,264
47,268
28,700
47,561
46,674
31,32
85,351
47,651
49,345
88,432
31,114
28,551
47,173
82,416
47,672
21,88
51,444
47,115
28,77
47,82
63,225
31,177
39,514
46,266
31,52
37,276
34,611
31,625
28,79
3,102
13,438
47,180
46,326
74,708
47,524
47,402
47,83
47,645
26,146
67,456
47,565
82,513
47,685
65,76
49,329
25,585
67,6
47,506
48,122
6,388
96,322
48,247
51,445
46,254
31,608
16,375
46,465
47,392
31,591
34,303
39,197
55,308
47,45
47,80
47,508
51,727
79,294
47,702
47,721
47,273
27,137
46,489
16,302
47,144
106,191
8,196
85,482
47,643
91,448
46,566
33,618
80,715
13,384
49,412
47,440
47,156
47,526
47,248
46,722
8,691
83,531
47,452
30,492
46,349
47,363
46,675
49,119
47,368
30,124
47,740
51,274
46,62
45,390
47,612
51,542
46,275
51,216
13,256
47,219
5,549
88,149
31,688
39,577
27,285
36,131
42,425
47,204
47,626
32,528
34,84
63,469
30,51
47,753
25,209
49,296
47,50
51,221
48,245
49,646
49,545
46,671
30,614
33,320
32,467
47,282
91,101
59,194
26,199
41,602
86,207
49,409
38,178
47,129
72,251
46,617
47,527
36,373
46,330
46,38
6,15
46,470
39,311
82,704
39,739
47,49
87,679
46,745
54,103
47,353
47,193
95,288
105,429
47,423
47,300
36,284
47,36
16,487
46,280
78,461
47,569
49,155
47,112
4,718
46,579
47,734
47,37
49,192
47,457
46,210
13,656
47,556
47,376
65,321
47,441
47,42
16,582
20,575
47,30
51,213
47,377
46,33
16,65
47,385
34,419
46,696
47,69
46,333
25,105
65,316
47,475
46,295
47,499
47,697
72,134
86,459
47,427
47,586
47,145
40,143
72,751
46,238
47,610
54,106
47,132
30,286
98,223
112,752
90,117
