131,50
178,293
80,579
98,100
63,701
165,607
116,264
196,587
61,525
145,128
39,688
7,545
184,663
120,99
83,245
127,19
68,294
226,574
117,676
120,185
212,308
120,523
117,632
64,239
123,590
146,123
187,356
232,665
253,389
189,130
139,698
43,555
142,639
114,337
51,442
240,320
245,67
120,338
204,23
207,76
120,168
77,227
72,329
75,105
126,679
42,418
241,692
23,388
91,289
117,54
248,146
179,524
6,491
117,385
125,396
88,612
41,154
118,435
76,155
183,699
118,591
123,458
52,381
22,284
190,296
11,554
117,420
162,61
120,498
119,97
123,374
93,642
178,58
169,156
169,530
117,536
37,118
209,459
19,392
128,478
22,474
119,110
178,626
58,553
254,275
61,589
106,397
74,304
123,288
142,428
100,602
136,34
58,666
59,286
107,497
166,7
118,162
261,229
117,522
117,519
163,283
79,425
211,208
257,176
117,278
63,166
60,684
200,125
42,126
118,266
43,473
67,334
123,22
14,623
61,20
87,363
210,38
118,41
204,343
70,492
139,421
178,69
117,453
44,470
120,14
120,82
57,187
117,219
144,494
117,496
163,371
265,313
204,70
257,234
61,189
178,661
206,465
68,350
70,572
65,355
227,159
42,624
2,391
150,596
138,431
117,615
147,89
197,167
216,71
205,62
71,565
21,113
56,311
118,611
118,315
118,25
257,317
178,307
121,55
154,613
76,647
116,490
218,621
102,346
129,508
120,655
123,95
117,387
71,237
260,297
239,449
39,164
20,506
91,680
21,357
120,232
140,594
129,566
174,87
254,592
65,645
174,520
137,4
92,265
117,700
166,556
119,410
204,322
122,694
223,91
204,436
204,196
72,599
150,486
72,345
99,367
41,401
160,316
65,72
25,178
257,548
77,544
69,443
140,165
202,249
79,80
63,390
120,600
181,648
44,16
178,45
177,353
242,603
42,298
178,511
27,468
62,549
69,636
119,593
141,1
178,261
262,259
206,244
41,92
54,177
73,204
117,220
63,33
116,90
178,183
61,416
105,145
9,121
122,31
255,9
75,618
103,617
175,695
117,448
230,135
12,231
173,86
199,383
135,115
117,217
58,228
167,408
264,5
130,207
51,472
68,106
71,609
3,446
76,24
64,483
205,475
148,558
8,669
135,255
69,675
135,580
76,140
243,378
117,181
98,672
120,269
212,439
41,199
65,291
202,323
233,112
260,399
204,505
53,570
114,93
39,335
18,246
120,84
82,450
236,664
204,429
204,94
120,107
118,463
204,649
114,499
246,405
114,127
117,557
52,274
65,562
39,225
117,153
117,460
19,414
118,424
103,627
134,678
224,268
33,197
215,584
238,57
18,224
114,214
178,481
203,109
124,46
117,142
43,454
216,479
123,309
172,512
119,111
51,605
123,502
93,32
123,641
235,375
158,359
117,210
172,124
100,659
65,422
151,364
151,569
184,373
256,441
180,690
117,601
242,488
50,537
24,348
174,559
120,638
58,411
32,250
117,35
117,314
178,290
234,63
178,689
232,331
120,413
90,417
94,361
109,11
16,292
51,276
204,172
122,404
194,252
90,509
126,169
201,151
121,139
117,660
105,120
205,43
44,527
84,466
39,193
210,195
120,682
46,515
161,260
204,218
94,203
13,251
154,138
87,17
119,640
192,487
48,262
118,254
44,59
164,161
220,696
65,44
10,236
190,542
118,202
178,42
61,471
204,226
118,622
81,577
103,88
117,610
117,102
128,206
123,567
118,3
254,386
178,543
214,528
118,685
114,534
82,504
66,691
242,500
95,56
198,116
24,370
40,49
57,625
29,174
204,437
63,352
185,344
96,551
51,631
28,184
49,398
41,279
151,576
137,620
49,634
117,461
204,438
118,15
120,360
46,464
38,257
41,564
120,144
187,194
171,325
114,415
59,324
204,26
123,10
257,129
249,635
232,147
118,646
99,552
91,160
82,369
65,604
257,469
48,477
117,445
129,319
204,175
157,152
64,546
34,173
61,64
102,81
58,48
186,568
204,79
120,295
42,277
237,303
188,216
182,526
118,462
118,200
55,412
82,485
26,550
60,332
148,403
122,347
72,582
198,670
134,517
153,616
120,447
78,300
63,423
120,77
118,336
64,687
7,697
152,406
118,12
43,476
162,541
42,53
162,595
64,258
178,532
28,529
94,368
68,241
45,114
229,66
113,588
117,379
120,233
230,83
119,158
161,484
119,339
115,73
118,382
60,535
88,230
183,122
43,305
162,563
85,221
58,341
101,575
230,136
111,2
71,597
228,394
134,211
43,674
252,215
190,212
69,533
258,52
36,328
225,677
120,656
98,457
206,209
120,13
117,326
117,501
117,60
27,179
72,333
85,662
4,182
118,238
228,578
5,426
177,27
85,456
178,30
118,547
45,451
168,585
204,409
218,321
6,312
77,242
85,514
129,65
117,380
20,637
186,652
129,619
133,651
24,372
89,614
155,608
114,351
118,75
117,74
97,653
57,427
64,96
51,186
226,247
204,538
53,480
178,482
149,68
123,503
104,650
79,131
23,101
47,376
58,495
244,365
121,198
208,583
117,6
178,693
82,243
73,108
175,354
117,467
65,402
231,148
15,8
159,349
41,561
185,430
219,657
117,539
11,444
114,133
117,281
118,273
106,407
132,191
104,384
8,119
123,192
178,282
204,366
99,419
127,39
45,285
114,673
126,598
156,188
43,452
221,270
117,205
195,306
63,521
79,668
123,223
118,137
112,256
193,358
123,150
35,573
61,40
61,78
191,493
82,507
110,240
73,581
120,681
123,489
91,510
114,531
41,18
267,560
222,141
258,434
89,342
117,28
259,271
82,318
143,340
133,280
190,455
51,163
117,540
68,586
44,310
118,149
240,654
250,190
98,629
155,299
112,606
127,377
60,518
163,667
191,395
190,301
170,267
217,21
108,683
176,362
204,117
263,103
46,400
70,213
122,330
174,263
117,36
59,643
117,47
114,171
214,302
206,37
64,571
17,287
266,51
65,686
204,432
178,157
64,134
117,440
176,201
41,104
117,630
101,516
229,633
69,272
213,170
120,98
85,222
247,658
31,180
117,85
50,393
45,235
86,327
117,644
199,433
100,703
61,513
75,29
30,628
117,671
118,132
98,248
117,143
1,702
251,253
