17,307
17,518
17,190
12,422
12,622
2,230
17,494
12,7
12,371
19,500
17,749
16,497
18,534
17,711
33,19
17,717
13,635
12,627
17,742
17,713
11,203
11,463
17,583
17,747
17,323
17,496
17,723
13,690
19,661
24,670
12,70
10,701
39,639
17,358
12,283
29,399
26,510
35,158
18,609
11,150
17,710
26,391
11,737
13,550
5,188
17,453
17,472
17,567
30,738
37,236
37,529
3,434
18,14
17,593
17,699
19,278
17,235
17,71
17,25
17,605
17,382
36,630
11,46
17,473
39,435
17,603
12,644
18,604
45,172
17,152
17,201
17,153
17,720
17,340
11,741
2,269
3,731
17,298
3,488
5,41
17,378
3,458
2,480
36,743
17,705
12,255
11,576
23,229
12,479
17,396
17,442
18,633
17,383
12,78
17,218
17,548
12,189
17,133
18,261
17,111
38,20
3,267
30,281
17,328
45,678
46,415
11,318
13,142
11,504
17,522
17,681
26,572
12,707
9,259
3,96
17,200
50,3
17,125
36,372
12,695
17,613
4,220
18,694
36,162
17,573
17,72
20,512
19,539
35,73
17,407
36,433
47,179
17,379
43,507
17,698
17,598
5,532
12,315
17,360
17,525
17,338
17,735
41,725
5,226
41,728
2,100
17,553
12,543
36,93
17,74
17,257
17,658
17,537
17,34
31,57
6,493
17,653
17,334
17,126
12,85
12,621
17,600
17,240
17,570
17,198
11,224
17,171
12,417
17,623
17,157
17,136
17,186
21,64
17,716
17,719
17,536
3,364
35,652
17,599
3,47
11,205
17,317
17,183
11,81
11,116
17,509
18,195
17,250
17,165
17,571
5,246
26,151
30,335
35,175
17,498
5,313
5,555
17,620
35,578
17,169
17,24
17,1
17,395
36,61
17,732
17,637
35,446
12,692
37,666
26,629
17,277
17,309
24,23
18,714
11,540
36,523
11,592
17,292
36,381
17,746
37,147
15,703
48,141
17,270
3,615
17,306
12,607
17,297
17,182
17,359
12,410
12,176
11,726
18,202
17,95
17,736
17,228
46,118
12,343
17,730
12,58
17,414
11,471
13,60
37,709
17,486
4,443
7,683
13,11
17,424
35,211
17,291
17,485
1,533
17,404
36,242
17,515
12,680
17,521
12,272
17,481
12,159
18,589
13,568
17,167
3,140
17,110
13,559
17,403
17,342
12,16
17,501
5,139
36,206
36,426
3,405
17,503
17,341
18,27
32,212
17,331
38,686
17,684
30,641
36,631
47,252
15,505
30,344
12,355
19,314
17,447
17,495
12,474
5,624
45,357
37,483
17,398
17,712
13,367
30,98
12,706
5,164
5,2
11,54
12,406
17,347
17,619
5,418
17,420
12,490
33,665
11,632
17,451
17,676
17,352
45,366
17,163
17,370
12,59
37,580
26,237
4,325
17,350
13,502
17,362
3,664
17,90
17,544
2,660
35,26
17,663
12,380
45,327
17,170
17,584
11,130
13,449
17,91
18,421
17,587
17,55
17,389
17,135
17,174
9,154
12,66
17,121
12,265
36,104
17,253
10,48
17,638
30,640
12,279
17,588
13,552
17,92
17,214
17,53
17,39
12,642
17,662
36,187
17,263
11,724
17,601
17,400
36,636
12,466
17,99
17,234
17,13
35,68
12,430
5,439
26,339
25,123
17,393
17,748
17,290
17,56
17,693
17,10
5,29
39,597
11,128
12,127
4,222
17,287
36,12
17,647
5,477
19,594
12,476
17,289
17,354
11,258
17,557
17,394
18,560
11,241
2,35
17,262
17,348
17,148
17,563
17,89
11,590
35,301
17,160
12,94
5,138
11,454
17,530
17,319
21,346
17,546
17,361
40,516
17,271
17,535
17,332
30,239
17,168
36,67
17,437
44,541
11,5
30,387
18,369
11,464
9,657
17,634
17,31
17,113
12,86
12,628
3,750
18,436
5,310
26,667
17,18
17,4
3,669
1,120
17,293
17,161
5,232
17,491
13,654
17,411
36,668
17,616
12,729
13,562
2,462
26,305
17,374
43,208
11,484
32,231
12,595
17,511
12,655
5,227
18,260
37,8
11,97
37,9
33,401
17,547
17,460
17,107
17,21
45,166
12,538
12,554
11,184
17,181
17,564
17,468
5,40
17,185
12,478
17,75
17,87
28,304
17,63
5,397
17,649
12,43
36,428
17,431
17,606
17,336
17,408
17,519
17,574
45,520
17,233
17,22
17,673
17,312
17,109
17,217
4,581
17,386
5,413
17,243
17,733
12,659
17,365
2,215
3,517
17,558
12,687
11,17
17,689
11,299
11,596
17,356
17,455
17,28
2,648
17,44
7,744
35,249
36,108
17,450
12,244
36,324
17,677
17,682
17,650
12,337
17,264
17,268
11,700
17,561
17,674
12,32
36,351
17,651
17,345
37,432
12,114
11,551
17,173
36,416
17,672
9,88
18,444
17,115
11,77
17,82
26,225
12,177
13,514
17,266
12,52
13,276
12,611
12,625
11,79
2,102
5,438
17,180
17,326
31,708
17,524
17,402
17,83
17,645
11,146
27,456
17,565
36,513
17,685
26,76
17,329
11,585
27,6
17,506
17,122
2,388
41,322
17,247
18,445
17,254
12,608
5,375
17,465
17,392
12,591
12,303
13,197
19,308
17,45
17,80
17,508
18,727
35,294
17,702
17,721
17,273
11,137
17,489
5,302
17,144
46,191
3,196
36,482
17,643
37,448
17,566
12,618
35,715
5,384
17,412
17,440
17,156
17,526
17,248
17,722
3,691
36,531
17,452
12,492
17,349
17,363
17,675
17,119
17,368
12,124
17,740
18,274
17,62
17,390
17,612
18,542
17,275
18,216
5,256
17,219
2,549
37,149
12,688
13,577
11,285
13,131
14,425
17,204
17,626
12,528
12,84
26,469
12,51
17,753
11,209
17,296
17,50
18,221
17,245
17,646
17,545
17,671
12,614
12,320
12,467
17,282
37,101
22,194
11,199
13,602
36,207
17,409
13,178
17,129
30,251
17,617
17,527
13,373
17,330
17,38
2,15
17,470
13,311
36,704
13,739
17,49
36,679
17,745
19,103
17,353
17,193
40,288
45,429
17,423
17,300
13,284
17,36
5,487
17,280
34,461
17,569
17,155
17,112
2,718
17,579
17,734
17,37
17,192
17,457
17,210
5,656
17,556
17,376
26,321
17,441
17,42
5,582
8,575
17,30
18,213
17,377
17,33
5,65
17,385
12,419
17,696
17,69
17,333
11,105
26,316
17,475
17,295
17,499
17,697
30,134
36,459
17,427
17,586
17,145
13,143
30,751
17,238
17,610
19,106
17,132
12,286
42,223
49,752
37,117
