20,50
28,293
14,579
18,100
13,701
26,607
18,264
29,587
13,525
22,128
12,688
5,545
28,663
18,99
15,245
19,19
14,294
38,574
18,676
18,185
34,308
18,523
18,632
13,239
18,590
22,123
28,356
38,665
46,389
28,130
21,698
12,555
21,639
18,337
12,442
42,320
43,67
18,338
31,23
32,76
18,168
14,227
14,329
14,105
19,679
12,418
42,692
8,388
16,289
18,54
44,146
28,524
5,491
18,385
18,396
16,612
12,154
18,435
14,155
28,699
18,591
18,458
12,381
8,284
28,296
6,554
18,420
26,61
18,498
18,97
18,374
18,642
28,58
27,156
27,530
18,536
11,118
32,459
8,392
19,478
8,474
18,110
28,626
13,553
47,275
13,589
18,397
14,304
18,288
21,428
18,602
20,34
13,666
13,286
18,497
27,7
18,162
49,229
18,522
18,519
26,283
14,425
33,208
48,176
18,278
13,166
13,684
30,125
12,126
18,266
12,473
13,334
18,22
6,623
13,20
16,363
33,38
18,41
31,343
14,492
21,421
28,69
18,453
12,470
18,14
18,82
13,187
18,219
22,494
18,496
26,371
50,313
31,70
48,234
13,189
28,661
31,465
14,350
14,572
13,355
38,159
12,624
2,391
23,596
21,431
18,615
22,89
29,167
35,71
31,62
14,565
8,113
13,311
18,611
18,315
18,25
48,317
28,307
18,55
24,613
14,647
18,490
35,621
18,346
19,508
18,655
18,95
18,387
14,237
49,297
41,449
12,164
8,506
16,680
8,357
18,232
21,594
19,566
28,87
47,592
13,645
28,520
21,4
17,265
18,700
27,556
18,410
31,322
18,694
36,91
31,436
31,196
14,599
23,486
14,345
18,367
12,401
26,316
13,72
9,178
48,548
14,544
14,443
21,165
31,249
14,80
13,390
18,600
28,648
12,16
28,45
28,353
42,603
12,298
28,511
9,468
13,549
14,636
18,593
21,1
28,261
49,259
31,244
12,92
13,177
14,204
18,220
13,33
18,90
28,183
13,416
18,145
6,121
18,31
47,9
14,618
18,617
28,695
18,448
38,135
6,231
28,86
30,383
20,115
18,217
13,228
27,408
50,5
19,207
12,472
14,106
14,609
3,446
14,24
13,483
31,475
23,558
5,669
20,255
14,675
20,580
14,140
42,378
18,181
18,672
18,269
34,439
12,199
13,291
31,323
38,112
49,399
31,505
13,570
18,93
12,335
8,246
18,84
15,450
39,664
31,429
31,94
18,107
18,463
31,649
18,499
43,405
18,127
18,557
12,274
13,562
12,225
18,153
18,460
8,414
18,424
18,627
20,678
36,268
11,197
34,584
41,57
8,224
18,214
28,481
31,109
18,46
18,142
12,454
35,479
18,309
28,512
18,111
12,605
18,502
18,32
18,641
39,375
25,359
18,210
28,124
18,659
13,422
23,364
23,569
28,373
47,441
28,690
18,601
42,488
12,537
9,348
28,559
18,638
13,411
10,250
18,35
18,314
28,290
39,63
28,689
38,331
18,413
16,417
18,361
18,11
7,292
12,276
31,172
18,404
28,252
16,509
19,169
30,151
18,139
18,660
18,120
31,43
12,527
15,466
12,193
33,195
18,682
12,515
26,260
31,218
18,203
6,251
24,138
16,17
18,640
28,487
12,262
18,254
12,59
26,161
36,696
13,44
6,236
28,542
18,202
28,42
13,471
31,226
18,622
14,577
18,88
18,610
18,102
19,206
18,567
18,3
47,386
28,543
34,528
18,685
18,534
15,504
13,691
42,500
18,56
30,116
9,370
12,49
13,625
10,174
31,437
13,352
28,344
18,551
12,631
9,184
12,398
12,279
23,576
21,620
12,634
18,461
31,438
18,15
18,360
12,464
11,257
12,564
18,144
28,194
27,325
18,415
13,324
31,26
18,10
48,129
45,635
38,147
18,646
18,552
16,160
15,369
13,604
48,469
12,477
18,445
19,319
31,175
24,152
13,546
11,173
13,64
18,81
13,48
28,568
31,79
18,295
12,277
40,303
28,216
28,526
18,462
18,200
13,412
15,485
9,550
13,332
23,403
18,347
14,582
30,670
20,517
24,616
18,447
14,300
13,423
18,77
18,336
13,687
5,697
24,406
18,12
12,476
26,541
12,53
26,595
13,258
28,532
9,529
18,368
14,241
12,114
38,66
18,588
18,379
18,233
38,83
18,158
26,484
18,339
18,73
18,382
13,535
16,230
28,122
12,305
26,563
16,221
13,341
18,575
38,136
18,2
14,597
38,394
20,211
12,674
45,215
28,212
14,533
48,52
11,328
37,677
18,656
18,457
31,209
18,13
18,326
18,501
18,60
9,179
14,333
16,662
4,182
18,238
38,578
4,426
28,27
16,456
28,30
18,547
12,451
27,585
31,409
35,321
5,312
14,242
16,514
19,65
18,380
8,637
28,652
19,619
20,651
9,372
16,614
24,608
18,351
18,75
18,74
18,653
13,427
13,96
12,186
38,247
31,538
13,480
28,482
23,68
18,503
18,650
14,131
8,101
12,376
13,495
43,365
18,198
32,583
18,6
28,693
15,243
14,108
28,354
18,467
13,402
38,148
7,8
26,349
12,561
28,430
35,657
18,539
6,444
18,133
18,281
18,273
18,407
20,191
18,384
5,119
18,192
28,282
31,366
18,419
19,39
12,285
18,673
19,598
24,188
12,452
36,270
18,205
28,306
13,521
14,668
18,223
18,137
18,256
28,358
18,150
11,573
13,40
13,78
28,493
15,507
18,240
14,581
18,681
18,489
16,510
18,531
12,18
51,560
36,141
48,434
16,342
18,28
48,271
15,318
22,340
20,280
28,455
12,163
18,540
14,586
12,310
18,149
42,654
45,190
18,629
24,299
18,606
19,377
13,518
26,667
28,395
28,301
27,267
35,21
18,683
28,362
31,117
49,103
12,400
14,213
18,330
28,263
18,36
13,643
18,47
18,171
34,302
31,37
13,571
7,287
51,51
13,686
31,432
28,157
13,134
18,440
28,201
12,104
18,630
18,516
38,633
14,272
34,170
18,98
16,222
44,658
10,180
18,85
12,393
12,235
16,327
18,644
30,433
18,703
13,513
14,29
10,628
18,671
18,132
18,248
18,143
1,702
45,253
