39,798
39,410
26,575
39,901
18,705
39,80
39,580
39,884
41,29
39,451
39,572
41,85
39,22
4,985
39,547
39,816
39,161
4,914
39,234
48,927
39,204
39,242
4,296
39,301
4,1036
39,746
39,1074
41,656
39,393
46,883
48,512
39,791
4,802
39,843
4,254
44,356
39,114
39,1014
39,544
39,413
39,961
39,730
39,594
39,69
39,817
39,428
4,767
39,1065
39,850
4,76
39,760
39,935
39,644
39,374
39,881
39,576
39,989
39,754
39,68
39,229
39,695
17,239
13,1018
39,943
4,632
39,260
4,1062
39,861
39,655
39,1063
39,972
39,1081
39,498
39,951
39,763
39,991
39,846
30,782
25,723
39,444
39,625
39,494
20,419
4,72
39,115
7,677
39,24
39,209
4,238
39,837
39,476
39,178
39,380
39,1000
14,1075
39,939
39,287
39,667
39,578
39,27
39,262
41,762
39,128
45,790
41,528
39,1033
41,364
7,622
39,740
41,557
39,771
39,758
46,345
39,327
39,593
39,968
41,471
39,425
41,437
4,32
39,608
39,495
39,944
39,1048
39,360
39,98
46,43
39,252
39,922
39,71
39,744
39,707
39,688
39,661
4,282
10,866
39,328
39,863
39,905
39,423
48,375
39,320
39,138
39,45
39,454
48,1071
39,830
39,398
39,196
39,946
6,506
39,774
39,959
41,882
39,155
39,603
41,911
39,10
39,501
39,394
39,118
39,776
39,783
41,1020
39,106
2,480
39,674
39,1029
39,1061
39,854
39,497
39,979
39,162
39,713
39,827
39,847
39,696
39,1017
39,1013
39,650
41,8
39,250
39,399
39,913
39,187
37,335
39,152
39,909
41,182
39,39
4,230
7,122
39,245
39,490
39,317
39,452
39,6
39,321
46,134
39,848
39,435
39,1050
4,964
39,1021
39,348
39,651
4,469
39,525
39,875
46,334
39,443
39,460
41,933
7,940
39,565
14,589
2,1042
39,606
37,7
39,404
39,967
46,1077
46,676
39,34
39,163
43,395
7,521
39,958
39,315
39,897
39,896
41,121
4,353
39,279
39,825
39,396
39,388
39,426
39,996
37,742
39,1022
39,90
39,862
41,669
39,73
39,639
39,401
39,188
46,636
39,948
39,144
39,379
39,206
39,212
39,418
7,251
39,954
39,1047
39,201
39,607
41,167
39,824
39,546
39,835
41,947
39,489
39,869
39,125
39,44
39,259
39,941
11,778
39,132
46,145
39,801
39,183
39,59
30,965
39,293
39,716
39,482
39,635
39,366
4,37
39,851
37,793
39,343
46,175
39,450
4,342
39,765
39,173
39,785
39,277
39,720
39,936
39,690
46,659
14,826
39,246
39,4
39,446
11,809
41,302
39,524
39,448
39,432
39,1010
39,916
39,478
41,496
7,97
39,1034
39,995
39,624
38,605
39,683
39,743
39,484
39,441
39,769
22,852
49,468
4,717
46,642
41,1044
39,945
39,48
39,314
39,646
4,463
5,149
41,545
39,714
39,235
39,590
4,92
39,810
4,54
4,626
39,858
39,592
39,1002
39,813
39,554
40,285
14,1009
39,596
37,617
48,409
39,295
39,1058
39,955
35,523
10,671
39,1060
4,1043
39,581
39,703
39,849
1,224
39,853
39,819
39,618
45,179
39,459
4,520
4,583
39,892
39,726
39,1027
41,281
39,595
39,534
39,58
39,770
48,363
48,57
39,615
39,530
39,840
4,877
39,267
39,406
37,369
39,103
39,719
39,159
30,263
11,807
4,795
39,329
39,215
39,445
39,70
39,491
41,283
39,96
39,436
39,893
39,91
2,225
39,449
39,220
39,153
39,918
39,833
39,508
39,112
39,535
41,814
39,99
39,156
39,1032
41,258
39,976
39,424
39,300
39,888
4,1041
10,341
39,143
39,573
39,13
39,371
39,297
39,993
39,66
39,680
4,682
39,1008
39,1056
39,292
41,202
39,732
39,868
39,1028
37,307
39,319
37,666
39,427
39,81
39,42
39,313
39,461
39,243
30,376
39,19
39,75
39,1007
39,241
39,597
37,310
39,147
39,195
39,473
39,929
4,555
39,74
39,1003
39,221
39,502
39,176
39,291
39,124
39,942
39,53
39,172
39,55
39,756
39,867
41,169
39,109
30,2
35,160
39,381
39,988
39,872
46,697
39,370
39,1066
39,586
39,174
39,815
39,963
41,526
11,540
39,962
39,982
39,969
39,462
4,731
37,515
39,17
39,519
39,588
39,569
39,1052
4,417
39,483
39,51
39,384
4,477
39,999
48,1030
39,784
4,433
39,591
45,336
37,392
4,834
39,40
39,548
4,908
39,289
48,702
8,1069
39,467
39,558
39,653
39,986
39,701
39,957
39,131
39,386
39,93
39,383
39,704
46,937
39,60
4,749
41,248
39,992
39,998
39,275
46,488
39,823
39,748
4,930
39,974
39,414
48,1070
30,637
39,148
39,518
39,1083
39,11
39,692
39,829
4,745
39,77
39,165
39,208
39,582
39,1076
41,407
39,268
39,910
4,629
4,538
4,100
41,41
4,500
46,1053
39,902
39,403
39,271
48,777
39,422
4,318
41,647
39,752
39,627
4,116
39,21
39,665
41,197
39,878
41,26
39,266
39,184
39,228
39,130
40,796
41,442
39,198
48,158
39,859
39,193
39,686
39,983
39,755
39,549
39,338
39,634
39,111
39,567
37,264
39,200
7,984
15,280
39,465
39,724
4,133
39,373
39,779
39,429
39,455
41,738
4,129
48,753
46,658
4,1049
7,269
39,657
41,678
39,137
39,94
48,1051
39,180
4,973
39,923
28,168
39,82
39,672
39,1072
39,831
34,464
39,856
47,880
37,305
39,1045
41,64
39,747
39,126
39,344
39,185
11,52
39,602
39,537
41,49
39,211
41,949
39,640
46,257
39,938
39,800
4,1067
48,308
39,276
39,150
46,551
39,255
4,270
39,855
39,599
39,541
39,190
39,247
46,781
39,1078
4,351
4,294
39,231
39,950
39,38
39,710
4,1019
39,15
15,359
39,358
39,773
41,527
39,16
4,170
39,140
39,123
39,101
4,177
39,171
39,362
39,400
39,1057
41,533
41,934
39,470
4,1079
39,750
23,387
39,352
39,466
39,522
4,620
10,46
39,194
39,416
39,891
41,504
42,1035
45,1068
39,681
39,553
39,485
39,253
39,456
46,1055
39,566
41,61
35,1054
39,1024
3,142
7,797
39,994
39,664
11,926
39,408
39,330
4,899
39,727
39,735
4,864
41,439
39,997
39,431
4,405
39,218
39,457
41,1037
41,1
39,273
39,139
39,412
41,481
7,56
39,236
37,237
4,552
39,513
48,691
39,306
7,205
39,309
39,87
39,88
39,1011
39,598
39,873
39,286
39,1039
39,219
46,510
39,453
39,186
39,240
39,349
39,438
32,385
39,631
4,736
39,440
4,768
39,493
39,316
41,584
39,346
41,698
39,894
37,102
39,189
39,772
39,1073
41,571
39,107
39,643
4,641
39,472
39,105
39,486
39,684
4,154
39,722
39,213
39,885
39,556
39,562
41,434
7,1031
30,585
14,326
39,244
39,609
16,924
39,903
30,12
39,164
39,577
39,633
39,1004
29,981
39,261
39,119
39,708
7,895
4,766
46,532
4,729
39,311
33,415
39,117
39,733
48,181
27,304
39,786
39,265
39,990
39,1064
39,411
4,232
39,28
4,110
4,728
48,1026
39,157
39,397
39,966
39,9
39,616
48,579
39,764
39,685
39,372
48,673
39,333
39,757
39,915
4,876
39,808
4,628
46,709
39,354
4,475
46,917
39,699
7,78
7,919
39,890
39,389
39,932
39,474
39,447
39,794
39,278
39,543
39,788
39,887
39,223
48,210
39,564
39,274
4,325
39,1001
39,842
39,199
39,660
4,706
39,127
39,612
39,652
39,805
14,1040
7,529
39,839
37,113
48,536
39,645
32,249
39,479
39,298
1,751
39,288
39,30
39,222
39,365
39,509
41,104
4,700
31,630
39,822
4,141
30,828
39,587
39,505
39,619
41,977
41,378
39,832
39,811
4,611
39,874
48,568
39,146
39,920
41,542
4,350
39,857
43,516
7,1059
39,900
39,20
39,649
39,31
2,931
39,739
39,377
32,906
39,1046
36,226
39,36
30,928
48,323
7,970
39,83
39,322
41,689
4,79
39,1015
39,799
44,623
39,812
39,3
48,956
30,5
39,514
39,820
39,980
39,610
39,721
39,761
39,860
39,550
39,33
39,560
39,780
39,718
39,1023
39,1080
39,836
39,675
39,382
39,663
39,886
4,18
4,391
39,337
39,987
19,492
39,821
39,1006
39,865
4,804
39,203
39,838
39,725
39,1038
39,613
41,67
39,1025
39,889
39,507
21,65
12,207
39,531
39,357
39,662
7,25
39,693
48,559
4,898
39,499
4,368
41,47
39,654
39,14
39,50
39,539
39,84
4,503
39,904
39,570
41,679
39,759
39,1005
39,324
39,430
39,648
39,561
39,135
39,191
39,563
39,340
46,960
39,806
39,621
41,1012
4,687
4,953
39,952
39,284
39,458
39,89
37,331
4,737
39,604
39,290
24,233
9,23
39,120
39,339
39,35
39,978
39,367
39,775
4,420
39,841
4,668
41,574
39,818
39,511
39,925
39,332
41,151
39,256
39,871
39,907
39,844
39,741
39,734
4,712
37,312
46,803
39,600
39,845
39,227
39,787
39,86
43,108
39,975
39,192
39,214
39,614
39,921
39,517
39,1016
39,402
39,912
39,217
39,166
39,1082
48,879
39,361
39,711
39,303
39,390
41,715
39,272
39,638
39,487
39,694
39,355
39,421
39,136
39,971
41,63
39,347
39,299
39,789
39,870
39,95
39,216
4,601
39,670
1,792
39,62
