18,13
29,442
18,83
15,295
4,248
18,271
18,92
55,108
42,202
18,63
18,249
18,117
18,504
18,393
18,561
13,321
18,499
18,211
18,156
18,115
18,490
18,180
52,178
80,472
77,562
7,522
18,198
18,389
18,199
18,443
50,146
29,96
18,39
18,125
79,18
17,151
80,290
18,330
18,87
18,33
18,148
18,200
17,195
18,101
71,19
18,560
18,59
80,300
55,568
18,56
18,571
54,564
18,325
18,419
18,15
18,139
18,501
18,174
18,299
18,261
18,528
18,536
18,401
33,279
18,44
18,276
18,143
18,489
18,109
17,418
21,291
16,349
65,386
18,40
18,530
39,238
18,46
18,545
18,467
17,245
50,404
18,244
18,378
18,29
18,67
5,252
18,274
18,574
18,89
53,516
33,293
18,327
18,283
18,533
33,119
18,370
83,458
18,68
18,88
80,465
18,285
18,227
33,331
18,50
79,7
28,237
31,557
18,303
18,317
18,449
18,144
17,339
56,188
18,537
18,413
18,3
18,230
63,166
18,394
70,155
80,20
29,372
18,240
74,366
18,203
17,583
18,513
18,11
80,487
80,258
18,269
24,579
21,322
60,414
18,53
81,152
56,556
80,255
18,131
43,243
17,420
18,368
18,221
18,428
79,553
18,316
78,491
18,278
60,65
17,286
18,55
18,233
18,78
13,215
18,205
18,254
87,409
26,532
58,494
29,69
18,51
64,448
23,423
18,266
18,512
18,567
79,481
17,171
18,326
18,460
18,34
68,228
31,466
18,391
72,430
80,94
80,196
18,14
1,62
18,367
80,85
32,114
2,190
4,297
13,566
18,197
18,492
18,546
18,432
18,17
80,505
75,98
58,153
59,441
18,488
18,426
18,82
18,123
18,523
18,559
72,102
18,577
18,425
41,187
18,485
15,270
18,439
33,495
18,581
85,400
18,476
33,586
76,582
18,515
18,79
8,507
17,236
18,584
10,585
18,410
18,306
34,218
18,304
18,38
33,264
73,578
18,496
18,21
29,74
18,379
18,84
32,315
18,344
60,207
18,61
18,360
18,161
18,540
18,555
18,334
75,453
79,93
18,470
18,422
18,259
17,329
16,445
18,30
18,12
18,47
26,10
18,455
54,575
18,169
18,75
18,164
37,484
18,345
18,314
15,347
18,301
12,373
25,446
18,380
76,570
18,362
18,313
18,294
18,355
18,337
18,231
35,58
13,142
18,440
27,22
18,563
39,569
18,526
18,268
82,165
52,376
21,214
18,28
32,60
18,552
18,424
18,220
80,408
86,57
18,1
18,310
18,309
18,308
18,551
18,403
80,333
18,128
75,451
18,377
18,381
18,421
3,77
18,27
18,209
11,6
18,104
10,371
18,170
18,311
18,267
18,127
25,292
18,256
18,474
18,412
18,186
18,235
61,54
68,398
20,239
18,547
18,99
3,110
36,572
18,287
18,340
18,66
25,223
18,135
18,396
18,41
75,116
18,411
18,438
21,111
46,189
18,541
13,224
18,250
18,42
80,415
75,479
19,549
18,454
18,168
17,36
18,358
60,80
18,346
62,141
79,539
86,406
17,511
83,43
18,217
17,356
78,70
17,246
63,126
18,353
67,529
18,112
74,150
83,343
7,500
18,508
18,335
18,133
40,71
18,282
18,417
18,473
18,320
80,247
77,514
18,72
18,431
18,427
18,405
18,4
18,206
41,260
7,390
6,16
44,273
18,338
51,154
63,185
18,464
13,395
18,475
67,163
18,263
18,312
22,328
18,251
9,158
18,275
80,132
18,565
18,219
73,307
18,305
18,262
16,32
17,122
65,2
18,229
18,160
18,502
18,558
18,573
18,456
18,106
18,26
35,383
20,365
18,216
18,517
18,503
18,397
18,384
18,86
18,534
18,5
18,184
16,435
18,302
66,554
18,323
16,183
18,179
80,64
80,542
4,208
46,103
80,95
18,548
18,225
18,212
18,461
18,91
18,182
80,284
18,232
18,173
67,107
18,531
18,222
67,521
18,518
47,416
18,272
18,324
18,257
28,277
38,525
18,76
81,369
18,480
33,457
48,204
75,382
14,520
18,49
18,8
18,497
79,543
66,527
18,52
52,253
18,23
20,281
18,471
22,90
18,509
69,538
81,137
18,113
38,159
18,193
88,194
45,348
18,149
18,134
45,234
18,318
18,462
18,506
18,580
18,436
18,336
73,452
18,31
18,81
18,387
55,140
84,9
18,385
21,483
18,486
30,350
9,130
18,177
18,341
48,576
18,433
21,129
57,288
65,524
17,181
18,176
18,437
16,399
18,296
18,588
9,544
34,191
78,121
41,48
34,138
18,24
18,434
80,374
39,37
18,535
55,100
18,550
17,444
18,136
34,459
18,478
18,468
4,105
80,145
18,351
18,167
57,35
17,242
18,147
18,357
33,519
55,280
80,298
18,192
18,332
18,342
33,463
18,241
80,363
18,124
18,375
18,25
3,265
18,213
18,226
18,493
30,402
18,201
18,175
18,45
18,120
18,172
18,319
24,477
18,354
18,97
18,364
18,407
18,510
18,73
18,429
30,469
18,447
18,361
80,450
18,392
18,359
18,118
49,388
18,162
18,352
18,289
18,157
18,210
18,498
89,482
80,587
