5,564
11,532
11,151
11,452
11,372
10,475
6,422
11,539
10,476
23,88
23,593
11,210
11,507
11,78
5,596
11,65
11,509
19,220
10,99
10,165
11,279
11,84
11,196
11,310
23,406
11,521
23,296
11,12
11,79
11,407
11,16
12,303
11,558
11,23
11,625
5,392
10,340
23,4
11,216
23,365
1,209
4,515
11,56
11,437
11,562
11,234
23,120
6,546
23,627
6,351
11,495
11,371
11,529
6,344
7,395
11,439
11,145
11,149
4,277
5,519
5,482
5,161
10,300
19,366
11,110
11,584
11,606
11,187
11,350
13,294
10,308
5,53
5,347
11,283
11,43
18,213
23,607
11,360
11,173
12,223
11,465
11,45
11,585
11,413
11,536
10,218
4,158
11,321
11,200
10,621
5,569
11,81
12,224
19,111
12,66
13,493
11,114
21,46
11,178
23,212
13,113
19,487
7,469
11,89
10,115
20,13
12,135
11,333
23,8
11,500
11,597
10,97
11,555
11,228
11,592
11,44
11,280
11,622
9,603
11,5
1,259
23,570
6,57
7,619
5,22
18,17
11,510
13,3
11,561
18,69
12,324
5,260
6,553
9,383
11,281
11,291
11,82
5,26
5,479
1,602
13,342
23,315
5,85
6,363
11,236
12,30
4,498
20,29
11,225
11,524
11,313
4,468
7,573
24,198
12,626
11,444
11,580
11,238
12,335
11,533
11,289
9,176
11,586
5,245
11,591
5,249
11,471
11,599
1,168
1,620
5,33
11,528
11,282
6,401
5,192
11,269
14,35
11,51
23,2
7,298
10,136
7,214
11,385
10,560
9,359
5,292
11,615
8,484
5,550
19,257
6,480
11,429
12,556
7,92
4,425
11,117
5,409
11,322
11,554
11,472
5,450
11,445
5,514
23,325
7,263
11,217
13,527
11,68
11,604
11,440
10,14
11,160
11,104
11,587
11,577
11,456
11,108
11,631
23,448
11,629
14,618
12,301
11,581
11,39
11,497
10,58
5,364
11,397
10,163
1,424
11,458
5,339
7,382
11,150
5,361
11,31
5,457
11,540
10,582
20,567
2,172
10,490
6,434
1,83
11,253
6,346
10,415
10,129
11,511
12,52
1,594
1,167
11,202
10,34
5,137
1,605
11,231
9,127
11,600
11,537
11,410
14,544
11,288
12,116
9,305
10,183
15,215
5,595
11,338
9,156
12,508
12,157
5,21
10,118
10,461
4,67
11,75
10,624
11,24
11,428
11,199
11,208
11,206
21,502
10,28
12,261
10,74
11,278
11,19
12,247
11,394
11,90
7,20
11,473
9,9
11,489
4,275
11,37
10,226
11,357
11,6
23,229
11,266
5,248
11,86
12,504
21,105
11,571
23,242
11,112
10,417
12,311
11,299
9,254
11,274
23,535
5,181
4,464
10,211
1,71
11,370
11,393
5,513
11,408
11,389
5,486
2,334
20,287
4,239
22,427
5,184
1,285
11,319
10,63
11,566
21,387
21,551
11,542
11,270
11,447
6,531
11,314
5,265
11,185
4,119
11,134
11,549
21,380
20,295
11,258
11,162
1,193
24,250
5,286
5,430
5,93
10,572
6,222
11,95
11,377
11,271
4,155
11,412
11,264
11,272
11,462
6,557
7,159
1,131
10,312
11,80
11,32
4,290
5,390
12,579
4,306
12,375
1,608
23,388
9,496
6,146
11,107
11,399
5,207
11,518
1,70
10,96
12,101
10,559
12,128
6,141
11,177
10,221
10,262
11,609
19,474
11,267
7,483
12,543
4,188
11,354
1,491
5,1
17,268
7,189
11,326
11,416
10,598
11,197
11,73
23,235
12,125
11,203
5,435
11,227
5,494
10,61
5,91
5,355
20,304
5,530
11,545
6,421
11,526
11,132
20,432
10,588
11,139
11,610
12,523
18,438
5,171
7,481
11,419
5,166
7,384
11,317
5,62
11,175
11,60
7,232
23,630
7,343
11,454
11,418
19,449
9,164
11,186
5,138
11,520
24,201
11,331
23,72
5,143
4,403
11,255
11,576
11,237
7,517
23,36
11,273
12,356
18,616
10,323
11,15
23,374
20,485
11,601
11,613
1,414
11,362
11,318
10,522
15,455
11,329
11,297
4,506
18,512
11,400
11,59
5,477
11,345
15,501
11,568
5,152
10,195
11,376
1,147
10,276
11,42
5,373
23,87
11,628
5,293
11,534
12,525
11,611
11,552
7,405
11,590
4,182
11,436
7,441
10,443
1,503
4,433
11,398
11,368
11,55
11,459
11,233
4,103
10,617
11,124
11,538
3,153
5,499
13,205
11,180
5,194
11,50
4,341
5,54
11,381
7,423
5,243
11,548
11,174
11,246
5,7
9,358
11,133
11,123
7,144
10,367
11,191
11,391
7,48
11,505
11,332
23,488
9,121
8,386
11,320
5,170
11,252
20,589
6,256
9,378
11,470
9,244
7,402
11,251
11,352
11,169
11,230
12,632
11,369
13,41
11,140
11,612
11,327
23,241
11,516
23,49
10,122
11,563
4,541
11,492
11,316
10,302
12,411
11,11
16,442
23,623
5,575
11,109
23,219
12,614
11,204
11,100
11,179
21,38
11,460
11,25
11,466
11,309
5,47
1,10
7,578
11,633
11,40
11,379
11,453
11,142
11,77
11,565
5,27
11,353
11,451
5,154
11,148
11,420
11,328
11,106
11,467
11,349
12,240
14,426
5,547
7,583
1,307
5,337
23,348
11,284
5,98
7,336
11,330
11,94
11,396
11,446
11,190
23,64
11,102
11,18
11,126
11,463
4,478
11,76
5,130
11,431
1,404
23,574
