33,798
33,410
23,575
33,901
16,705
33,80
33,580
33,884
35,29
33,451
33,572
35,85
33,22
4,985
33,547
33,816
33,161
4,914
33,234
40,927
33,204
33,242
4,296
33,301
4,1036
33,746
33,1074
35,656
33,393
38,883
40,512
33,791
4,802
33,843
4,254
37,356
33,114
33,1014
33,544
33,413
33,961
33,730
33,594
33,69
33,817
33,428
4,767
33,1065
33,850
4,76
33,760
33,935
33,644
33,374
33,881
33,576
33,989
33,754
33,68
33,229
33,695
15,239
11,1018
33,943
4,632
33,260
4,1062
33,861
33,655
33,1063
33,972
33,1081
33,498
33,951
33,763
33,991
33,846
27,782
22,723
33,444
33,625
33,494
18,419
4,72
33,115
6,677
33,24
33,209
4,238
33,837
33,476
33,178
33,380
33,1000
12,1075
33,939
33,287
33,667
33,578
33,27
33,262
35,762
33,128
38,790
35,528
33,1033
35,364
6,622
33,740
35,557
33,771
33,758
38,345
33,327
33,593
33,968
35,471
33,425
35,437
4,32
33,608
33,495
33,944
33,1048
33,360
33,98
38,43
33,252
33,922
33,71
33,744
33,707
33,688
33,661
4,282
9,866
33,328
33,863
33,905
33,423
40,375
33,320
33,138
33,45
33,454
40,1071
33,830
33,398
33,196
33,946
5,506
33,774
33,959
35,882
33,155
33,603
35,911
33,10
33,501
33,394
33,118
33,776
33,783
35,1020
33,106
2,480
33,674
33,1029
33,1061
33,854
33,497
33,979
33,162
33,713
33,827
33,847
33,696
33,1017
33,1013
33,650
35,8
33,250
33,399
33,913
33,187
32,335
33,152
33,909
35,182
33,39
4,230
6,122
33,245
33,490
33,317
33,452
33,6
33,321
38,134
33,848
33,435
33,1050
4,964
33,1021
33,348
33,651
4,469
33,525
33,875
38,334
33,443
33,460
35,933
6,940
33,565
12,589
2,1042
33,606
32,7
33,404
33,967
38,1077
38,676
33,34
33,163
37,395
6,521
33,958
33,315
33,897
33,896
35,121
4,353
33,279
33,825
33,396
33,388
33,426
33,996
32,742
33,1022
33,90
33,862
35,669
33,73
33,639
33,401
33,188
38,636
33,948
33,144
33,379
33,206
33,212
33,418
6,251
33,954
33,1047
33,201
33,607
35,167
33,824
33,546
33,835
35,947
33,489
33,869
33,125
33,44
33,259
33,941
9,778
33,132
38,145
33,801
33,183
33,59
27,965
33,293
33,716
33,482
33,635
33,366
4,37
33,851
32,793
33,343
38,175
33,450
4,342
33,765
33,173
33,785
33,277
33,720
33,936
33,690
38,659
12,826
33,246
33,4
33,446
9,809
35,302
33,524
33,448
33,432
33,1010
33,916
33,478
35,496
6,97
33,1034
33,995
33,624
32,605
33,683
33,743
33,484
33,441
33,769
19,852
41,468
4,717
38,642
35,1044
33,945
33,48
33,314
33,646
4,463
4,149
35,545
33,714
33,235
33,590
4,92
33,810
4,54
4,626
33,858
33,592
33,1002
33,813
33,554
34,285
12,1009
33,596
32,617
40,409
33,295
33,1058
33,955
31,523
9,671
33,1060
4,1043
33,581
33,703
33,849
1,224
33,853
33,819
33,618
38,179
33,459
4,520
4,583
33,892
33,726
33,1027
35,281
33,595
33,534
33,58
33,770
40,363
40,57
33,615
33,530
33,840
4,877
33,267
33,406
32,369
33,103
33,719
33,159
27,263
9,807
4,795
33,329
33,215
33,445
33,70
33,491
35,283
33,96
33,436
33,893
33,91
2,225
33,449
33,220
33,153
33,918
33,833
33,508
33,112
33,535
35,814
33,99
33,156
33,1032
35,258
33,976
33,424
33,300
33,888
4,1041
9,341
33,143
33,573
33,13
33,371
33,297
33,993
33,66
33,680
4,682
33,1008
33,1056
33,292
35,202
33,732
33,868
33,1028
32,307
33,319
32,666
33,427
33,81
33,42
33,313
33,461
33,243
27,376
33,19
33,75
33,1007
33,241
33,597
32,310
33,147
33,195
33,473
33,929
4,555
33,74
33,1003
33,221
33,502
33,176
33,291
33,124
33,942
33,53
33,172
33,55
33,756
33,867
35,169
33,109
27,2
31,160
33,381
33,988
33,872
38,697
33,370
33,1066
33,586
33,174
33,815
33,963
35,526
9,540
33,962
33,982
33,969
33,462
4,731
32,515
33,17
33,519
33,588
33,569
33,1052
4,417
33,483
33,51
33,384
4,477
33,999
40,1030
33,784
4,433
33,591
38,336
32,392
4,834
33,40
33,548
4,908
33,289
40,702
7,1069
33,467
33,558
33,653
33,986
33,701
33,957
33,131
33,386
33,93
33,383
33,704
38,937
33,60
4,749
35,248
33,992
33,998
33,275
38,488
33,823
33,748
4,930
33,974
33,414
40,1070
27,637
33,148
33,518
33,1083
33,11
33,692
33,829
4,745
33,77
33,165
33,208
33,582
33,1076
35,407
33,268
33,910
4,629
4,538
4,100
35,41
4,500
38,1053
33,902
33,403
33,271
40,777
33,422
4,318
35,647
33,752
33,627
4,116
33,21
33,665
35,197
33,878
35,26
33,266
33,184
33,228
33,130
34,796
35,442
33,198
40,158
33,859
33,193
33,686
33,983
33,755
33,549
33,338
33,634
33,111
33,567
32,264
33,200
6,984
13,280
33,465
33,724
4,133
33,373
33,779
33,429
33,455
35,738
4,129
40,753
38,658
4,1049
6,269
33,657
35,678
33,137
33,94
40,1051
33,180
4,973
33,923
25,168
33,82
33,672
33,1072
33,831
30,464
33,856
39,880
32,305
33,1045
35,64
33,747
33,126
33,344
33,185
9,52
33,602
33,537
35,49
33,211
35,949
33,640
38,257
33,938
33,800
4,1067
40,308
33,276
33,150
38,551
33,255
4,270
33,855
33,599
33,541
33,190
33,247
38,781
33,1078
4,351
4,294
33,231
33,950
33,38
33,710
4,1019
33,15
13,359
33,358
33,773
35,527
33,16
4,170
33,140
33,123
33,101
4,177
33,171
33,362
33,400
33,1057
35,533
35,934
33,470
4,1079
33,750
20,387
33,352
33,466
33,522
4,620
9,46
33,194
33,416
33,891
35,504
36,1035
38,1068
33,681
33,553
33,485
33,253
33,456
38,1055
33,566
35,61
31,1054
33,1024
3,142
6,797
33,994
33,664
9,926
33,408
33,330
4,899
33,727
33,735
4,864
35,439
33,997
33,431
4,405
33,218
33,457
35,1037
35,1
33,273
33,139
33,412
35,481
6,56
33,236
32,237
4,552
33,513
40,691
33,306
6,205
33,309
33,87
33,88
33,1011
33,598
33,873
33,286
33,1039
33,219
38,510
33,453
33,186
33,240
33,349
33,438
29,385
33,631
4,736
33,440
4,768
33,493
33,316
35,584
33,346
35,698
33,894
32,102
33,189
33,772
33,1073
35,571
33,107
33,643
4,641
33,472
33,105
33,486
33,684
4,154
33,722
33,213
33,885
33,556
33,562
35,434
6,1031
27,585
12,326
33,244
33,609
14,924
33,903
27,12
33,164
33,577
33,633
33,1004
26,981
33,261
33,119
33,708
6,895
4,766
38,532
4,729
33,311
29,415
33,117
33,733
40,181
24,304
33,786
33,265
33,990
33,1064
33,411
4,232
33,28
4,110
4,728
40,1026
33,157
33,397
33,966
33,9
33,616
40,579
33,764
33,685
33,372
40,673
33,333
33,757
33,915
4,876
33,808
4,628
38,709
33,354
4,475
38,917
33,699
6,78
6,919
33,890
33,389
33,932
33,474
33,447
33,794
33,278
33,543
33,788
33,887
33,223
40,210
33,564
33,274
4,325
33,1001
33,842
33,199
33,660
4,706
33,127
33,612
33,652
33,805
12,1040
6,529
33,839
32,113
40,536
33,645
29,249
33,479
33,298
1,751
33,288
33,30
33,222
33,365
33,509
35,104
4,700
28,630
33,822
4,141
27,828
33,587
33,505
33,619
35,977
35,378
33,832
33,811
4,611
33,874
40,568
33,146
33,920
35,542
4,350
33,857
37,516
6,1059
33,900
33,20
33,649
33,31
2,931
33,739
33,377
29,906
33,1046
31,226
33,36
27,928
40,323
6,970
33,83
33,322
35,689
4,79
33,1015
33,799
37,623
33,812
33,3
40,956
27,5
33,514
33,820
33,980
33,610
33,721
33,761
33,860
33,550
33,33
33,560
33,780
33,718
33,1023
33,1080
33,836
33,675
33,382
33,663
33,886
4,18
4,391
33,337
33,987
17,492
33,821
33,1006
33,865
4,804
33,203
33,838
33,725
33,1038
33,613
35,67
33,1025
33,889
33,507
18,65
10,207
33,531
33,357
33,662
6,25
33,693
40,559
4,898
33,499
4,368
35,47
33,654
33,14
33,50
33,539
33,84
4,503
33,904
33,570
35,679
33,759
33,1005
33,324
33,430
33,648
33,561
33,135
33,191
33,563
33,340
38,960
33,806
33,621
35,1012
4,687
4,953
33,952
33,284
33,458
33,89
32,331
4,737
33,604
33,290
21,233
8,23
33,120
33,339
33,35
33,978
33,367
33,775
4,420
33,841
4,668
35,574
33,818
33,511
33,925
33,332
35,151
33,256
33,871
33,907
33,844
33,741
33,734
4,712
32,312
38,803
33,600
33,845
33,227
33,787
33,86
37,108
33,975
33,192
33,214
33,614
33,921
33,517
33,1016
33,402
33,912
33,217
33,166
33,1082
40,879
33,361
33,711
33,303
33,390
35,715
33,272
33,638
33,487
33,694
33,355
33,421
33,136
33,971
35,63
33,347
33,299
33,789
33,870
33,95
33,216
4,601
33,670
1,792
33,62
