1,876
5,323
1,808
1,836
1,109
1,992
1,40
3,214
1,320
1,216
3,554
1,32
1,434
1,68
1,447
1,117
1,957
1,664
3,645
1,1032
1,427
1,668
1,340
3,888
1,505
1,342
3,170
1,360
1,330
1,891
1,287
1,1063
3,278
1,970
1,913
1,682
1,972
1,654
1,243
1,419
1,266
1,141
1,739
1,828
1,319
1,380
1,501
1,916
1,293
1,908
3,968
1,364
3,1076
1,658
1,730
1,47
1,306
3,571
1,722
1,296
1,871
1,446
3,387
1,77
2,963
1,366
1,1056
1,1089
1,173
1,971
1,846
1,678
1,897
2,816
1,1017
3,939
1,308
5,561
1,921
1,202
1,748
1,17
1,583
1,70
1,404
1,529
1,1009
1,852
1,787
1,1000
1,414
3,85
1,494
3,98
3,814
1,585
1,378
1,185
1,488
3,254
2,316
1,261
1,1012
1,149
3,745
1,262
1,524
3,268
1,270
1,448
3,339
3,207
1,646
3,450
1,934
2,178
1,684
1,399
2,28
1,99
3,917
1,246
3,784
1,1027
3,406
1,424
1,652
3,482
3,914
1,1030
1,826
1,827
1,245
1,12
1,299
1,562
1,423
1,283
3,203
1,525
1,769
1,979
1,647
1,159
3,783
1,998
1,679
3,29
1,721
1,73
1,560
1,800
1,744
1,749
1,142
1,81
1,1052
1,1072
1,703
3,490
3,620
1,631
3,1037
1,956
1,1008
1,1071
1,162
1,210
1,523
1,305
1,38
1,499
1,535
1,55
1,1069
3,747
1,1088
1,1082
1,929
1,1
2,742
1,23
1,536
1,579
1,187
1,297
1,750
1,39
1,157
1,215
1,115
1,756
1,665
1,978
3,983
1,773
1,75
2,1059
1,697
1,41
1,303
1,568
1,1002
1,941
1,660
1,731
1,107
1,417
3,875
1,186
1,1084
3,1020
1,411
1,812
1,223
1,97
1,96
3,442
2,588
1,355
1,151
3,251
1,344
1,405
1,902
1,1014
3,623
1,946
2,779
1,233
3,926
1,767
1,5
3,509
1,774
1,889
1,644
1,72
1,666
1,880
1,272
1,648
1,489
1,843
1,612
1,1004
2,782
3,291
1,179
1,589
1,503
1,1053
1,729
1,34
1,943
1,763
1,858
1,363
3,346
1,250
1,418
1,596
1,952
1,977
3,496
1,553
1,847
1,1054
1,211
1,694
1,59
1,240
2,1041
1,985
1,361
1,960
1,260
1,539
1,771
3,1085
3,50
1,1083
1,918
3,996
1,518
1,1077
1,415
3,236
3,298
1,1060
1,574
1,691
1,903
3,274
1,362
1,436
1,840
1,878
1,777
1,801
1,522
1,60
1,237
3,313
1,1003
1,1013
1,899
1,639
1,217
3,877
1,630
1,1044
1,166
1,923
1,1023
1,391
1,822
3,607
1,35
1,208
1,549
2,760
1,988
3,622
3,656
1,605
1,942
3,147
1,230
1,636
1,540
1,425
1,56
3,629
3,3
1,235
1,172
3,1022
1,348
1,124
1,311
1,904
6,420
1,354
1,794
1,394
2,527
1,781
4,189
1,200
1,825
1,1016
3,174
1,820
1,659
1,728
2,716
1,22
1,228
1,866
1,441
1,993
1,920
1,21
1,66
1,86
3,445
1,437
1,621
1,7
3,10
3,528
1,573
3,375
1,786
1,359
1,37
1,755
1,707
1,110
1,388
3,500
1,864
1,184
1,837
1,1078
1,671
1,403
1,127
3,557
1,947
1,146
3,845
1,422
3,241
1,392
1,197
3,862
1,52
1,674
1,628
1,282
1,102
1,62
1,351
1,155
1,949
1,807
3,958
3,1058
1,961
1,13
3,604
1,440
1,932
1,276
1,14
1,477
1,704
1,705
1,582
1,861
1,317
1,772
1,255
1,472
1,651
4,26
1,758
3,898
1,713
1,617
6,580
1,257
3,504
1,712
1,42
1,400
1,759
1,113
1,865
1,643
1,1048
1,4
1,633
1,594
1,87
1,754
1,873
1,80
1,20
3,206
1,1051
1,134
1,765
1,641
2,271
1,36
1,802
1,275
1,82
3,57
1,132
1,842
1,397
3,806
5,133
1,692
1,429
1,137
3,1074
1,1086
1,193
1,256
1,793
1,44
1,726
2,269
1,369
1,156
1,483
1,699
1,451
1,401
3,188
1,833
3,104
1,1031
1,1034
1,15
3,969
1,461
3,279
1,819
3,408
1,46
3,890
1,689
1,796
1,667
1,103
1,199
1,736
1,811
1,154
3,650
1,285
3,201
1,995
2,999
2,592
1,329
1,460
3,635
1,695
1,204
1,986
1,120
1,1042
3,884
1,601
1,1040
1,723
1,164
1,332
1,126
1,881
1,412
1,473
1,67
1,1036
1,224
1,158
1,517
1,761
1,407
2,521
1,43
1,426
1,476
1,140
3,590
2,1018
1,513
3,295
3,277
1,855
1,718
1,711
1,242
1,373
1,183
1,1001
1,900
3,1062
1,776
1,365
3,938
3,829
1,680
1,544
1,1047
3,474
1,627
2,331
3,785
1,69
1,421
2,396
3,676
1,973
2,31
1,226
1,1025
3,859
2,470
1,131
3,49
1,1055
1,386
1,459
1,300
1,135
1,177
1,449
1,1024
3,152
1,834
1,653
1,18
3,465
1,530
1,167
1,602
3,901
1,818
3,951
1,854
3,61
1,844
1,301
1,502
1,657
1,850
1,714
1,191
1,823
1,286
1,531
1,683
3,911
1,267
1,584
1,624
1,143
1,6
1,516
1,130
6,290
1,486
1,194
1,609
1,661
1,606
1,88
2,333
1,839
1,315
1,464
1,577
1,376
1,886
1,48
1,54
1,706
1,688
1,431
3,1073
1,479
1,389
1,841
1,738
1,1079
1,940
1,492
1,598
1,118
1,321
1,377
1,309
1,350
1,1068
1,439
1,907
2,463
1,122
1,1091
1,987
1,232
1,709
1,640
2,64
6,144
1,637
1,9
1,790
1,997
1,252
2,982
1,84
1,817
3,244
3,93
1,370
3,1007
1,25
1,532
1,89
1,337
1,150
3,169
1,953
1,213
1,402
3,734
3,249
1,469
1,264
1,670
3,879
1,165
1,919
1,741
1,821
1,458
3,263
1,564
1,632
1,1065
1,71
3,698
3,906
1,368
1,16
1,533
1,954
1,805
3,352
1,455
2,857
1,307
1,292
1,341
1,556
3,693
1,1080
3,475
1,327
3,345
1,519
1,168
1,944
1,379
3,534
1,180
1,593
1,551
1,192
1,930
1,182
1,515
3,634
1,356
1,136
1,870
1,1029
3,138
1,586
1,238
1,384
1,567
1,358
3,1081
1,964
1,1061
3,336
1,454
1,753
1,922
1,967
1,541
3,432
1,239
1,896
1,190
1,727
2,616
1,810
1,603
1,253
1,860
5,1064
1,740
3,456
1,438
1,804
1,614
1,314
1,608
3,526
1,872
1,538
1,768
1,416
3,312
1,1006
1,937
3,205
1,220
1,733
1,484
1,851
1,687
1,547
1,735
1,613
1,1015
1,468
3,258
1,795
1,945
2,453
1,887
1,30
1,1045
1,302
3,1066
3,966
3,381
1,989
1,480
1,791
1,975
1,788
1,1057
1,766
1,974
1,935
3,83
1,751
1,221
1,625
5,175
1,955
3,610
1,581
1,962
1,677
1,552
1,171
1,507
1,91
1,874
3,90
1,700
1,600
1,383
1,385
1,883
3,832
3,725
1,196
1,512
1,225
1,615
1,498
1,1087
4,106
1,618
1,443
1,153
1,720
1,649
1,481
1,642
1,444
1,780
3,45
3,548
1,550
1,803
1,79
3,893
1,326
1,835
6,322
1,710
1,885
1,662
1,273
1,537
1,101
3,543
1,1043
1,116
1,669
4,572
3,905
3,910
1,119
1,219
1,655
1,198
1,74
1,981
1,792
1,229
1,1021
1,626
1,948
1,478
3,976
1,181
1,927
2,510
1,1039
1,247
1,569
1,357
1,925
1,1035
3,347
1,1050
3,65
3,565
1,757
1,511
1,457
1,576
1,797
1,1067
1,611
1,936
1,395
2,33
1,334
1,869
1,520
3,145
2,546
1,195
3,950
1,294
1,325
3,892
1,163
1,752
1,743
1,435
1,491
1,789
1,770
1,578
5,984
2,558
1,1049
2,824
3,559
1,493
1,696
3,545
1,318
6,863
1,599
1,281
3,108
1,288
1,830
1,915
1,690
1,815
1,719
1,335
1,595
1,265
1,304
1,280
2,737
1,514
3,160
1,587
1,95
1,231
1,76
1,717
1,367
1,390
1,139
3,111
1,1070
1,809
1,234
1,1019
1,497
3,1028
1,413
1,980
1,597
1,965
1,764
1,638
1,121
1,701
1,1010
1,1033
2,1011
1,673
1,681
1,92
3,487
2,732
1,53
1,555
3,112
1,508
1,848
1,374
1,398
1,566
5,542
3,382
1,991
1,410
3,452
1,284
1,1038
1,51
1,591
1,909
1,724
1,371
1,24
1,868
1,575
5,128
1,931
1,409
1,372
1,1075
3,506
3,1026
1,466
1,895
1,994
1,11
1,94
1,882
1,259
3,672
1,123
2,853
1,328
1,289
1,959
1,19
3,894
1,708
3,212
1,675
1,702
1,462
1,798
3,686
1,27
2,338
1,63
1,746
3,324
2,775
1,778
1,495
1,831
2,430
1,928
1,799
3,393
1,471
1,222
3,563
2,310
1,570
1,176
1,227
1,1046
1,161
1,8
1,100
1,849
1,125
1,912
1,685
1,209
1,129
1,105
1,1090
1,248
3,485
1,218
1,715
3,148
1,353
1,114
1,58
1,349
3,838
1,428
1,867
1,467
1,2
1,762
1,813
1,78
1,1005
1,924
1,990
1,619
1,343
1,433
1,933
3,856
1,663
