22,421
24,411
4,17
4,207
19,476
4,513
19,681
19,700
19,279
19,147
14,149
19,428
4,636
4,327
4,187
19,585
19,440
19,441
19,638
19,60
19,677
19,416
19,240
19,113
19,384
19,132
4,110
4,152
14,604
19,321
4,399
4,610
19,169
19,219
4,594
19,20
19,77
19,5
19,64
19,204
19,400
19,339
4,503
19,167
19,622
6,499
19,362
19,473
19,103
4,527
19,508
4,635
4,666
19,216
4,7
4,612
19,454
4,232
19,260
19,693
4,526
14,497
4,252
19,439
19,262
19,221
19,511
19,16
4,229
19,41
19,280
14,698
19,554
19,128
4,540
19,114
19,494
4,561
19,304
19,154
19,684
19,39
19,600
19,261
4,40
4,184
19,97
7,354
19,423
19,76
4,139
12,21
4,530
7,437
19,597
19,118
19,356
19,290
4,544
3,386
4,65
19,697
19,583
19,688
4,195
13,501
4,200
17,73
19,82
19,611
19,89
14,317
19,571
19,448
19,49
4,133
19,430
19,98
19,276
19,521
13,319
4,447
19,663
19,183
3,263
14,312
12,54
19,71
19,696
19,202
19,690
19,102
19,652
14,628
14,302
19,655
19,538
4,496
19,672
4,461
4,433
19,178
4,123
4,575
19,648
4,584
19,590
19,479
19,617
19,182
19,664
19,609
19,602
19,514
14,436
4,486
19,488
19,190
19,640
19,326
19,413
19,268
19,369
4,676
19,57
19,649
19,593
19,83
19,429
19,485
19,298
19,553
14,425
19,30
19,287
17,160
19,460
19,517
19,644
4,542
14,328
19,373
19,87
19,365
4,558
14,667
19,157
4,408
19,380
19,427
4,42
19,581
19,468
4,464
19,224
19,104
19,596
19,25
19,606
19,38
19,237
19,34
19,492
19,574
1,475
14,36
19,174
4,306
4,407
4,406
10,415
4,142
19,153
19,417
19,375
19,355
17,493
19,599
19,136
4,539
19,342
4,569
19,96
19,310
19,59
19,536
4,598
4,168
19,370
19,226
16,177
19,145
19,463
19,565
7,213
19,686
19,699
19,196
19,389
19,469
4,378
4,311
4,404
4,238
4,10
27,608
19,284
24,336
19,165
4,466
19,297
19,22
19,682
19,452
19,158
17,247
4,673
19,502
19,481
19,434
19,351
19,577
19,591
4,374
19,67
19,545
19,692
19,381
19,19
19,403
4,573
19,172
4,74
4,665
4,507
19,314
20,45
19,119
19,265
19,451
19,296
4,225
4,151
19,193
19,159
6,18
19,490
19,680
19,131
19,201
16,528
4,236
4,579
14,658
19,394
19,632
19,376
19,117
19,689
7,446
19,385
19,519
19,95
19,124
4,391
19,197
14,350
27,641
19,345
19,214
19,148
19,26
4,251
19,582
4,605
19,529
19,161
6,624
19,668
4,661
19,24
4,509
19,555
19,309
19,472
19,218
19,359
19,379
19,215
4,477
19,163
4,230
17,533
4,111
19,150
19,66
4,419
8,33
19,397
19,639
19,601
19,387
19,267
4,551
19,289
14,683
4,675
4,171
14,516
19,199
19,120
4,410
19,643
19,162
19,44
19,239
8,458
4,637
19,694
24,37
4,691
19,409
4,371
4,631
19,115
4,48
4,512
14,303
19,130
19,524
19,343
19,325
19,234
19,198
19,272
19,630
4,398
19,295
19,324
19,233
19,570
6,642
19,462
19,618
19,438
19,68
19,266
4,192
19,8
20,456
19,443
19,84
4,109
19,12
4,51
4,255
19,495
19,47
19,634
19,249
13,179
4,175
19,270
19,90
4,299
19,619
19,253
19,281
19,79
19,483
19,607
19,80
19,23
19,285
19,189
19,383
19,301
3,705
19,203
19,258
19,70
14,701
19,166
4,562
19,505
14,170
19,323
19,335
19,654
19,414
13,316
4,412
19,278
19,651
4,331
19,471
19,329
19,259
19,392
19,254
19,223
4,515
19,678
4,137
19,550
19,620
19,9
19,341
20,81
4,288
19,269
19,623
6,687
19,445
4,340
19,467
11,674
19,420
12,552
19,578
19,372
19,353
19,129
19,390
4,470
19,449
19,277
19,629
19,108
20,333
19,217
19,256
19,176
4,556
19,291
19,231
19,1
6,566
19,588
4,520
19,2
14,248
19,626
4,360
19,679
19,670
4,246
19,308
4,589
19,349
7,346
19,206
19,422
19,426
19,62
19,173
19,11
4,557
19,564
4,671
19,307
19,532
19,135
6,126
19,580
7,535
19,134
19,72
19,368
4,29
19,703
19,294
19,181
19,704
19,186
19,482
19,155
7,112
19,401
24,121
19,106
4,702
9,431
19,534
4,459
19,92
19,127
19,257
19,361
19,334
4,510
14,53
19,337
15,548
14,85
19,78
4,650
19,522
19,480
19,320
7,344
19,322
4,366
19,275
19,621
4,498
4,271
4,4
4,241
19,567
19,563
19,180
19,465
19,242
19,364
18,633
14,367
19,27
4,537
4,487
19,377
19,191
4,292
14,282
19,525
22,50
4,101
2,86
19,61
19,592
19,660
4,559
19,543
19,208
19,143
4,243
19,405
19,474
19,15
14,245
19,695
19,283
19,659
19,613
19,442
4,3
4,116
23,546
28,52
19,250
19,315
4,35
19,627
19,586
4,227
19,393
19,347
19,305
19,156
19,146
19,576
19,185
7,547
19,13
19,332
19,489
19,99
19,657
19,188
19,32
19,164
19,395
4,194
4,14
4,424
4,662
19,435
19,549
19,264
19,58
4,500
19,228
19,274
19,656
4,273
24,138
4,352
19,685
21,141
19,572
19,244
19,220
4,122
19,432
19,348
19,595
19,444
19,63
19,91
19,43
19,330
19,6
19,55
19,402
4,358
4,293
4,614
19,531
19,105
4,93
19,455
19,69
10,31
19,212
19,396
4,140
4,388
19,313
4,560
4,625
19,222
4,209
19,484
19,646
19,450
19,616
19,56
19,615
5,144
26,107
14,28
19,363
19,210
19,645
19,587
19,75
19,647
19,100
25,125
19,418
19,669
19,235
19,541
19,506
4,603
19,491
19,300
19,94
19,88
19,518
19,286
19,382
19,318
19,504
4,46
19,478
19,453
19,338
19,357
19,523
19,568
13,205
14,211
14,653
19,457
