11,564
32,532
32,151
32,452
32,372
26,475
16,422
32,539
26,476
57,88
58,593
32,210
32,507
32,78
13,596
32,65
32,509
50,220
26,99
26,165
30,279
32,84
32,196
28,310
57,406
32,521
56,296
34,12
32,79
32,407
32,16
36,303
32,558
32,23
32,625
11,392
26,340
57,4
32,216
60,365
3,209
7,515
32,56
32,437
32,562
32,234
57,120
15,546
58,627
16,351
32,495
32,371
32,529
16,344
18,395
32,439
32,145
32,149
10,277
11,519
11,482
11,161
27,300
49,366
32,110
32,584
30,606
32,187
32,350
40,294
26,308
11,53
11,347
34,283
28,43
47,213
56,607
32,360
32,173
36,223
32,465
32,45
32,585
32,413
32,536
26,218
7,158
32,321
32,200
26,621
11,569
32,81
36,224
49,111
36,66
40,493
32,114
54,46
32,178
57,212
39,113
49,487
18,469
32,89
26,115
52,13
38,135
32,333
58,8
32,500
32,597
26,97
32,555
32,228
32,592
31,44
32,280
30,622
24,603
32,5
1,259
58,570
15,57
18,619
11,22
45,17
32,510
39,3
32,561
47,69
36,324
11,260
15,553
24,383
32,281
32,291
32,82
11,26
11,479
3,602
39,342
59,315
11,85
15,363
32,236
38,30
7,498
52,29
32,225
32,524
32,313
8,468
18,573
61,198
36,626
33,444
30,580
32,238
36,335
32,533
32,289
25,176
32,586
11,245
32,591
11,249
32,471
32,599
1,168
1,620
11,33
32,528
32,282
16,401
11,192
32,269
41,35
32,51
57,2
17,298
26,136
18,214
31,385
27,560
24,359
11,292
32,615
20,484
11,550
49,257
15,480
32,429
36,556
17,92
7,425
32,117
11,409
32,322
28,554
32,472
11,450
32,445
11,514
57,325
19,263
29,217
40,527
28,68
32,604
32,440
26,14
32,160
32,104
32,587
31,577
32,456
32,108
32,631
58,448
32,629
41,618
36,301
32,581
32,39
32,497
26,58
11,364
32,397
26,163
1,424
32,458
11,339
18,382
32,150
11,361
32,31
11,457
32,540
26,582
51,567
4,172
26,490
16,434
1,83
32,253
16,346
26,415
26,129
32,511
36,52
1,594
1,167
32,202
26,34
11,137
1,605
32,231
25,127
32,600
32,537
34,410
41,544
32,288
36,116
24,305
26,183
42,215
11,595
32,338
22,156
36,508
36,157
12,21
26,118
26,461
7,67
32,75
26,624
32,24
32,428
32,199
32,208
32,206
54,502
27,28
36,261
26,74
32,278
32,19
36,247
32,394
32,90
18,20
32,473
25,9
32,489
9,275
32,37
26,226
32,357
32,6
58,229
32,266
11,248
31,86
35,504
54,105
32,571
57,242
32,112
26,417
36,311
32,299
23,254
32,274
58,535
11,181
9,464
27,211
1,71
32,370
32,393
12,513
32,408
32,389
11,486
5,334
52,287
9,239
55,427
11,184
1,285
32,319
26,63
32,566
54,387
54,551
31,542
32,270
32,447
16,531
32,314
11,265
32,185
8,119
32,134
32,549
54,380
51,295
32,258
32,162
1,193
61,250
11,286
11,430
12,93
26,572
16,222
32,95
32,377
32,271
9,155
32,412
32,264
32,272
32,462
15,557
18,159
3,131
26,312
32,80
32,32
7,290
13,390
35,579
7,306
36,375
1,608
59,388
25,496
16,146
32,107
32,399
11,207
32,518
1,70
27,96
37,101
26,559
36,128
15,141
32,177
26,221
26,262
32,609
49,474
32,267
18,483
38,543
10,188
32,354
1,491
11,1
44,268
18,189
32,326
32,416
26,598
32,197
32,73
58,235
36,125
32,203
14,435
32,227
11,494
26,61
11,91
11,355
52,304
11,530
32,545
16,421
32,526
32,132
51,432
27,588
28,139
32,610
36,523
48,438
11,171
18,481
32,419
11,166
18,384
32,317
11,62
32,175
32,60
18,232
58,630
18,343
32,454
32,418
49,449
22,164
32,186
11,138
32,520
61,201
32,331
59,72
11,143
9,403
32,255
32,576
32,237
18,517
57,36
30,273
36,356
45,616
26,323
32,15
57,374
53,485
32,601
32,613
1,414
32,362
32,318
26,522
42,455
32,329
32,297
10,506
46,512
32,400
32,59
11,477
32,345
42,501
32,568
13,152
26,195
32,376
1,147
26,276
32,42
11,373
58,87
32,628
11,293
32,534
37,525
32,611
32,552
18,405
32,590
8,182
34,436
18,441
26,443
1,503
10,433
32,398
33,368
32,55
32,459
32,233
10,103
26,617
32,124
32,538
6,153
11,499
40,205
32,180
11,194
32,50
9,341
11,54
32,381
18,423
11,243
32,548
32,174
32,246
11,7
22,358
32,133
32,123
18,144
26,367
32,191
32,391
18,48
32,505
32,332
58,488
22,121
21,386
32,320
11,170
32,252
51,589
16,256
24,378
32,470
22,244
18,402
32,251
32,352
32,169
32,230
36,632
32,369
39,41
32,140
32,612
32,327
58,241
32,516
56,49
27,122
32,563
8,541
32,492
32,316
26,302
36,411
32,11
43,442
58,623
11,575
32,109
60,219
36,614
32,204
32,100
32,179
54,38
32,460
32,25
32,466
32,309
11,47
1,10
18,578
32,633
32,40
32,379
32,453
31,142
32,77
32,565
11,27
32,353
32,451
14,154
32,148
32,420
32,328
32,106
32,467
32,349
37,240
41,426
11,547
18,583
3,307
14,337
58,348
32,284
12,98
18,336
32,330
32,94
32,396
32,446
32,190
58,64
28,102
32,18
32,126
32,463
7,478
32,76
11,130
32,431
2,404
60,574
