4,798
4,410
3,575
4,901
2,705
4,80
4,580
4,884
4,29
4,451
4,572
4,85
4,22
1,985
4,547
4,816
4,161
1,914
4,234
4,927
4,204
4,242
1,296
4,301
1,1036
4,746
4,1074
4,656
4,393
4,883
4,512
4,791
1,802
4,843
1,254
4,356
4,114
4,1014
4,544
4,413
4,961
4,730
4,594
4,69
4,817
4,428
1,767
4,1065
4,850
1,76
4,760
4,935
4,644
4,374
4,881
4,576
4,989
4,754
4,68
4,229
4,695
1,239
1,1018
4,943
1,632
4,260
1,1062
4,861
4,655
4,1063
4,972
4,1081
4,498
4,951
4,763
4,991
4,846
4,782
3,723
4,444
4,625
4,494
3,419
1,72
4,115
1,677
4,24
4,209
1,238
4,837
4,476
4,178
4,380
4,1000
1,1075
4,939
4,287
4,667
4,578
4,27
4,262
4,762
4,128
4,790
4,528
4,1033
4,364
1,622
4,740
4,557
4,771
4,758
4,345
4,327
4,593
4,968
4,471
4,425
4,437
1,32
4,608
4,495
4,944
4,1048
4,360
4,98
4,43
4,252
4,922
4,71
4,744
4,707
4,688
4,661
1,282
1,866
4,328
4,863
4,905
4,423
4,375
4,320
4,138
4,45
4,454
4,1071
4,830
4,398
4,196
4,946
1,506
4,774
4,959
4,882
4,155
4,603
4,911
4,10
4,501
4,394
4,118
4,776
4,783
4,1020
4,106
1,480
4,674
4,1029
4,1061
4,854
4,497
4,979
4,162
4,713
4,827
4,847
4,696
4,1017
4,1013
4,650
4,8
4,250
4,399
4,913
4,187
4,335
4,152
4,909
4,182
4,39
1,230
1,122
4,245
4,490
4,317
4,452
4,6
4,321
4,134
4,848
4,435
4,1050
1,964
4,1021
4,348
4,651
1,469
4,525
4,875
4,334
4,443
4,460
4,933
1,940
4,565
1,589
1,1042
4,606
4,7
4,404
4,967
4,1077
4,676
4,34
4,163
4,395
1,521
4,958
4,315
4,897
4,896
4,121
1,353
4,279
4,825
4,396
4,388
4,426
4,996
4,742
4,1022
4,90
4,862
4,669
4,73
4,639
4,401
4,188
4,636
4,948
4,144
4,379
4,206
4,212
4,418
1,251
4,954
4,1047
4,201
4,607
4,167
4,824
4,546
4,835
4,947
4,489
4,869
4,125
4,44
4,259
4,941
1,778
4,132
4,145
4,801
4,183
4,59
4,965
4,293
4,716
4,482
4,635
4,366
1,37
4,851
4,793
4,343
4,175
4,450
1,342
4,765
4,173
4,785
4,277
4,720
4,936
4,690
4,659
1,826
4,246
4,4
4,446
1,809
4,302
4,524
4,448
4,432
4,1010
4,916
4,478
4,496
1,97
4,1034
4,995
4,624
4,605
4,683
4,743
4,484
4,441
4,769
3,852
4,468
1,717
4,642
4,1044
4,945
4,48
4,314
4,646
1,463
1,149
4,545
4,714
4,235
4,590
1,92
4,810
1,54
1,626
4,858
4,592
4,1002
4,813
4,554
4,285
1,1009
4,596
4,617
4,409
4,295
4,1058
4,955
4,523
1,671
4,1060
1,1043
4,581
4,703
4,849
1,224
4,853
4,819
4,618
4,179
4,459
1,520
1,583
4,892
4,726
4,1027
4,281
4,595
4,534
4,58
4,770
4,363
4,57
4,615
4,530
4,840
1,877
4,267
4,406
4,369
4,103
4,719
4,159
4,263
1,807
1,795
4,329
4,215
4,445
4,70
4,491
4,283
4,96
4,436
4,893
4,91
1,225
4,449
4,220
4,153
4,918
4,833
4,508
4,112
4,535
4,814
4,99
4,156
4,1032
4,258
4,976
4,424
4,300
4,888
1,1041
1,341
4,143
4,573
4,13
4,371
4,297
4,993
4,66
4,680
1,682
4,1008
4,1056
4,292
4,202
4,732
4,868
4,1028
4,307
4,319
4,666
4,427
4,81
4,42
4,313
4,461
4,243
4,376
4,19
4,75
4,1007
4,241
4,597
4,310
4,147
4,195
4,473
4,929
1,555
4,74
4,1003
4,221
4,502
4,176
4,291
4,124
4,942
4,53
4,172
4,55
4,756
4,867
4,169
4,109
4,2
4,160
4,381
4,988
4,872
4,697
4,370
4,1066
4,586
4,174
4,815
4,963
4,526
1,540
4,962
4,982
4,969
4,462
1,731
4,515
4,17
4,519
4,588
4,569
4,1052
1,417
4,483
4,51
4,384
1,477
4,999
4,1030
4,784
1,433
4,591
4,336
4,392
1,834
4,40
4,548
1,908
4,289
4,702
1,1069
4,467
4,558
4,653
4,986
4,701
4,957
4,131
4,386
4,93
4,383
4,704
4,937
4,60
1,749
4,248
4,992
4,998
4,275
4,488
4,823
4,748
1,930
4,974
4,414
4,1070
4,637
4,148
4,518
4,1083
4,11
4,692
4,829
1,745
4,77
4,165
4,208
4,582
4,1076
4,407
4,268
4,910
1,629
1,538
1,100
4,41
1,500
4,1053
4,902
4,403
4,271
4,777
4,422
1,318
4,647
4,752
4,627
1,116
4,21
4,665
4,197
4,878
4,26
4,266
4,184
4,228
4,130
4,796
4,442
4,198
4,158
4,859
4,193
4,686
4,983
4,755
4,549
4,338
4,634
4,111
4,567
4,264
4,200
1,984
1,280
4,465
4,724
1,133
4,373
4,779
4,429
4,455
4,738
1,129
4,753
4,658
1,1049
1,269
4,657
4,678
4,137
4,94
4,1051
4,180
1,973
4,923
3,168
4,82
4,672
4,1072
4,831
4,464
4,856
4,880
4,305
4,1045
4,64
4,747
4,126
4,344
4,185
1,52
4,602
4,537
4,49
4,211
4,949
4,640
4,257
4,938
4,800
1,1067
4,308
4,276
4,150
4,551
4,255
1,270
4,855
4,599
4,541
4,190
4,247
4,781
4,1078
1,351
1,294
4,231
4,950
4,38
4,710
1,1019
4,15
1,359
4,358
4,773
4,527
4,16
1,170
4,140
4,123
4,101
1,177
4,171
4,362
4,400
4,1057
4,533
4,934
4,470
1,1079
4,750
3,387
4,352
4,466
4,522
1,620
1,46
4,194
4,416
4,891
4,504
4,1035
4,1068
4,681
4,553
4,485
4,253
4,456
4,1055
4,566
4,61
4,1054
4,1024
1,142
1,797
4,994
4,664
1,926
4,408
4,330
1,899
4,727
4,735
1,864
4,439
4,997
4,431
1,405
4,218
4,457
4,1037
4,1
4,273
4,139
4,412
4,481
1,56
4,236
4,237
1,552
4,513
4,691
4,306
1,205
4,309
4,87
4,88
4,1011
4,598
4,873
4,286
4,1039
4,219
4,510
4,453
4,186
4,240
4,349
4,438
4,385
4,631
1,736
4,440
1,768
4,493
4,316
4,584
4,346
4,698
4,894
4,102
4,189
4,772
4,1073
4,571
4,107
4,643
1,641
4,472
4,105
4,486
4,684
1,154
4,722
4,213
4,885
4,556
4,562
4,434
1,1031
4,585
1,326
4,244
4,609
1,924
4,903
4,12
4,164
4,577
4,633
4,1004
3,981
4,261
4,119
4,708
1,895
1,766
4,532
1,729
4,311
4,415
4,117
4,733
4,181
3,304
4,786
4,265
4,990
4,1064
4,411
1,232
4,28
1,110
1,728
4,1026
4,157
4,397
4,966
4,9
4,616
4,579
4,764
4,685
4,372
4,673
4,333
4,757
4,915
1,876
4,808
1,628
4,709
4,354
1,475
4,917
4,699
1,78
1,919
4,890
4,389
4,932
4,474
4,447
4,794
4,278
4,543
4,788
4,887
4,223
4,210
4,564
4,274
1,325
4,1001
4,842
4,199
4,660
1,706
4,127
4,612
4,652
4,805
1,1040
1,529
4,839
4,113
4,536
4,645
4,249
4,479
4,298
1,751
4,288
4,30
4,222
4,365
4,509
4,104
1,700
4,630
4,822
1,141
4,828
4,587
4,505
4,619
4,977
4,378
4,832
4,811
1,611
4,874
4,568
4,146
4,920
4,542
1,350
4,857
4,516
1,1059
4,900
4,20
4,649
4,31
1,931
4,739
4,377
4,906
4,1046
4,226
4,36
4,928
4,323
1,970
4,83
4,322
4,689
1,79
4,1015
4,799
4,623
4,812
4,3
4,956
4,5
4,514
4,820
4,980
4,610
4,721
4,761
4,860
4,550
4,33
4,560
4,780
4,718
4,1023
4,1080
4,836
4,675
4,382
4,663
4,886
1,18
1,391
4,337
4,987
2,492
4,821
4,1006
4,865
1,804
4,203
4,838
4,725
4,1038
4,613
4,67
4,1025
4,889
4,507
3,65
1,207
4,531
4,357
4,662
1,25
4,693
4,559
1,898
4,499
1,368
4,47
4,654
4,14
4,50
4,539
4,84
1,503
4,904
4,570
4,679
4,759
4,1005
4,324
4,430
4,648
4,561
4,135
4,191
4,563
4,340
4,960
4,806
4,621
4,1012
1,687
1,953
4,952
4,284
4,458
4,89
4,331
1,737
4,604
4,290
3,233
1,23
4,120
4,339
4,35
4,978
4,367
4,775
1,420
4,841
1,668
4,574
4,818
4,511
4,925
4,332
4,151
4,256
4,871
4,907
4,844
4,741
4,734
1,712
4,312
4,803
4,600
4,845
4,227
4,787
4,86
4,108
4,975
4,192
4,214
4,614
4,921
4,517
4,1016
4,402
4,912
4,217
4,166
4,1082
4,879
4,361
4,711
4,303
4,390
4,715
4,272
4,638
4,487
4,694
4,355
4,421
4,136
4,971
4,63
4,347
4,299
4,789
4,870
4,95
4,216
1,601
4,670
1,792
4,62
