6,876
32,323
6,808
6,836
6,109
6,992
6,40
16,214
6,320
6,216
20,554
6,32
6,434
6,68
6,447
6,117
6,957
6,664
20,645
6,1032
6,427
6,668
6,340
20,888
6,505
6,342
23,170
6,360
6,330
6,891
6,287
6,1063
20,278
6,970
6,913
6,682
6,972
6,654
6,243
6,419
6,266
6,141
6,739
6,828
1,319
6,380
6,501
6,916
6,293
6,908
20,968
6,364
20,1076
6,658
6,730
6,47
6,306
18,571
6,722
6,296
6,871
6,446
23,387
6,77
12,963
6,366
6,1056
6,1089
6,173
6,971
6,846
6,678
6,897
14,816
6,1017
20,939
6,308
29,561
1,921
6,202
6,748
6,17
6,583
6,70
6,404
6,529
6,1009
6,852
6,787
6,1000
6,414
20,85
6,494
20,98
20,814
6,585
6,378
6,185
6,488
16,254
14,316
6,261
6,1012
6,149
16,745
8,262
6,524
20,268
6,270
6,448
20,339
20,207
6,646
18,450
6,934
14,178
6,684
6,399
14,28
6,99
20,917
6,246
20,784
6,1027
16,406
6,424
6,652
20,482
16,914
6,1030
6,826
6,827
6,245
6,12
6,299
6,562
6,423
6,283
20,203
6,525
6,769
6,979
6,647
6,159
20,783
6,998
6,679
16,29
6,721
6,73
6,560
6,800
2,744
6,749
6,142
6,81
6,1052
6,1072
6,703
20,490
16,620
6,631
20,1037
6,956
6,1008
6,1071
6,162
6,210
6,523
6,305
6,38
6,499
6,535
6,55
6,1069
25,747
6,1088
6,1082
6,929
6,1
13,742
6,23
6,536
6,579
6,187
6,297
6,750
6,39
6,157
6,215
6,115
6,756
6,665
6,978
20,983
7,773
6,75
14,1059
6,697
6,41
6,303
6,568
6,1002
6,941
6,660
6,731
6,107
6,417
16,875
6,186
6,1084
20,1020
6,411
6,812
6,223
6,97
6,96
16,442
14,588
6,355
6,151
24,251
6,344
6,405
3,902
6,1014
16,623
6,946
14,779
6,233
20,926
6,767
6,5
20,509
6,774
6,889
6,644
6,72
6,666
6,880
6,272
6,648
6,489
6,843
6,612
6,1004
12,782
16,291
6,179
6,589
6,503
6,1053
6,729
6,34
6,943
6,763
6,858
6,363
20,346
6,250
6,418
6,596
6,952
6,977
20,496
6,553
6,847
6,1054
6,211
6,694
6,59
6,240
14,1041
6,985
6,361
6,960
6,260
6,539
6,771
20,1085
20,50
6,1083
6,918
20,996
6,518
6,1077
6,415
20,236
20,298
6,1060
6,574
6,691
6,903
20,274
6,362
6,436
6,840
6,878
6,777
6,801
6,522
6,60
6,237
20,313
6,1003
6,1013
6,899
6,639
6,217
19,877
6,630
6,1044
6,166
6,923
6,1023
6,391
6,822
20,607
6,35
6,208
6,549
14,760
6,988
23,622
20,656
9,605
6,942
20,147
6,230
6,636
6,540
6,425
6,56
20,629
20,3
6,235
6,172
23,1022
6,348
6,124
6,311
6,904
34,420
6,354
6,794
6,394
12,527
6,781
26,189
6,200
6,825
6,1016
17,174
6,820
6,659
6,728
12,716
6,22
6,228
6,866
6,441
6,993
6,920
6,21
6,66
6,86
20,445
6,437
6,621
6,7
20,10
20,528
6,573
20,375
6,786
6,359
6,37
6,755
6,707
6,110
6,388
20,500
5,864
6,184
5,837
6,1078
6,671
6,403
6,127
20,557
6,947
6,146
24,845
6,422
20,241
6,392
6,197
20,862
6,52
6,674
6,628
6,282
6,102
6,62
6,351
6,155
6,949
6,807
20,958
20,1058
6,961
6,13
20,604
6,440
6,932
6,276
6,14
6,477
6,704
6,705
6,582
6,861
6,317
6,772
6,255
6,472
6,651
27,26
6,758
22,898
6,713
6,617
35,580
6,257
20,504
6,712
6,42
6,400
6,759
6,113
6,865
6,643
2,1048
1,4
6,633
6,594
6,87
6,754
6,873
6,80
6,20
20,206
6,1051
6,134
6,765
6,641
11,271
6,36
6,802
6,275
6,82
21,57
6,132
6,842
6,397
20,806
33,133
6,692
6,429
6,137
24,1074
6,1086
6,193
6,256
6,793
6,44
6,726
14,269
6,369
6,156
1,483
6,699
6,451
6,401
16,188
6,833
20,104
6,1031
6,1034
6,15
20,969
6,461
20,279
6,819
22,408
6,46
20,890
3,689
6,796
6,667
6,103
6,199
6,736
6,811
6,154
20,650
6,285
20,201
6,995
15,999
11,592
7,329
6,460
20,635
6,695
6,204
6,986
6,120
6,1042
20,884
6,601
6,1040
6,723
6,164
6,332
6,126
6,881
6,412
6,473
6,67
6,1036
6,224
6,158
6,517
6,761
6,407
14,521
6,43
6,426
6,476
6,140
20,590
14,1018
6,513
20,295
20,277
6,855
1,718
6,711
1,242
6,373
6,183
6,1001
6,900
20,1062
6,776
6,365
20,938
20,829
6,680
6,544
6,1047
24,474
6,627
12,331
20,785
6,69
6,421
12,396
19,676
6,973
14,31
6,226
6,1025
20,859
11,470
6,131
20,49
6,1055
6,386
6,459
6,300
6,135
6,177
6,449
6,1024
20,152
6,834
6,653
6,18
20,465
6,530
6,167
6,602
20,901
6,818
20,951
6,854
20,61
5,844
6,301
6,502
6,657
6,850
6,714
6,191
6,823
6,286
6,531
6,683
20,911
6,267
6,584
6,624
3,143
6,6
6,516
2,130
34,290
6,486
6,194
6,609
6,661
6,606
6,88
14,333
6,839
6,315
6,464
6,577
6,376
6,886
6,48
6,54
6,706
6,688
6,431
20,1073
6,479
6,389
6,841
1,738
6,1079
6,940
6,492
6,598
6,118
6,321
1,377
6,309
6,350
6,1068
6,439
6,907
14,463
6,122
6,1091
6,987
6,232
6,709
6,640
14,64
37,144
6,637
6,9
6,790
6,997
6,252
14,982
6,84
6,817
20,244
20,93
6,370
20,1007
6,25
6,532
6,89
6,337
6,150
20,169
6,953
6,213
6,402
16,734
23,249
6,469
6,264
6,670
20,879
6,165
6,919
6,741
6,821
6,458
20,263
6,564
6,632
6,1065
5,71
20,698
20,906
6,368
6,16
6,533
6,954
6,805
20,352
6,455
14,857
6,307
6,292
6,341
6,556
16,693
6,1080
20,475
6,327
20,345
1,519
6,168
6,944
6,379
20,534
7,180
6,593
6,551
6,192
6,930
6,182
6,515
20,634
6,356
6,136
6,870
6,1029
20,138
6,586
6,238
6,384
6,567
6,358
20,1081
6,964
6,1061
23,336
6,454
6,753
6,922
6,967
6,541
20,432
6,239
6,896
6,190
6,727
11,616
6,810
6,603
6,253
6,860
31,1064
6,740
20,456
6,438
6,804
6,614
6,314
6,608
20,526
6,872
6,538
6,768
6,416
22,312
6,1006
6,937
22,205
6,220
1,733
6,484
6,851
6,687
6,547
6,735
6,613
6,1015
6,468
20,258
6,795
6,945
14,453
6,887
6,30
6,1045
6,302
20,1066
23,966
24,381
6,989
6,480
6,791
1,975
6,788
6,1057
6,766
6,974
6,935
20,83
6,751
6,221
6,625
31,175
6,955
20,610
6,581
6,962
6,677
6,552
6,171
6,507
6,91
6,874
20,90
6,700
6,600
6,383
6,385
6,883
20,832
22,725
5,196
6,512
6,225
10,615
6,498
6,1087
26,106
6,618
6,443
6,153
6,720
6,649
6,481
6,642
6,444
6,780
20,45
16,548
6,550
6,803
6,79
20,893
6,326
6,835
36,322
6,710
6,885
6,662
6,273
6,537
6,101
20,543
6,1043
6,116
6,669
28,572
20,905
20,910
6,119
6,219
6,655
6,198
6,74
6,981
6,792
6,229
6,1021
6,626
6,948
6,478
20,976
5,181
6,927
14,510
6,1039
6,247
6,569
6,357
6,925
6,1035
20,347
1,1050
20,65
20,565
6,757
6,511
6,457
6,576
6,797
6,1067
6,611
6,936
6,395
14,33
6,334
6,869
6,520
20,145
14,546
6,195
16,950
6,294
6,325
20,892
6,163
6,752
6,743
6,435
6,491
6,789
6,770
6,578
29,984
12,558
6,1049
15,824
22,559
6,493
6,696
20,545
6,318
36,863
6,599
6,281
20,108
6,288
6,830
6,915
6,690
6,815
6,719
6,335
6,595
6,265
6,304
6,280
14,737
6,514
20,160
6,587
6,95
6,231
6,76
6,717
6,367
6,390
6,139
20,111
6,1070
6,809
6,234
6,1019
6,497
20,1028
6,413
6,980
6,597
6,965
6,764
6,638
6,121
6,701
6,1010
6,1033
13,1011
6,673
6,681
6,92
20,487
14,732
6,53
6,555
20,112
6,508
6,848
6,374
6,398
6,566
30,542
20,382
6,991
6,410
20,452
6,284
6,1038
6,51
6,591
6,909
6,724
6,371
6,24
6,868
6,575
29,128
6,931
6,409
6,372
6,1075
20,506
20,1026
6,466
6,895
6,994
6,11
6,94
6,882
6,259
20,672
6,123
14,853
6,328
6,289
6,959
6,19
20,894
6,708
20,212
6,675
6,702
6,462
6,798
20,686
6,27
12,338
6,63
6,746
20,324
12,775
6,778
6,495
6,831
14,430
6,928
6,799
16,393
6,471
6,222
20,563
12,310
6,570
6,176
6,227
6,1046
6,161
6,8
6,100
6,849
6,125
6,912
6,685
6,209
6,129
6,105
6,1090
6,248
20,485
6,218
6,715
20,148
6,353
6,114
6,58
6,349
20,838
6,428
6,867
6,467
6,2
6,762
6,813
6,78
6,1005
6,924
6,990
6,619
4,343
6,433
6,933
16,856
6,663
