3,50
5,293
3,579
3,100
3,701
5,607
3,264
5,587
3,525
3,128
3,688
2,545
5,663
3,99
3,245
3,19
3,294
7,574
3,676
3,185
7,308
3,523
3,632
3,239
3,590
3,123
5,356
7,665
9,389
5,130
3,698
3,555
3,639
3,337
3,442
8,320
8,67
3,338
5,23
6,76
3,168
3,227
3,329
3,105
3,679
3,418
8,692
2,388
3,289
3,54
8,146
5,524
2,491
3,385
3,396
3,612
3,154
3,435
3,155
5,699
3,591
3,458
3,381
2,284
5,296
2,554
3,420
5,61
3,498
3,97
3,374
3,642
5,58
5,156
5,530
3,536
2,118
6,459
2,392
3,478
2,474
3,110
5,626
3,553
9,275
3,589
3,397
3,304
3,288
3,428
3,602
3,34
3,666
3,286
3,497
5,7
3,162
9,229
3,522
3,519
5,283
3,425
7,208
9,176
3,278
3,166
3,684
5,125
3,126
3,266
3,473
3,334
3,22
2,623
3,20
3,363
7,38
3,41
5,343
3,492
3,421
5,69
3,453
3,470
3,14
3,82
3,187
3,219
3,494
3,496
5,371
10,313
5,70
9,234
3,189
5,661
5,465
3,350
3,572
3,355
7,159
3,624
1,391
3,596
3,431
3,615
3,89
5,167
7,71
5,62
3,565
2,113
3,311
3,611
3,315
3,25
9,317
5,307
3,55
3,613
3,647
3,490
7,621
3,346
3,508
3,655
3,95
3,387
3,237
9,297
8,449
3,164
2,506
3,680
2,357
3,232
3,594
3,566
5,87
9,592
3,645
5,520
3,4
3,265
3,700
5,556
3,410
5,322
3,694
7,91
5,436
5,196
3,599
3,486
3,345
3,367
3,401
5,316
3,72
2,178
9,548
3,544
3,443
3,165
5,249
3,80
3,390
3,600
5,648
3,16
5,45
5,353
8,603
3,298
5,511
2,468
3,549
3,636
3,593
3,1
5,261
9,259
5,244
3,92
3,177
3,204
3,220
3,33
3,90
5,183
3,416
3,145
2,121
3,31
9,9
3,618
3,617
5,695
3,448
7,135
2,231
5,86
5,383
3,115
3,217
3,228
5,408
10,5
3,207
3,472
3,106
3,609
1,446
3,24
3,483
5,475
3,558
2,669
3,255
3,675
3,580
3,140
8,378
3,181
3,672
3,269
7,439
3,199
3,291
5,323
7,112
9,399
5,505
3,570
3,93
3,335
2,246
3,84
3,450
7,664
5,429
5,94
3,107
3,463
5,649
3,499
8,405
3,127
3,557
3,274
3,562
3,225
3,153
3,460
2,414
3,424
3,627
3,678
7,268
2,197
7,584
8,57
2,224
3,214
5,481
5,109
3,46
3,142
3,454
7,479
3,309
5,512
3,111
3,605
3,502
3,32
3,641
7,375
4,359
3,210
5,124
3,659
3,422
3,364
3,569
5,373
9,441
5,690
3,601
8,488
3,537
2,348
5,559
3,638
3,411
2,250
3,35
3,314
5,290
7,63
5,689
7,331
3,413
3,417
3,361
3,11
2,292
3,276
5,172
3,404
5,252
3,509
3,169
5,151
3,139
3,660
3,120
5,43
3,527
3,466
3,193
7,195
3,682
3,515
5,260
5,218
3,203
2,251
3,138
3,17
3,640
5,487
3,262
3,254
3,59
5,161
7,696
3,44
2,236
5,542
3,202
5,42
3,471
5,226
3,622
3,577
3,88
3,610
3,102
3,206
3,567
3,3
9,386
5,543
7,528
3,685
3,534
3,504
3,691
8,500
3,56
5,116
2,370
3,49
3,625
2,174
5,437
3,352
5,344
3,551
3,631
2,184
3,398
3,279
3,576
3,620
3,634
3,461
5,438
3,15
3,360
3,464
2,257
3,564
3,144
5,194
5,325
3,415
3,324
5,26
3,10
9,129
9,635
7,147
3,646
3,552
3,160
3,369
3,604
9,469
3,477
3,445
3,319
5,175
3,152
3,546
2,173
3,64
3,81
3,48
5,568
5,79
3,295
3,277
7,303
5,216
5,526
3,462
3,200
3,412
3,485
2,550
3,332
3,403
3,347
3,582
5,670
3,517
3,616
3,447
3,300
3,423
3,77
3,336
3,687
2,697
3,406
3,12
3,476
5,541
3,53
5,595
3,258
5,532
2,529
3,368
3,241
3,114
7,66
3,588
3,379
3,233
7,83
3,158
5,484
3,339
3,73
3,382
3,535
3,230
5,122
3,305
5,563
3,221
3,341
3,575
7,136
3,2
3,597
7,394
3,211
3,674
9,215
5,212
3,533
9,52
2,328
7,677
3,656
3,457
5,209
3,13
3,326
3,501
3,60
2,179
3,333
3,662
2,182
3,238
7,578
2,426
5,27
3,456
5,30
3,547
3,451
5,585
5,409
7,321
2,312
3,242
3,514
3,65
3,380
2,637
5,652
3,619
3,651
2,372
3,614
3,608
3,351
3,75
3,74
3,653
3,427
3,96
3,186
7,247
5,538
3,480
5,482
3,68
3,503
3,650
3,131
2,101
3,376
3,495
8,365
3,198
6,583
3,6
5,693
3,243
3,108
5,354
3,467
3,402
7,148
2,8
5,349
3,561
5,430
7,657
3,539
2,444
3,133
3,281
3,273
3,407
3,191
3,384
2,119
3,192
5,282
5,366
3,419
3,39
3,285
3,673
3,598
3,188
3,452
7,270
3,205
5,306
3,521
3,668
3,223
3,137
3,256
5,358
3,150
2,573
3,40
3,78
5,493
3,507
3,240
3,581
3,681
3,489
3,510
3,531
3,18
10,560
7,141
9,434
3,342
3,28
9,271
3,318
3,340
3,280
5,455
3,163
3,540
3,586
3,310
3,149
8,654
9,190
3,629
3,299
3,606
3,377
3,518
5,667
5,395
5,301
5,267
7,21
3,683
5,362
5,117
9,103
3,400
3,213
3,330
5,263
3,36
3,643
3,47
3,171
7,302
5,37
3,571
2,287
10,51
3,686
5,432
5,157
3,134
3,440
5,201
3,104
3,630
3,516
7,633
3,272
7,170
3,98
3,222
8,658
2,180
3,85
3,393
3,235
3,327
3,644
5,433
3,703
3,513
3,29
2,628
3,671
3,132
3,248
3,143
1,702
9,253
