3,798
3,410
2,575
3,901
2,705
3,80
3,580
3,884
3,29
3,451
3,572
3,85
3,22
1,985
3,547
3,816
3,161
1,914
3,234
3,927
3,204
3,242
1,296
3,301
1,1036
3,746
3,1074
3,656
3,393
3,883
3,512
3,791
1,802
3,843
1,254
3,356
3,114
3,1014
3,544
3,413
3,961
3,730
3,594
3,69
3,817
3,428
1,767
3,1065
3,850
1,76
3,760
3,935
3,644
3,374
3,881
3,576
3,989
3,754
3,68
3,229
3,695
1,239
1,1018
3,943
1,632
3,260
1,1062
3,861
3,655
3,1063
3,972
3,1081
3,498
3,951
3,763
3,991
3,846
3,782
2,723
3,444
3,625
3,494
2,419
1,72
3,115
1,677
3,24
3,209
1,238
3,837
3,476
3,178
3,380
3,1000
1,1075
3,939
3,287
3,667
3,578
3,27
3,262
3,762
3,128
3,790
3,528
3,1033
3,364
1,622
3,740
3,557
3,771
3,758
3,345
3,327
3,593
3,968
3,471
3,425
3,437
1,32
3,608
3,495
3,944
3,1048
3,360
3,98
3,43
3,252
3,922
3,71
3,744
3,707
3,688
3,661
1,282
1,866
3,328
3,863
3,905
3,423
3,375
3,320
3,138
3,45
3,454
3,1071
3,830
3,398
3,196
3,946
1,506
3,774
3,959
3,882
3,155
3,603
3,911
3,10
3,501
3,394
3,118
3,776
3,783
3,1020
3,106
1,480
3,674
3,1029
3,1061
3,854
3,497
3,979
3,162
3,713
3,827
3,847
3,696
3,1017
3,1013
3,650
3,8
3,250
3,399
3,913
3,187
3,335
3,152
3,909
3,182
3,39
1,230
1,122
3,245
3,490
3,317
3,452
3,6
3,321
3,134
3,848
3,435
3,1050
1,964
3,1021
3,348
3,651
1,469
3,525
3,875
3,334
3,443
3,460
3,933
1,940
3,565
1,589
1,1042
3,606
3,7
3,404
3,967
3,1077
3,676
3,34
3,163
3,395
1,521
3,958
3,315
3,897
3,896
3,121
1,353
3,279
3,825
3,396
3,388
3,426
3,996
3,742
3,1022
3,90
3,862
3,669
3,73
3,639
3,401
3,188
3,636
3,948
3,144
3,379
3,206
3,212
3,418
1,251
3,954
3,1047
3,201
3,607
3,167
3,824
3,546
3,835
3,947
3,489
3,869
3,125
3,44
3,259
3,941
1,778
3,132
3,145
3,801
3,183
3,59
3,965
3,293
3,716
3,482
3,635
3,366
1,37
3,851
3,793
3,343
3,175
3,450
1,342
3,765
3,173
3,785
3,277
3,720
3,936
3,690
3,659
1,826
3,246
3,4
3,446
1,809
3,302
3,524
3,448
3,432
3,1010
3,916
3,478
3,496
1,97
3,1034
3,995
3,624
3,605
3,683
3,743
3,484
3,441
3,769
2,852
3,468
1,717
3,642
3,1044
3,945
3,48
3,314
3,646
1,463
1,149
3,545
3,714
3,235
3,590
1,92
3,810
1,54
1,626
3,858
3,592
3,1002
3,813
3,554
3,285
1,1009
3,596
3,617
3,409
3,295
3,1058
3,955
3,523
1,671
3,1060
1,1043
3,581
3,703
3,849
1,224
3,853
3,819
3,618
3,179
3,459
1,520
1,583
3,892
3,726
3,1027
3,281
3,595
3,534
3,58
3,770
3,363
3,57
3,615
3,530
3,840
1,877
3,267
3,406
3,369
3,103
3,719
3,159
3,263
1,807
1,795
3,329
3,215
3,445
3,70
3,491
3,283
3,96
3,436
3,893
3,91
1,225
3,449
3,220
3,153
3,918
3,833
3,508
3,112
3,535
3,814
3,99
3,156
3,1032
3,258
3,976
3,424
3,300
3,888
1,1041
1,341
3,143
3,573
3,13
3,371
3,297
3,993
3,66
3,680
1,682
3,1008
3,1056
3,292
3,202
3,732
3,868
3,1028
3,307
3,319
3,666
3,427
3,81
3,42
3,313
3,461
3,243
3,376
3,19
3,75
3,1007
3,241
3,597
3,310
3,147
3,195
3,473
3,929
1,555
3,74
3,1003
3,221
3,502
3,176
3,291
3,124
3,942
3,53
3,172
3,55
3,756
3,867
3,169
3,109
3,2
3,160
3,381
3,988
3,872
3,697
3,370
3,1066
3,586
3,174
3,815
3,963
3,526
1,540
3,962
3,982
3,969
3,462
1,731
3,515
3,17
3,519
3,588
3,569
3,1052
1,417
3,483
3,51
3,384
1,477
3,999
3,1030
3,784
1,433
3,591
3,336
3,392
1,834
3,40
3,548
1,908
3,289
3,702
1,1069
3,467
3,558
3,653
3,986
3,701
3,957
3,131
3,386
3,93
3,383
3,704
3,937
3,60
1,749
3,248
3,992
3,998
3,275
3,488
3,823
3,748
1,930
3,974
3,414
3,1070
3,637
3,148
3,518
3,1083
3,11
3,692
3,829
1,745
3,77
3,165
3,208
3,582
3,1076
3,407
3,268
3,910
1,629
1,538
1,100
3,41
1,500
3,1053
3,902
3,403
3,271
3,777
3,422
1,318
3,647
3,752
3,627
1,116
3,21
3,665
3,197
3,878
3,26
3,266
3,184
3,228
3,130
3,796
3,442
3,198
3,158
3,859
3,193
3,686
3,983
3,755
3,549
3,338
3,634
3,111
3,567
3,264
3,200
1,984
1,280
3,465
3,724
1,133
3,373
3,779
3,429
3,455
3,738
1,129
3,753
3,658
1,1049
1,269
3,657
3,678
3,137
3,94
3,1051
3,180
1,973
3,923
2,168
3,82
3,672
3,1072
3,831
3,464
3,856
3,880
3,305
3,1045
3,64
3,747
3,126
3,344
3,185
1,52
3,602
3,537
3,49
3,211
3,949
3,640
3,257
3,938
3,800
1,1067
3,308
3,276
3,150
3,551
3,255
1,270
3,855
3,599
3,541
3,190
3,247
3,781
3,1078
1,351
1,294
3,231
3,950
3,38
3,710
1,1019
3,15
1,359
3,358
3,773
3,527
3,16
1,170
3,140
3,123
3,101
1,177
3,171
3,362
3,400
3,1057
3,533
3,934
3,470
1,1079
3,750
2,387
3,352
3,466
3,522
1,620
1,46
3,194
3,416
3,891
3,504
3,1035
3,1068
3,681
3,553
3,485
3,253
3,456
3,1055
3,566
3,61
3,1054
3,1024
1,142
1,797
3,994
3,664
1,926
3,408
3,330
1,899
3,727
3,735
1,864
3,439
3,997
3,431
1,405
3,218
3,457
3,1037
3,1
3,273
3,139
3,412
3,481
1,56
3,236
3,237
1,552
3,513
3,691
3,306
1,205
3,309
3,87
3,88
3,1011
3,598
3,873
3,286
3,1039
3,219
3,510
3,453
3,186
3,240
3,349
3,438
3,385
3,631
1,736
3,440
1,768
3,493
3,316
3,584
3,346
3,698
3,894
3,102
3,189
3,772
3,1073
3,571
3,107
3,643
1,641
3,472
3,105
3,486
3,684
1,154
3,722
3,213
3,885
3,556
3,562
3,434
1,1031
3,585
1,326
3,244
3,609
1,924
3,903
3,12
3,164
3,577
3,633
3,1004
2,981
3,261
3,119
3,708
1,895
1,766
3,532
1,729
3,311
3,415
3,117
3,733
3,181
2,304
3,786
3,265
3,990
3,1064
3,411
1,232
3,28
1,110
1,728
3,1026
3,157
3,397
3,966
3,9
3,616
3,579
3,764
3,685
3,372
3,673
3,333
3,757
3,915
1,876
3,808
1,628
3,709
3,354
1,475
3,917
3,699
1,78
1,919
3,890
3,389
3,932
3,474
3,447
3,794
3,278
3,543
3,788
3,887
3,223
3,210
3,564
3,274
1,325
3,1001
3,842
3,199
3,660
1,706
3,127
3,612
3,652
3,805
1,1040
1,529
3,839
3,113
3,536
3,645
3,249
3,479
3,298
1,751
3,288
3,30
3,222
3,365
3,509
3,104
1,700
3,630
3,822
1,141
3,828
3,587
3,505
3,619
3,977
3,378
3,832
3,811
1,611
3,874
3,568
3,146
3,920
3,542
1,350
3,857
3,516
1,1059
3,900
3,20
3,649
3,31
1,931
3,739
3,377
3,906
3,1046
3,226
3,36
3,928
3,323
1,970
3,83
3,322
3,689
1,79
3,1015
3,799
3,623
3,812
3,3
3,956
3,5
3,514
3,820
3,980
3,610
3,721
3,761
3,860
3,550
3,33
3,560
3,780
3,718
3,1023
3,1080
3,836
3,675
3,382
3,663
3,886
1,18
1,391
3,337
3,987
2,492
3,821
3,1006
3,865
1,804
3,203
3,838
3,725
3,1038
3,613
3,67
3,1025
3,889
3,507
2,65
1,207
3,531
3,357
3,662
1,25
3,693
3,559
1,898
3,499
1,368
3,47
3,654
3,14
3,50
3,539
3,84
1,503
3,904
3,570
3,679
3,759
3,1005
3,324
3,430
3,648
3,561
3,135
3,191
3,563
3,340
3,960
3,806
3,621
3,1012
1,687
1,953
3,952
3,284
3,458
3,89
3,331
1,737
3,604
3,290
2,233
1,23
3,120
3,339
3,35
3,978
3,367
3,775
1,420
3,841
1,668
3,574
3,818
3,511
3,925
3,332
3,151
3,256
3,871
3,907
3,844
3,741
3,734
1,712
3,312
3,803
3,600
3,845
3,227
3,787
3,86
3,108
3,975
3,192
3,214
3,614
3,921
3,517
3,1016
3,402
3,912
3,217
3,166
3,1082
3,879
3,361
3,711
3,303
3,390
3,715
3,272
3,638
3,487
3,694
3,355
3,421
3,136
3,971
3,63
3,347
3,299
3,789
3,870
3,95
3,216
1,601
3,670
1,792
3,62
