10,421
11,411
2,17
2,207
9,476
2,513
9,681
9,700
9,279
9,147
8,149
9,428
2,636
2,327
2,187
9,585
9,440
9,441
9,638
9,60
9,677
9,416
9,240
9,113
9,384
9,132
2,110
2,152
8,604
9,321
2,399
2,610
9,169
9,219
2,594
9,20
9,77
9,5
9,64
9,204
9,400
9,339
2,503
9,167
9,622
3,499
9,362
9,473
9,103
2,527
9,508
2,635
2,666
9,216
2,7
2,612
9,454
2,232
9,260
9,693
2,526
8,497
2,252
9,439
9,262
9,221
9,511
9,16
2,229
9,41
9,280
8,698
9,554
9,128
2,540
9,114
9,494
2,561
9,304
9,154
9,684
9,39
9,600
9,261
2,40
2,184
9,97
3,354
9,423
9,76
2,139
7,21
2,530
3,437
9,597
9,118
9,356
9,290
2,544
2,386
2,65
9,697
9,583
9,688
2,195
8,501
2,200
9,73
9,82
9,611
9,89
8,317
9,571
9,448
9,49
2,133
9,430
9,98
9,276
9,521
8,319
2,447
9,663
9,183
2,263
8,312
7,54
9,71
9,696
9,202
9,690
9,102
9,652
8,628
8,302
9,655
9,538
2,496
9,672
2,461
2,433
9,178
2,123
2,575
9,648
2,584
9,590
9,479
9,617
9,182
9,664
9,609
9,602
9,514
8,436
2,486
9,488
9,190
9,640
9,326
9,413
9,268
9,369
2,676
9,57
9,649
9,593
9,83
9,429
9,485
9,298
9,553
8,425
9,30
9,287
9,160
9,460
9,517
9,644
2,542
8,328
9,373
9,87
9,365
2,558
8,667
9,157
2,408
9,380
9,427
2,42
9,581
9,468
2,464
9,224
9,104
9,596
9,25
9,606
9,38
9,237
9,34
9,492
9,574
1,475
8,36
9,174
2,306
2,407
2,406
5,415
2,142
9,153
9,417
9,375
9,355
9,493
9,599
9,136
2,539
9,342
2,569
9,96
9,310
9,59
9,536
2,598
2,168
9,370
9,226
9,177
9,145
9,463
9,565
3,213
9,686
9,699
9,196
9,389
9,469
2,378
2,311
2,404
2,238
2,10
13,608
9,284
11,336
9,165
2,466
9,297
9,22
9,682
9,452
9,158
9,247
2,673
9,502
9,481
9,434
9,351
9,577
9,591
2,374
9,67
9,545
9,692
9,381
9,19
9,403
2,573
9,172
2,74
2,665
2,507
9,314
9,45
9,119
9,265
9,451
9,296
2,225
2,151
9,193
9,159
3,18
9,490
9,680
9,131
9,201
9,528
2,236
2,579
8,658
9,394
9,632
9,376
9,117
9,689
3,446
9,385
9,519
9,95
9,124
2,391
9,197
8,350
13,641
9,345
9,214
9,148
9,26
2,251
9,582
2,605
9,529
9,161
3,624
9,668
2,661
9,24
2,509
9,555
9,309
9,472
9,218
9,359
9,379
9,215
2,477
9,163
2,230
9,533
2,111
9,150
9,66
2,419
4,33
9,397
9,639
9,601
9,387
9,267
2,551
9,289
8,683
2,675
2,171
8,516
9,199
9,120
2,410
9,643
9,162
9,44
9,239
4,458
2,637
9,694
11,37
2,691
9,409
2,371
2,631
9,115
2,48
2,512
8,303
9,130
9,524
9,343
9,325
9,234
9,198
9,272
9,630
2,398
9,295
9,324
9,233
9,570
3,642
9,462
9,618
9,438
9,68
9,266
2,192
9,8
9,456
9,443
9,84
2,109
9,12
2,51
2,255
9,495
9,47
9,634
9,249
8,179
2,175
9,270
9,90
2,299
9,619
9,253
9,281
9,79
9,483
9,607
9,80
9,23
9,285
9,189
9,383
9,301
2,705
9,203
9,258
9,70
8,701
9,166
2,562
9,505
8,170
9,323
9,335
9,654
9,414
8,316
2,412
9,278
9,651
2,331
9,471
9,329
9,259
9,392
9,254
9,223
2,515
9,678
2,137
9,550
9,620
9,9
9,341
9,81
2,288
9,269
9,623
3,687
9,445
2,340
9,467
6,674
9,420
7,552
9,578
9,372
9,353
9,129
9,390
2,470
9,449
9,277
9,629
9,108
9,333
9,217
9,256
9,176
2,556
9,291
9,231
9,1
3,566
9,588
2,520
9,2
8,248
9,626
2,360
9,679
9,670
2,246
9,308
2,589
9,349
3,346
9,206
9,422
9,426
9,62
9,173
9,11
2,557
9,564
2,671
9,307
9,532
9,135
3,126
9,580
3,535
9,134
9,72
9,368
2,29
9,703
9,294
9,181
9,704
9,186
9,482
9,155
3,112
9,401
11,121
9,106
2,702
4,431
9,534
2,459
9,92
9,127
9,257
9,361
9,334
2,510
8,53
9,337
8,548
8,85
9,78
2,650
9,522
9,480
9,320
3,344
9,322
2,366
9,275
9,621
2,498
2,271
2,4
2,241
9,567
9,563
9,180
9,465
9,242
9,364
9,633
8,367
9,27
2,537
2,487
9,377
9,191
2,292
8,282
9,525
10,50
2,101
1,86
9,61
9,592
9,660
2,559
9,543
9,208
9,143
2,243
9,405
9,474
9,15
8,245
9,695
9,283
9,659
9,613
9,442
2,3
2,116
10,546
13,52
9,250
9,315
2,35
9,627
9,586
2,227
9,393
9,347
9,305
9,156
9,146
9,576
9,185
3,547
9,13
9,332
9,489
9,99
9,657
9,188
9,32
9,164
9,395
2,194
2,14
2,424
2,662
9,435
9,549
9,264
9,58
2,500
9,228
9,274
9,656
2,273
11,138
2,352
9,685
9,141
9,572
9,244
9,220
2,122
9,432
9,348
9,595
9,444
9,63
9,91
9,43
9,330
9,6
9,55
9,402
2,358
2,293
2,614
9,531
9,105
2,93
9,455
9,69
5,31
9,212
9,396
2,140
2,388
9,313
2,560
2,625
9,222
2,209
9,484
9,646
9,450
9,616
9,56
9,615
2,144
12,107
8,28
9,363
9,210
9,645
9,587
9,75
9,647
9,100
11,125
9,418
9,669
9,235
9,541
9,506
2,603
9,491
9,300
9,94
9,88
9,518
9,286
9,382
9,318
9,504
2,46
9,478
9,453
9,338
9,357
9,523
9,568
8,205
8,211
8,653
9,457
