20,876
89,323
20,808
20,836
20,109
20,992
20,40
50,214
20,320
20,216
66,554
20,32
20,434
20,68
20,447
20,117
20,957
20,664
67,645
20,1032
20,427
20,668
20,340
63,888
20,505
20,342
75,170
20,360
20,330
17,891
20,287
20,1063
61,278
20,970
20,913
20,682
20,972
20,654
20,243
20,419
20,266
20,141
20,739
20,828
1,319
20,380
20,501
20,916
20,293
20,908
60,968
20,364
60,1076
20,658
20,730
20,47
20,306
54,571
20,722
20,296
20,871
20,446
76,387
20,77
36,963
20,366
20,1056
20,1089
20,173
20,971
20,846
20,678
20,897
44,816
20,1017
61,939
20,308
84,561
2,921
20,202
20,748
20,17
22,583
20,70
20,404
20,529
20,1009
20,852
20,787
26,1000
15,414
60,85
20,494
66,98
61,814
20,585
20,378
20,185
20,488
50,254
41,316
20,261
20,1012
20,149
51,745
30,262
20,524
61,268
20,270
20,448
61,339
60,207
20,646
55,450
20,934
41,178
20,684
20,399
42,28
20,99
61,917
20,246
66,784
20,1027
50,406
20,424
20,652
62,482
51,914
20,1030
20,826
20,827
20,245
20,12
20,299
20,562
20,423
20,283
61,203
20,525
20,769
20,979
20,647
20,159
61,783
20,998
20,679
49,29
20,721
20,73
20,560
20,800
6,744
20,749
20,142
20,81
20,1052
20,1072
20,703
61,490
50,620
20,631
61,1037
20,956
20,1008
20,1071
20,162
20,210
20,523
20,305
15,38
20,499
20,535
20,55
24,1069
79,747
20,1088
20,1082
20,929
20,1
39,742
20,23
20,536
20,579
20,187
20,297
20,750
20,39
20,157
20,215
20,115
20,756
20,665
20,978
61,983
27,773
20,75
43,1059
20,697
20,41
20,303
20,568
20,1002
20,941
19,660
20,731
20,107
20,417
52,875
20,186
20,1084
68,1020
20,411
20,812
20,223
20,97
20,96
49,442
42,588
19,355
22,151
77,251
20,344
20,405
8,902
20,1014
50,623
20,946
44,779
20,233
61,926
20,767
20,5
61,509
20,774
20,889
20,644
20,72
20,666
20,880
20,272
20,648
20,489
20,843
20,612
20,1004
38,782
49,291
20,179
20,589
20,503
20,1053
20,729
20,34
20,943
20,763
20,858
17,363
66,346
20,250
20,418
20,596
20,952
20,977
61,496
20,553
20,847
20,1054
20,211
20,694
20,59
20,240
41,1041
20,985
20,361
20,960
20,260
20,539
20,771
61,1085
61,50
20,1083
20,918
60,996
20,518
20,1077
20,415
61,236
67,298
20,1060
20,574
20,691
20,903
61,274
20,362
20,436
20,840
20,878
20,777
20,801
20,522
17,60
20,237
61,313
20,1003
20,1013
20,899
20,639
20,217
57,877
20,630
19,1044
20,166
20,923
20,1023
20,391
20,822
61,607
20,35
20,208
20,549
41,760
20,988
74,622
61,656
31,605
20,942
66,147
20,230
20,636
20,540
20,425
20,56
61,629
61,3
20,235
20,172
75,1022
20,348
20,124
20,311
20,904
91,420
20,354
20,794
20,394
37,527
20,781
80,189
20,200
20,825
20,1016
53,174
20,820
20,659
20,728
38,716
20,22
20,228
20,866
20,441
20,993
20,920
20,21
20,66
20,86
61,445
20,437
20,621
20,7
63,10
66,528
20,573
60,375
20,786
20,359
20,37
20,755
20,707
20,110
17,388
60,500
11,864
20,184
11,837
20,1078
20,671
20,403
20,127
61,557
20,947
20,146
77,845
20,422
61,241
20,392
20,197
60,862
20,52
20,674
20,628
20,282
20,102
20,62
20,351
20,155
20,949
20,807
65,958
60,1058
20,961
20,13
61,604
20,440
20,932
19,276
20,14
20,477
20,704
20,705
20,582
20,861
20,317
20,772
20,255
20,472
20,651
81,26
20,758
72,898
20,713
20,617
93,580
20,257
61,504
20,712
20,42
20,400
20,759
20,113
20,865
20,643
4,1048
1,4
20,633
20,594
20,87
20,754
20,873
20,80
20,20
60,206
17,1051
20,134
20,765
20,641
34,271
20,36
20,802
20,275
20,82
69,57
20,132
20,842
20,397
66,806
90,133
17,692
20,429
20,137
77,1074
20,1086
20,193
20,256
20,793
20,44
20,726
45,269
20,369
16,156
1,483
20,699
20,451
18,401
49,188
20,833
60,104
20,1031
20,1034
20,15
61,969
20,461
61,279
20,819
70,408
20,46
61,890
9,689
20,796
20,667
20,103
20,199
20,736
20,811
20,154
66,650
15,285
60,201
20,995
47,999
33,592
29,329
20,460
61,635
20,695
20,204
20,986
20,120
20,1042
61,884
20,601
20,1040
20,723
20,164
20,332
20,126
20,881
20,412
20,473
20,67
20,1036
20,224
20,158
20,517
20,761
20,407
41,521
19,43
20,426
20,476
20,140
60,590
41,1018
20,513
61,295
61,277
18,855
1,718
20,711
1,242
20,373
15,183
20,1001
20,900
60,1062
20,776
20,365
61,938
61,829
20,680
20,544
20,1047
78,474
20,627
36,331
60,785
20,69
20,421
38,396
56,676
20,973
42,31
20,226
20,1025
62,859
35,470
20,131
61,49
20,1055
20,386
15,459
20,300
20,135
20,177
20,449
20,1024
61,152
20,834
20,653
20,18
60,465
20,530
20,167
20,602
61,901
20,818
61,951
20,854
61,61
12,844
20,301
20,502
20,657
20,850
20,714
20,191
20,823
20,286
20,531
25,683
61,911
20,267
18,584
20,624
7,143
20,6
20,516
5,130
92,290
20,486
20,194
20,609
20,661
20,606
22,88
44,333
20,839
20,315
20,464
20,577
20,376
20,886
20,48
20,54
20,706
20,688
20,431
61,1073
20,479
20,389
20,841
1,738
20,1079
20,940
20,492
20,598
20,118
20,321
1,377
20,309
20,350
20,1068
20,439
20,907
42,463
20,122
20,1091
20,987
20,232
20,709
20,640
41,64
96,144
20,637
20,9
20,790
20,997
20,252
42,982
20,84
20,817
66,244
60,93
20,370
59,1007
20,25
15,532
20,89
20,337
20,150
60,169
20,953
20,213
20,402
52,734
75,249
18,469
20,264
20,670
61,879
20,165
20,919
20,741
20,821
20,458
61,263
20,564
20,632
20,1065
12,71
60,698
58,906
20,368
20,16
20,533
20,954
20,805
68,352
20,455
41,857
20,307
20,292
20,341
20,556
49,693
20,1080
61,475
20,327
61,345
1,519
20,168
20,944
20,379
63,534
28,180
20,593
20,551
20,192
20,930
20,182
20,515
60,634
19,356
20,136
18,870
20,1029
61,138
20,586
20,238
20,384
20,567
20,358
61,1081
20,964
20,1061
74,336
20,454
20,753
20,922
20,967
22,541
61,432
20,239
20,896
20,190
20,727
33,616
20,810
20,603
20,253
20,860
88,1064
20,740
61,456
20,438
23,804
20,614
19,314
20,608
61,526
20,872
20,538
20,768
20,416
70,312
20,1006
20,937
70,205
20,220
1,733
20,484
20,851
20,687
20,547
20,735
20,613
20,1015
23,468
61,258
20,795
16,945
44,453
20,887
20,30
17,1045
20,302
61,1066
75,966
77,381
20,989
20,480
20,791
1,975
20,788
20,1057
20,766
20,974
20,935
61,83
20,751
20,221
20,625
87,175
20,955
61,610
20,581
20,962
20,677
20,552
20,171
20,507
20,91
20,874
61,90
20,700
20,600
20,383
20,385
20,883
61,832
71,725
14,196
20,512
20,225
32,615
20,498
20,1087
80,106
20,618
20,443
20,153
20,720
20,649
20,481
20,642
20,444
20,780
60,45
50,548
20,550
18,803
20,79
66,893
20,326
20,835
94,322
20,710
20,885
20,662
20,273
20,537
20,101
61,543
20,1043
20,116
20,669
82,572
63,905
61,910
20,119
20,219
19,655
20,198
15,74
20,981
20,792
20,229
20,1021
20,626
20,948
20,478
66,976
13,181
20,927
41,510
20,1039
17,247
20,569
20,357
20,925
20,1035
61,347
3,1050
67,65
66,565
20,757
20,511
20,457
20,576
20,797
20,1067
20,611
20,936
20,395
42,33
20,334
20,869
20,520
60,145
42,546
20,195
52,950
20,294
20,325
61,892
20,163
20,752
20,743
20,435
20,491
20,789
20,770
20,578
85,984
37,558
20,1049
48,824
73,559
20,493
20,696
64,545
20,318
95,863
20,599
23,281
61,108
19,288
20,830
20,915
20,690
20,815
20,719
20,335
20,595
17,265
20,304
20,280
46,737
20,514
61,160
20,587
20,95
20,231
20,76
24,717
20,367
20,390
20,139
67,111
20,1070
20,809
15,234
20,1019
20,497
61,1028
17,413
20,980
20,597
20,965
20,764
20,638
20,121
20,701
23,1010
23,1033
40,1011
20,673
20,681
20,92
61,487
44,732
20,53
20,555
61,112
20,508
20,848
20,374
20,398
21,566
86,542
60,382
20,991
20,410
66,452
20,284
20,1038
20,51
20,591
20,909
20,724
20,371
20,24
20,868
20,575
83,128
19,931
20,409
20,372
20,1075
60,506
60,1026
20,466
20,895
20,994
18,11
20,94
20,882
20,259
61,672
20,123
44,853
20,328
20,289
20,959
20,19
66,894
20,708
61,212
20,675
20,702
20,462
20,798
60,686
20,27
37,338
20,63
20,746
60,324
38,775
20,778
20,495
20,831
41,430
20,928
17,799
50,393
20,471
20,222
61,563
37,310
20,570
20,176
20,227
20,1046
20,161
20,8
23,100
20,849
20,125
20,912
20,685
20,209
20,129
20,105
20,1090
17,248
61,485
20,218
20,715
61,148
20,353
20,114
20,58
20,349
66,838
20,428
20,867
20,467
20,2
20,762
20,813
20,78
20,1005
20,924
20,990
20,619
10,343
20,433
20,933
49,856
20,663
