4,661
4,1045
4,845
4,943
4,19
4,1007
4,529
4,582
4,245
4,70
3,959
4,917
4,381
3,130
4,220
4,325
4,58
4,212
4,672
4,1051
4,568
4,564
4,1015
4,781
1,1108
4,924
4,448
2,969
4,125
4,1047
4,870
4,332
4,466
4,188
4,1091
4,541
4,153
4,983
4,1113
4,300
4,236
4,352
4,1072
4,532
4,309
4,454
3,645
4,1012
4,1080
4,504
3,1020
4,668
4,389
4,1023
4,221
4,839
4,627
4,98
3,974
4,1096
4,78
4,988
4,259
4,430
2,1018
4,322
4,402
4,772
3,403
4,800
4,74
4,633
4,339
4,1021
4,589
4,906
2,386
4,497
3,1062
4,357
4,767
4,301
4,795
4,796
4,651
4,283
4,306
4,976
4,435
4,416
4,30
4,656
4,975
4,88
4,86
4,1119
4,1041
4,918
4,330
6,686
4,13
4,869
4,955
1,683
4,610
4,216
4,35
1,342
4,262
4,292
4,714
4,272
4,496
4,937
1,565
4,63
1,289
4,328
4,827
4,1057
1,482
4,298
4,499
4,1010
4,29
4,821
4,23
4,36
4,360
4,436
4,569
1,535
4,468
4,741
4,903
4,785
4,296
4,788
4,794
4,982
4,546
4,234
4,539
4,780
4,495
4,590
4,119
4,464
4,542
4,742
4,1087
2,92
4,249
1,673
4,510
4,773
4,106
4,462
4,792
4,1016
4,992
4,160
4,347
2,629
4,1089
4,175
4,443
4,545
4,614
4,145
4,1000
4,952
4,609
4,786
4,358
4,71
4,485
4,494
4,1048
1,769
4,1100
4,604
4,12
4,928
4,498
4,1026
4,933
4,846
4,862
4,797
4,755
1,1044
4,174
4,970
4,782
4,690
4,385
4,812
4,240
1,947
4,225
4,849
4,1076
4,15
4,178
3,193
4,893
4,637
4,1111
2,916
4,689
4,1092
4,371
4,362
4,183
4,603
4,704
4,994
4,995
4,156
4,413
2,359
1,1046
4,543
4,914
4,688
4,68
4,202
4,151
4,138
4,528
4,660
4,133
4,577
4,61
4,675
3,287
3,428
4,1093
4,367
4,980
3,263
4,483
4,380
4,516
7,920
4,1013
4,155
4,885
4,343
4,575
4,22
4,76
4,479
4,843
4,401
4,815
4,404
4,874
4,438
4,653
4,168
4,314
4,808
4,87
4,484
4,440
4,1058
4,967
4,291
4,824
4,9
4,270
4,126
4,787
4,1053
4,60
4,771
4,101
4,320
4,214
4,33
4,470
4,676
4,418
1,818
4,853
4,157
4,1099
4,275
4,267
4,269
4,763
4,195
3,973
4,143
4,80
4,105
4,912
4,444
4,866
1,857
4,647
4,930
4,606
4,682
4,476
1,1088
4,747
4,73
4,75
4,186
4,599
4,285
4,445
4,702
4,311
4,957
4,159
4,748
4,667
4,394
4,613
4,960
4,290
4,829
4,113
4,327
4,602
4,149
1,209
4,353
1,46
4,399
4,945
4,527
4,181
4,396
4,801
3,958
4,208
4,366
4,764
4,446
4,759
4,941
4,997
4,1107
4,749
7,931
4,856
4,392
4,57
4,254
4,579
4,987
4,316
4,687
4,774
4,148
4,266
4,82
4,826
4,895
1,956
4,118
4,85
4,1008
4,41
4,894
4,662
3,789
4,880
4,4
4,1005
1,459
3,256
4,433
4,944
4,642
4,835
4,882
4,517
4,524
4,329
4,566
1,228
4,1106
4,1033
4,730
4,907
4,1098
1,1042
4,761
4,754
4,909
4,913
4,109
4,95
4,410
4,368
4,243
4,50
4,205
4,737
4,1090
4,232
1,278
4,34
4,929
4,1024
4,776
4,507
4,442
4,49
4,140
4,146
4,555
4,318
4,341
2,790
4,513
1,204
4,1049
4,258
4,573
4,805
4,708
4,695
4,457
4,199
3,103
4,94
4,972
4,692
4,891
4,836
4,405
3,522
4,182
4,191
4,585
4,873
4,425
4,276
4,584
4,757
4,230
4,1073
4,576
4,592
4,398
4,848
4,158
4,750
4,1068
4,634
4,1
4,552
4,850
4,758
4,1071
4,966
4,43
4,250
4,406
5,1035
4,112
3,649
4,307
3,493
4,173
3,429
4,1036
4,293
4,503
4,1067
4,703
4,491
4,833
4,1003
4,624
4,390
4,147
4,407
4,163
4,310
1,411
4,768
3,312
4,1040
4,122
4,194
4,694
4,544
4,593
4,538
4,261
4,315
4,550
4,1104
4,431
4,623
4,685
4,852
4,570
4,858
4,896
4,281
4,1056
4,953
4,233
4,678
4,170
1,583
4,571
4,134
4,321
4,939
4,144
4,299
4,99
4,334
4,1011
4,990
4,834
4,709
4,458
4,863
4,657
2,652
4,699
4,727
1,346
4,777
4,536
4,72
4,211
4,631
4,872
4,382
4,530
4,420
4,297
4,3
4,1081
4,842
1,1050
2,556
4,62
4,102
4,253
1,1074
4,337
4,1054
4,400
2,520
2,492
4,559
4,344
3,179
3,197
4,596
4,419
4,89
4,923
4,712
4,901
4,255
4,641
4,323
4,489
4,594
4,294
4,828
4,91
4,373
3,823
4,414
1,525
4,227
4,26
4,167
4,1009
4,696
4,241
1,526
4,717
4,224
4,137
4,165
4,932
4,1022
4,902
4,391
4,716
4,93
4,244
4,274
4,911
4,251
4,1029
4,1014
4,640
4,762
4,512
4,618
4,706
4,926
4,807
4,1094
4,900
4,177
4,409
4,456
4,351
4,1027
4,415
4,632
4,574
4,32
4,264
4,617
4,338
4,96
4,18
4,819
4,1061
4,508
1,655
4,114
4,940
4,783
4,427
1,90
4,239
4,934
3,31
4,480
4,1075
4,644
4,847
4,17
4,273
4,288
4,455
4,81
4,950
4,383
3,235
4,611
4,265
4,304
4,48
4,319
4,1082
4,691
3,936
4,825
4,551
4,169
4,369
3,129
4,1102
4,1001
4,659
4,441
4,27
4,809
1,523
1,875
4,505
4,260
4,892
4,282
4,733
1,1052
4,161
1,424
1,586
4,44
4,626
4,461
4,284
4,451
4,52
4,397
4,379
4,136
4,198
4,518
4,5
4,984
4,213
4,925
4,324
4,37
3,120
4,10
4,938
4,725
4,370
4,608
4,107
3,268
4,740
1,600
4,326
4,897
4,674
3,111
4,463
4,810
4,572
4,888
4,110
4,84
3,229
4,616
3,625
4,271
4,775
4,728
4,1097
4,765
3,64
4,417
4,395
3,820
4,1070
4,567
1,760
4,628
4,39
1,1069
7,1085
4,954
4,142
4,477
4,905
4,746
4,1039
4,948
2,965
4,363
4,511
4,345
4,968
4,908
4,998
4,743
4,38
3,722
4,305
4,375
1,595
4,45
4,620
4,83
4,196
4,1083
4,123
4,540
4,779
4,355
4,336
4,24
4,412
4,591
4,832
4,961
4,139
4,739
4,981
4,831
4,844
4,639
1,509
4,877
4,710
4,851
4,841
4,648
2,581
4,487
4,257
4,560
4,1095
4,899
4,919
3,472
4,135
2,20
4,646
4,643
4,502
4,127
3,533
3,1112
4,817
4,721
4,989
5,876
4,619
4,1101
4,1028
4,986
4,475
4,770
4,951
3,16
4,979
4,519
3,813
4,840
4,669
4,124
4,598
4,860
4,723
4,185
1,806
4,889
4,1006
4,116
4,171
4,868
4,303
4,189
1,437
4,946
4,226
4,203
4,607
4,554
4,605
7,150
4,354
4,752
4,588
4,890
4,612
4,985
4,361
4,247
4,563
4,172
4,715
4,1004
4,962
4,1055
4,348
4,279
1,166
2,252
4,162
4,364
4,450
1,7
4,184
4,55
4,514
4,719
3,861
2,8
4,426
3,816
4,131
4,6
4,878
4,280
4,452
4,349
4,248
4,1002
4,207
4,1066
4,991
3,693
4,465
1,453
4,97
4,506
4,681
4,42
5,1019
3,388
4,434
4,601
4,949
4,67
4,215
4,447
4,1043
4,53
4,422
4,1109
5,838
4,684
4,176
4,335
4,219
4,766
1,745
4,622
4,21
4,1037
4,802
4,40
2,56
4,1059
4,231
4,804
4,1110
2,384
4,664
4,521
4,449
4,547
4,374
5,964
1,460
4,713
4,478
4,883
4,378
1,738
4,1060
4,190
4,734
4,731
4,884
4,128
4,701
1,665
4,654
4,1084
4,1103
4,317
4,201
4,724
3,597
4,356
4,621
4,700
4,313
4,54
4,66
4,751
4,615
4,996
4,141
4,218
4,1030
4,1063
4,1025
4,636
4,217
4,500
4,1038
4,187
4,486
5,871
4,501
4,277
4,697
4,481
4,666
4,2
4,474
3,537
4,864
4,473
4,237
4,14
4,1114
2,720
3,1079
4,705
4,1077
4,978
4,578
4,753
4,471
4,51
4,562
4,372
4,432
4,238
4,887
4,561
4,726
3,993
4,798
4,867
4,242
4,1032
4,638
1,658
4,698
4,791
4,729
4,47
4,340
4,469
4,650
4,942
4,663
4,206
4,1116
4,295
4,814
4,1065
4,1078
4,11
4,439
1,718
4,879
4,971
4,711
4,799
4,69
4,59
4,490
4,79
4,811
4,377
4,803
4,921
4,898
2,886
3,1117
4,467
1,963
4,100
4,736
4,246
4,837
4,350
4,408
4,999
4,534
4,1064
4,778
4,223
4,200
4,1034
4,423
4,365
4,393
4,756
4,115
4,1086
4,117
4,679
4,935
4,630
4,830
4,635
4,286
4,735
4,333
4,680
1,387
3,376
4,488
4,154
4,854
4,132
4,822
4,192
4,587
4,922
4,553
4,881
4,515
3,732
3,904
3,1115
4,25
4,104
4,707
4,670
4,331
4,1017
1,302
4,108
4,859
4,677
4,927
4,580
4,671
4,121
4,548
4,180
4,308
4,152
4,28
4,784
4,1031
4,865
4,557
4,531
4,793
2,77
4,222
4,65
4,558
4,915
4,910
4,1118
4,210
4,164
3,855
1,1105
3,744
5,549
2,421
4,977
