66,661
98,1045
67,845
66,943
68,19
74,1007
74,529
74,582
66,245
68,70
45,959
66,917
66,381
35,130
66,220
71,325
68,58
67,212
66,672
71,1051
78,568
66,564
66,1015
62,781
20,1108
67,924
68,448
30,969
66,125
66,1047
68,870
67,332
66,466
66,188
66,1091
66,541
68,153
62,983
70,1113
76,300
66,236
74,352
66,1072
68,532
62,309
66,454
39,645
68,1012
66,1080
66,504
35,1020
68,668
74,389
81,1023
74,221
76,839
66,627
66,98
48,974
66,1096
66,78
67,988
66,259
70,430
31,1018
81,322
74,402
66,772
47,403
66,800
66,74
67,633
66,339
66,1021
66,589
66,906
30,386
66,497
42,1062
66,357
68,767
66,301
62,795
65,796
66,651
66,283
66,306
66,976
67,435
68,416
67,30
66,656
67,975
66,88
66,86
67,1119
74,1041
66,918
67,330
108,686
66,13
67,869
66,955
19,683
66,610
66,216
68,35
18,342
66,262
65,292
68,714
66,272
66,496
67,937
8,565
56,63
10,289
66,328
66,827
68,1057
16,482
66,298
62,499
71,1010
66,29
66,821
71,23
87,36
68,360
66,436
74,569
3,535
66,468
67,741
71,903
68,785
67,296
66,788
59,794
66,982
92,546
70,234
66,539
67,780
66,495
66,590
66,119
66,464
66,542
55,742
66,1087
30,92
66,249
12,673
66,510
66,773
66,106
66,462
66,792
66,1016
68,992
74,160
66,347
23,629
67,1089
74,175
67,443
66,545
68,614
67,145
58,1000
53,952
66,609
66,786
66,358
75,71
67,485
66,494
67,1048
15,769
66,1100
66,604
66,12
74,928
56,498
66,1026
96,933
66,846
55,862
87,797
66,755
2,1044
66,174
66,970
66,782
62,690
67,385
68,812
66,240
6,947
85,225
66,849
55,1076
66,15
66,178
46,193
74,893
66,637
66,1111
25,916
67,689
66,1092
68,371
66,362
74,183
66,603
91,704
92,994
77,995
66,156
66,413
30,359
5,1046
67,543
66,914
55,688
67,68
66,202
65,151
66,138
49,528
66,660
67,133
66,577
68,61
66,675
35,287
35,428
68,1093
66,367
67,980
37,263
66,483
67,380
66,516
109,920
54,1013
74,155
66,885
66,343
67,575
74,22
67,76
66,479
67,843
66,401
71,815
66,404
66,874
68,438
66,653
66,168
66,314
67,808
68,87
66,484
66,440
68,1058
66,967
66,291
65,824
66,9
68,270
67,126
66,787
66,1053
96,60
66,771
74,101
74,320
67,214
68,33
66,470
68,676
66,418
13,818
66,853
68,157
66,1099
66,275
66,267
66,269
66,763
67,195
46,973
66,143
67,80
66,105
67,912
66,444
66,866
21,857
55,647
68,930
62,606
66,682
66,476
15,1088
66,747
66,73
66,75
66,186
81,599
66,285
66,445
66,702
85,311
66,957
68,159
66,748
67,667
66,394
67,613
68,960
66,290
68,829
66,113
66,327
66,602
66,149
19,209
66,353
13,46
67,399
77,945
62,527
67,181
67,396
66,801
39,958
66,208
66,366
66,764
67,446
70,759
67,941
66,997
74,1107
74,749
112,931
67,856
66,392
66,57
54,254
62,579
84,987
66,316
66,687
66,774
66,148
54,266
66,82
70,826
74,895
6,956
66,118
66,85
66,1008
68,41
68,894
66,662
35,789
67,880
80,4
62,1005
11,459
41,256
89,433
68,944
66,642
66,835
67,882
68,517
49,524
66,329
66,566
11,228
74,1106
66,1033
66,730
67,907
66,1098
7,1042
66,761
70,754
66,909
68,913
66,109
66,95
67,410
66,368
66,243
66,50
66,205
66,737
66,1090
66,232
5,278
67,34
66,929
66,1024
63,776
66,507
67,442
67,49
66,140
70,146
66,555
67,318
67,341
28,790
74,513
6,204
68,1049
66,258
74,573
68,805
66,708
66,695
66,457
67,199
35,103
66,94
74,972
66,692
66,891
55,836
66,405
43,522
66,182
68,191
66,585
66,873
66,425
66,276
66,584
74,757
66,230
51,1073
74,576
68,592
74,398
74,848
66,158
68,750
67,1068
66,634
67,1
66,552
89,850
68,758
66,1071
68,966
66,43
74,250
66,406
101,1035
66,112
39,649
66,307
35,493
71,173
35,429
100,1036
71,293
66,503
70,1067
89,703
66,491
68,833
95,1003
66,624
66,390
66,147
66,407
96,163
71,310
11,411
67,768
42,312
66,1040
67,122
66,194
66,694
66,544
66,593
66,538
66,261
66,315
93,550
96,1104
71,431
66,623
66,685
68,852
74,570
66,858
67,896
61,281
66,1056
70,953
67,233
66,678
74,170
20,583
66,571
66,134
68,321
71,939
67,144
50,299
66,99
68,334
66,1011
67,990
67,834
66,709
66,458
66,863
67,657
30,652
66,699
71,727
5,346
66,777
67,536
99,72
66,211
66,631
62,872
66,382
66,530
66,420
66,297
66,3
66,1081
79,842
16,1050
27,556
67,62
68,102
66,253
20,1074
55,337
66,1054
67,400
30,520
31,492
67,559
71,344
35,179
35,197
53,596
66,419
66,89
66,923
70,712
66,901
66,255
67,641
67,323
68,489
66,594
67,294
66,828
66,91
66,373
35,823
66,414
22,525
71,227
66,26
67,167
66,1009
66,696
68,241
1,526
54,717
66,224
66,137
59,165
66,932
66,1022
67,902
62,391
67,716
84,93
71,244
66,274
68,911
74,251
66,1029
66,1014
66,640
55,762
66,512
55,618
68,706
66,926
66,807
68,1094
54,900
66,177
66,409
83,456
65,351
67,1027
67,415
71,632
62,574
84,32
77,264
67,617
66,338
65,96
68,18
66,819
70,1061
66,508
13,655
67,114
67,940
66,783
66,427
13,90
91,239
66,934
37,31
60,480
67,1075
67,644
66,847
71,17
68,273
66,288
71,455
66,81
71,950
66,383
40,235
66,611
67,265
66,304
85,48
67,319
66,1082
67,691
37,936
68,825
66,551
66,169
66,369
33,129
49,1102
88,1001
97,659
66,441
66,27
71,809
19,523
16,875
66,505
66,260
68,892
66,282
66,733
17,1052
67,161
13,424
11,586
74,44
66,626
66,461
73,284
67,451
66,52
66,397
66,379
66,136
66,198
68,518
66,5
74,984
66,213
66,925
67,324
95,37
38,120
67,10
86,938
87,725
66,370
66,608
66,107
35,268
67,740
19,600
66,326
67,897
71,674
47,111
67,463
89,810
66,572
53,888
67,110
67,84
43,229
74,616
35,625
71,271
62,775
72,728
84,1097
68,765
35,64
67,417
64,395
39,820
66,1070
87,567
20,760
68,628
87,39
13,1069
110,1085
66,954
90,142
59,477
68,905
66,746
66,1039
62,948
27,965
77,363
70,511
66,345
66,968
66,908
66,998
82,743
54,38
35,722
66,305
66,375
8,595
66,45
66,620
66,83
70,196
66,1083
67,123
66,540
66,779
64,355
77,336
66,24
66,412
66,591
71,832
66,961
66,139
66,739
66,981
65,831
66,844
67,639
5,509
62,877
66,710
66,851
66,841
67,648
30,581
66,487
66,257
66,560
66,1095
66,899
66,919
39,472
66,135
30,20
66,646
66,643
66,502
66,127
37,533
47,1112
66,817
66,721
76,989
105,876
49,619
66,1101
56,1028
67,986
66,475
68,770
68,951
41,16
66,979
71,519
46,813
66,840
74,669
71,124
66,598
67,860
70,723
66,185
4,806
67,889
66,1006
68,116
66,171
66,868
67,303
66,189
13,437
59,946
59,226
66,203
67,607
66,554
66,605
111,150
73,354
66,752
71,588
71,890
67,612
66,985
59,361
66,247
66,563
68,172
66,715
66,1004
66,962
71,1055
67,348
66,279
3,166
23,252
66,162
66,364
67,450
18,7
71,184
74,55
66,514
67,719
35,861
30,8
66,426
37,816
57,131
66,6
66,878
96,280
67,452
66,349
66,248
68,1002
71,207
71,1066
74,991
43,693
66,465
20,453
66,97
89,506
87,681
66,42
107,1019
35,388
69,434
56,601
54,949
66,67
68,215
66,447
66,1043
66,53
67,422
68,1109
106,838
71,684
67,176
67,335
67,219
66,766
20,745
70,622
66,21
66,1037
70,802
66,40
24,56
67,1059
66,231
66,804
66,1110
32,384
66,664
66,521
66,449
71,547
66,374
104,964
14,460
67,713
66,478
68,883
67,378
17,738
66,1060
66,190
66,734
66,731
67,884
66,128
68,701
13,665
68,654
66,1084
68,1103
67,317
67,201
66,724
34,597
66,356
66,621
66,700
55,313
66,54
70,66
74,751
68,615
71,996
66,141
67,218
70,1030
66,1063
66,1025
66,636
66,217
66,500
66,1038
59,187
52,486
103,871
89,501
70,277
66,697
66,481
70,666
66,2
66,474
44,537
66,864
66,473
66,237
66,14
66,1114
29,720
35,1079
71,705
66,1077
59,978
66,578
66,753
68,471
54,51
71,562
66,372
66,432
71,238
67,887
74,561
66,726
36,993
66,798
66,867
92,242
66,1032
70,638
5,658
66,698
68,791
74,729
66,47
52,340
66,469
56,650
66,942
66,663
67,206
66,1116
67,295
66,814
66,1065
67,1078
66,11
66,439
21,718
66,879
74,971
66,711
66,799
67,69
66,59
66,490
91,79
66,811
67,377
71,803
67,921
92,898
30,886
37,1117
66,467
6,963
66,100
66,736
76,246
94,837
70,350
66,408
66,999
66,534
74,1064
66,778
66,223
66,200
66,1034
66,423
66,365
67,393
66,756
68,115
66,1086
67,117
74,679
67,935
66,630
66,830
76,635
90,286
67,735
66,333
92,680
5,387
46,376
74,488
66,154
66,854
70,132
70,822
66,192
66,587
66,922
67,553
68,881
66,515
35,732
45,904
35,1115
66,25
67,104
68,707
62,670
85,331
70,1017
9,302
66,108
66,859
66,677
66,927
66,580
66,671
66,121
67,548
71,180
66,308
64,152
66,28
66,784
66,1031
71,865
68,557
85,531
67,793
26,77
66,222
66,65
66,558
73,915
49,910
66,1118
71,210
66,164
35,855
20,1105
46,744
102,549
24,421
66,977
