2,661
2,1045
2,845
2,943
2,19
2,1007
2,529
2,582
2,245
2,70
2,959
2,917
2,381
2,130
2,220
2,325
2,58
2,212
2,672
2,1051
2,568
2,564
2,1015
2,781
1,1108
2,924
2,448
1,969
2,125
2,1047
2,870
2,332
2,466
2,188
2,1091
2,541
2,153
2,983
2,1113
2,300
2,236
2,352
2,1072
2,532
2,309
2,454
2,645
2,1012
2,1080
2,504
2,1020
2,668
2,389
2,1023
2,221
2,839
2,627
2,98
2,974
2,1096
2,78
2,988
2,259
2,430
1,1018
2,322
2,402
2,772
2,403
2,800
2,74
2,633
2,339
2,1021
2,589
2,906
1,386
2,497
2,1062
2,357
2,767
2,301
2,795
2,796
2,651
2,283
2,306
2,976
2,435
2,416
2,30
2,656
2,975
2,88
2,86
2,1119
2,1041
2,918
2,330
3,686
2,13
2,869
2,955
1,683
2,610
2,216
2,35
1,342
2,262
2,292
2,714
2,272
2,496
2,937
1,565
2,63
1,289
2,328
2,827
2,1057
1,482
2,298
2,499
2,1010
2,29
2,821
2,23
2,36
2,360
2,436
2,569
1,535
2,468
2,741
2,903
2,785
2,296
2,788
2,794
2,982
2,546
2,234
2,539
2,780
2,495
2,590
2,119
2,464
2,542
2,742
2,1087
1,92
2,249
1,673
2,510
2,773
2,106
2,462
2,792
2,1016
2,992
2,160
2,347
1,629
2,1089
2,175
2,443
2,545
2,614
2,145
2,1000
2,952
2,609
2,786
2,358
2,71
2,485
2,494
2,1048
1,769
2,1100
2,604
2,12
2,928
2,498
2,1026
2,933
2,846
2,862
2,797
2,755
1,1044
2,174
2,970
2,782
2,690
2,385
2,812
2,240
1,947
2,225
2,849
2,1076
2,15
2,178
2,193
2,893
2,637
2,1111
1,916
2,689
2,1092
2,371
2,362
2,183
2,603
2,704
2,994
2,995
2,156
2,413
1,359
1,1046
2,543
2,914
2,688
2,68
2,202
2,151
2,138
2,528
2,660
2,133
2,577
2,61
2,675
2,287
2,428
2,1093
2,367
2,980
2,263
2,483
2,380
2,516
4,920
2,1013
2,155
2,885
2,343
2,575
2,22
2,76
2,479
2,843
2,401
2,815
2,404
2,874
2,438
2,653
2,168
2,314
2,808
2,87
2,484
2,440
2,1058
2,967
2,291
2,824
2,9
2,270
2,126
2,787
2,1053
2,60
2,771
2,101
2,320
2,214
2,33
2,470
2,676
2,418
1,818
2,853
2,157
2,1099
2,275
2,267
2,269
2,763
2,195
2,973
2,143
2,80
2,105
2,912
2,444
2,866
1,857
2,647
2,930
2,606
2,682
2,476
1,1088
2,747
2,73
2,75
2,186
2,599
2,285
2,445
2,702
2,311
2,957
2,159
2,748
2,667
2,394
2,613
2,960
2,290
2,829
2,113
2,327
2,602
2,149
1,209
2,353
1,46
2,399
2,945
2,527
2,181
2,396
2,801
2,958
2,208
2,366
2,764
2,446
2,759
2,941
2,997
2,1107
2,749
4,931
2,856
2,392
2,57
2,254
2,579
2,987
2,316
2,687
2,774
2,148
2,266
2,82
2,826
2,895
1,956
2,118
2,85
2,1008
2,41
2,894
2,662
2,789
2,880
2,4
2,1005
1,459
2,256
2,433
2,944
2,642
2,835
2,882
2,517
2,524
2,329
2,566
1,228
2,1106
2,1033
2,730
2,907
2,1098
1,1042
2,761
2,754
2,909
2,913
2,109
2,95
2,410
2,368
2,243
2,50
2,205
2,737
2,1090
2,232
1,278
2,34
2,929
2,1024
2,776
2,507
2,442
2,49
2,140
2,146
2,555
2,318
2,341
1,790
2,513
1,204
2,1049
2,258
2,573
2,805
2,708
2,695
2,457
2,199
2,103
2,94
2,972
2,692
2,891
2,836
2,405
2,522
2,182
2,191
2,585
2,873
2,425
2,276
2,584
2,757
2,230
2,1073
2,576
2,592
2,398
2,848
2,158
2,750
2,1068
2,634
2,1
2,552
2,850
2,758
2,1071
2,966
2,43
2,250
2,406
3,1035
2,112
2,649
2,307
2,493
2,173
2,429
2,1036
2,293
2,503
2,1067
2,703
2,491
2,833
2,1003
2,624
2,390
2,147
2,407
2,163
2,310
1,411
2,768
2,312
2,1040
2,122
2,194
2,694
2,544
2,593
2,538
2,261
2,315
2,550
2,1104
2,431
2,623
2,685
2,852
2,570
2,858
2,896
2,281
2,1056
2,953
2,233
2,678
2,170
1,583
2,571
2,134
2,321
2,939
2,144
2,299
2,99
2,334
2,1011
2,990
2,834
2,709
2,458
2,863
2,657
1,652
2,699
2,727
1,346
2,777
2,536
2,72
2,211
2,631
2,872
2,382
2,530
2,420
2,297
2,3
2,1081
2,842
1,1050
1,556
2,62
2,102
2,253
1,1074
2,337
2,1054
2,400
1,520
1,492
2,559
2,344
2,179
2,197
2,596
2,419
2,89
2,923
2,712
2,901
2,255
2,641
2,323
2,489
2,594
2,294
2,828
2,91
2,373
2,823
2,414
1,525
2,227
2,26
2,167
2,1009
2,696
2,241
1,526
2,717
2,224
2,137
2,165
2,932
2,1022
2,902
2,391
2,716
2,93
2,244
2,274
2,911
2,251
2,1029
2,1014
2,640
2,762
2,512
2,618
2,706
2,926
2,807
2,1094
2,900
2,177
2,409
2,456
2,351
2,1027
2,415
2,632
2,574
2,32
2,264
2,617
2,338
2,96
2,18
2,819
2,1061
2,508
1,655
2,114
2,940
2,783
2,427
1,90
2,239
2,934
2,31
2,480
2,1075
2,644
2,847
2,17
2,273
2,288
2,455
2,81
2,950
2,383
2,235
2,611
2,265
2,304
2,48
2,319
2,1082
2,691
2,936
2,825
2,551
2,169
2,369
2,129
2,1102
2,1001
2,659
2,441
2,27
2,809
1,523
1,875
2,505
2,260
2,892
2,282
2,733
1,1052
2,161
1,424
1,586
2,44
2,626
2,461
2,284
2,451
2,52
2,397
2,379
2,136
2,198
2,518
2,5
2,984
2,213
2,925
2,324
2,37
2,120
2,10
2,938
2,725
2,370
2,608
2,107
2,268
2,740
1,600
2,326
2,897
2,674
2,111
2,463
2,810
2,572
2,888
2,110
2,84
2,229
2,616
2,625
2,271
2,775
2,728
2,1097
2,765
2,64
2,417
2,395
2,820
2,1070
2,567
1,760
2,628
2,39
1,1069
4,1085
2,954
2,142
2,477
2,905
2,746
2,1039
2,948
1,965
2,363
2,511
2,345
2,968
2,908
2,998
2,743
2,38
2,722
2,305
2,375
1,595
2,45
2,620
2,83
2,196
2,1083
2,123
2,540
2,779
2,355
2,336
2,24
2,412
2,591
2,832
2,961
2,139
2,739
2,981
2,831
2,844
2,639
1,509
2,877
2,710
2,851
2,841
2,648
1,581
2,487
2,257
2,560
2,1095
2,899
2,919
2,472
2,135
1,20
2,646
2,643
2,502
2,127
2,533
2,1112
2,817
2,721
2,989
3,876
2,619
2,1101
2,1028
2,986
2,475
2,770
2,951
2,16
2,979
2,519
2,813
2,840
2,669
2,124
2,598
2,860
2,723
2,185
1,806
2,889
2,1006
2,116
2,171
2,868
2,303
2,189
1,437
2,946
2,226
2,203
2,607
2,554
2,605
4,150
2,354
2,752
2,588
2,890
2,612
2,985
2,361
2,247
2,563
2,172
2,715
2,1004
2,962
2,1055
2,348
2,279
1,166
1,252
2,162
2,364
2,450
1,7
2,184
2,55
2,514
2,719
2,861
1,8
2,426
2,816
2,131
2,6
2,878
2,280
2,452
2,349
2,248
2,1002
2,207
2,1066
2,991
2,693
2,465
1,453
2,97
2,506
2,681
2,42
3,1019
2,388
2,434
2,601
2,949
2,67
2,215
2,447
2,1043
2,53
2,422
2,1109
3,838
2,684
2,176
2,335
2,219
2,766
1,745
2,622
2,21
2,1037
2,802
2,40
1,56
2,1059
2,231
2,804
2,1110
1,384
2,664
2,521
2,449
2,547
2,374
3,964
1,460
2,713
2,478
2,883
2,378
1,738
2,1060
2,190
2,734
2,731
2,884
2,128
2,701
1,665
2,654
2,1084
2,1103
2,317
2,201
2,724
2,597
2,356
2,621
2,700
2,313
2,54
2,66
2,751
2,615
2,996
2,141
2,218
2,1030
2,1063
2,1025
2,636
2,217
2,500
2,1038
2,187
2,486
3,871
2,501
2,277
2,697
2,481
2,666
2,2
2,474
2,537
2,864
2,473
2,237
2,14
2,1114
1,720
2,1079
2,705
2,1077
2,978
2,578
2,753
2,471
2,51
2,562
2,372
2,432
2,238
2,887
2,561
2,726
2,993
2,798
2,867
2,242
2,1032
2,638
1,658
2,698
2,791
2,729
2,47
2,340
2,469
2,650
2,942
2,663
2,206
2,1116
2,295
2,814
2,1065
2,1078
2,11
2,439
1,718
2,879
2,971
2,711
2,799
2,69
2,59
2,490
2,79
2,811
2,377
2,803
2,921
2,898
1,886
2,1117
2,467
1,963
2,100
2,736
2,246
2,837
2,350
2,408
2,999
2,534
2,1064
2,778
2,223
2,200
2,1034
2,423
2,365
2,393
2,756
2,115
2,1086
2,117
2,679
2,935
2,630
2,830
2,635
2,286
2,735
2,333
2,680
1,387
2,376
2,488
2,154
2,854
2,132
2,822
2,192
2,587
2,922
2,553
2,881
2,515
2,732
2,904
2,1115
2,25
2,104
2,707
2,670
2,331
2,1017
1,302
2,108
2,859
2,677
2,927
2,580
2,671
2,121
2,548
2,180
2,308
2,152
2,28
2,784
2,1031
2,865
2,557
2,531
2,793
1,77
2,222
2,65
2,558
2,915
2,910
2,1118
2,210
2,164
2,855
1,1105
2,744
3,549
1,421
2,977
