6,50
10,293
6,579
6,100
6,701
10,607
6,264
11,587
6,525
7,128
6,688
3,545
10,663
6,99
6,245
6,19
6,294
16,574
6,676
6,185
14,308
6,523
6,632
6,239
6,590
7,123
10,356
16,665
19,389
10,130
6,698
6,555
6,639
6,337
6,442
17,320
18,67
6,338
12,23
13,76
6,168
6,227
6,329
6,105
6,679
6,418
17,692
4,388
6,289
6,54
18,146
10,524
3,491
6,385
6,396
6,612
6,154
6,435
6,155
10,699
6,591
6,458
6,381
4,284
10,296
3,554
6,420
10,61
6,498
6,97
6,374
6,642
10,58
10,156
10,530
6,536
5,118
13,459
4,392
6,478
4,474
6,110
10,626
6,553
20,275
6,589
6,397
6,304
6,288
6,428
6,602
6,34
6,666
6,286
6,497
10,7
6,162
21,229
6,522
6,519
10,283
6,425
14,208
21,176
6,278
6,166
6,684
11,125
6,126
6,266
6,473
6,334
6,22
3,623
6,20
6,363
14,38
6,41
12,343
6,492
6,421
10,69
6,453
6,470
6,14
6,82
6,187
6,219
7,494
6,496
10,371
22,313
12,70
21,234
6,189
10,661
12,465
6,350
6,572
6,355
16,159
6,624
1,391
7,596
6,431
6,615
7,89
11,167
15,71
12,62
6,565
4,113
6,311
6,611
6,315
6,25
21,317
10,307
6,55
8,613
6,647
6,490
15,621
6,346
6,508
6,655
6,95
6,387
6,237
21,297
17,449
6,164
4,506
6,680
4,357
6,232
6,594
6,566
10,87
20,592
6,645
10,520
6,4
6,265
6,700
10,556
6,410
12,322
6,694
15,91
12,436
12,196
6,599
7,486
6,345
6,367
6,401
10,316
6,72
4,178
21,548
6,544
6,443
6,165
12,249
6,80
6,390
6,600
10,648
6,16
10,45
10,353
17,603
6,298
10,511
4,468
6,549
6,636
6,593
6,1
10,261
21,259
12,244
6,92
6,177
6,204
6,220
6,33
6,90
10,183
6,416
6,145
3,121
6,31
20,9
6,618
6,617
10,695
6,448
16,135
3,231
10,86
11,383
6,115
6,217
6,228
10,408
22,5
6,207
6,472
6,106
6,609
2,446
6,24
6,483
12,475
7,558
3,669
6,255
6,675
6,580
6,140
17,378
6,181
6,672
6,269
14,439
6,199
6,291
12,323
16,112
21,399
12,505
6,570
6,93
6,335
4,246
6,84
6,450
16,664
12,429
12,94
6,107
6,463
12,649
6,499
18,405
6,127
6,557
6,274
6,562
6,225
6,153
6,460
4,414
6,424
6,627
6,678
15,268
5,197
14,584
17,57
4,224
6,214
10,481
12,109
6,46
6,142
6,454
15,479
6,309
10,512
6,111
6,605
6,502
6,32
6,641
16,375
9,359
6,210
10,124
6,659
6,422
7,364
7,569
10,373
20,441
10,690
6,601
17,488
6,537
4,348
10,559
6,638
6,411
5,250
6,35
6,314
10,290
16,63
10,689
16,331
6,413
6,417
6,361
6,11
4,292
6,276
12,172
6,404
10,252
6,509
6,169
11,151
6,139
6,660
6,120
12,43
6,527
6,466
6,193
14,195
6,682
6,515
10,260
12,218
6,203
3,251
8,138
6,17
6,640
10,487
6,262
6,254
6,59
10,161
15,696
6,44
3,236
10,542
6,202
10,42
6,471
12,226
6,622
6,577
6,88
6,610
6,102
6,206
6,567
6,3
20,386
10,543
14,528
6,685
6,534
6,504
6,691
17,500
6,56
11,116
4,370
6,49
6,625
5,174
12,437
6,352
10,344
6,551
6,631
4,184
6,398
6,279
7,576
6,620
6,634
6,461
12,438
6,15
6,360
6,464
5,257
6,564
6,144
10,194
10,325
6,415
6,324
12,26
6,10
21,129
19,635
16,147
6,646
6,552
6,160
6,369
6,604
21,469
6,477
6,445
6,319
12,175
8,152
6,546
5,173
6,64
6,81
6,48
10,568
12,79
6,295
6,277
16,303
10,216
10,526
6,462
6,200
6,412
6,485
4,550
6,332
7,403
6,347
6,582
11,670
6,517
8,616
6,447
6,300
6,423
6,77
6,336
6,687
3,697
8,406
6,12
6,476
10,541
6,53
10,595
6,258
10,532
4,529
6,368
6,241
6,114
16,66
6,588
6,379
6,233
16,83
6,158
10,484
6,339
6,73
6,382
6,535
6,230
10,122
6,305
10,563
6,221
6,341
6,575
16,136
6,2
6,597
16,394
6,211
6,674
19,215
10,212
6,533
21,52
5,328
15,677
6,656
6,457
12,209
6,13
6,326
6,501
6,60
4,179
6,333
6,662
3,182
6,238
16,578
3,426
10,27
6,456
10,30
6,547
6,451
10,585
12,409
15,321
3,312
6,242
6,514
6,65
6,380
4,637
10,652
6,619
6,651
4,372
6,614
8,608
6,351
6,75
6,74
6,653
6,427
6,96
6,186
16,247
12,538
6,480
10,482
7,68
6,503
6,650
6,131
4,101
6,376
6,495
18,365
6,198
13,583
6,6
10,693
6,243
6,108
10,354
6,467
6,402
16,148
4,8
10,349
6,561
10,430
15,657
6,539
3,444
6,133
6,281
6,273
6,407
6,191
6,384
3,119
6,192
10,282
12,366
6,419
6,39
6,285
6,673
6,598
8,188
6,452
15,270
6,205
10,306
6,521
6,668
6,223
6,137
6,256
10,358
6,150
5,573
6,40
6,78
10,493
6,507
6,240
6,581
6,681
6,489
6,510
6,531
6,18
22,560
15,141
21,434
6,342
6,28
21,271
6,318
7,340
6,280
10,455
6,163
6,540
6,586
6,310
6,149
17,654
19,190
6,629
8,299
6,606
6,377
6,518
10,667
10,395
10,301
10,267
15,21
6,683
10,362
12,117
21,103
6,400
6,213
6,330
10,263
6,36
6,643
6,47
6,171
14,302
12,37
6,571
4,287
22,51
6,686
12,432
10,157
6,134
6,440
10,201
6,104
6,630
6,516
16,633
6,272
14,170
6,98
6,222
18,658
5,180
6,85
6,393
6,235
6,327
6,644
11,433
6,703
6,513
6,29
5,628
6,671
6,132
6,248
6,143
1,702
19,253
