3,50
4,293
3,579
3,100
3,701
4,607
3,264
4,587
3,525
3,128
3,688
2,545
4,663
3,99
3,245
3,19
3,294
5,574
3,676
3,185
5,308
3,523
3,632
3,239
3,590
3,123
4,356
5,665
7,389
4,130
3,698
3,555
3,639
3,337
3,442
6,320
6,67
3,338
4,23
4,76
3,168
3,227
3,329
3,105
3,679
3,418
6,692
2,388
3,289
3,54
6,146
4,524
2,491
3,385
3,396
3,612
3,154
3,435
3,155
4,699
3,591
3,458
3,381
2,284
4,296
2,554
3,420
4,61
3,498
3,97
3,374
3,642
4,58
4,156
4,530
3,536
2,118
4,459
2,392
3,478
2,474
3,110
4,626
3,553
7,275
3,589
3,397
3,304
3,288
3,428
3,602
3,34
3,666
3,286
3,497
4,7
3,162
7,229
3,522
3,519
4,283
3,425
5,208
7,176
3,278
3,166
3,684
4,125
3,126
3,266
3,473
3,334
3,22
2,623
3,20
3,363
5,38
3,41
4,343
3,492
3,421
4,69
3,453
3,470
3,14
3,82
3,187
3,219
3,494
3,496
4,371
8,313
4,70
7,234
3,189
4,661
4,465
3,350
3,572
3,355
5,159
3,624
1,391
3,596
3,431
3,615
3,89
4,167
5,71
4,62
3,565
2,113
3,311
3,611
3,315
3,25
7,317
4,307
3,55
3,613
3,647
3,490
5,621
3,346
3,508
3,655
3,95
3,387
3,237
7,297
6,449
3,164
2,506
3,680
2,357
3,232
3,594
3,566
4,87
7,592
3,645
4,520
3,4
3,265
3,700
4,556
3,410
4,322
3,694
5,91
4,436
4,196
3,599
3,486
3,345
3,367
3,401
4,316
3,72
2,178
7,548
3,544
3,443
3,165
4,249
3,80
3,390
3,600
4,648
3,16
4,45
4,353
6,603
3,298
4,511
2,468
3,549
3,636
3,593
3,1
4,261
7,259
4,244
3,92
3,177
3,204
3,220
3,33
3,90
4,183
3,416
3,145
2,121
3,31
7,9
3,618
3,617
4,695
3,448
5,135
2,231
4,86
4,383
3,115
3,217
3,228
4,408
8,5
3,207
3,472
3,106
3,609
1,446
3,24
3,483
4,475
3,558
2,669
3,255
3,675
3,580
3,140
6,378
3,181
3,672
3,269
5,439
3,199
3,291
4,323
5,112
7,399
4,505
3,570
3,93
3,335
2,246
3,84
3,450
5,664
4,429
4,94
3,107
3,463
4,649
3,499
6,405
3,127
3,557
3,274
3,562
3,225
3,153
3,460
2,414
3,424
3,627
3,678
5,268
2,197
5,584
6,57
2,224
3,214
4,481
4,109
3,46
3,142
3,454
5,479
3,309
4,512
3,111
3,605
3,502
3,32
3,641
5,375
3,359
3,210
4,124
3,659
3,422
3,364
3,569
4,373
7,441
4,690
3,601
6,488
3,537
2,348
4,559
3,638
3,411
2,250
3,35
3,314
4,290
5,63
4,689
5,331
3,413
3,417
3,361
3,11
2,292
3,276
4,172
3,404
4,252
3,509
3,169
4,151
3,139
3,660
3,120
4,43
3,527
3,466
3,193
5,195
3,682
3,515
4,260
4,218
3,203
2,251
3,138
3,17
3,640
4,487
3,262
3,254
3,59
4,161
5,696
3,44
2,236
4,542
3,202
4,42
3,471
4,226
3,622
3,577
3,88
3,610
3,102
3,206
3,567
3,3
7,386
4,543
5,528
3,685
3,534
3,504
3,691
6,500
3,56
4,116
2,370
3,49
3,625
2,174
4,437
3,352
4,344
3,551
3,631
2,184
3,398
3,279
3,576
3,620
3,634
3,461
4,438
3,15
3,360
3,464
2,257
3,564
3,144
4,194
4,325
3,415
3,324
4,26
3,10
7,129
7,635
5,147
3,646
3,552
3,160
3,369
3,604
7,469
3,477
3,445
3,319
4,175
3,152
3,546
2,173
3,64
3,81
3,48
4,568
4,79
3,295
3,277
5,303
4,216
4,526
3,462
3,200
3,412
3,485
2,550
3,332
3,403
3,347
3,582
4,670
3,517
3,616
3,447
3,300
3,423
3,77
3,336
3,687
2,697
3,406
3,12
3,476
4,541
3,53
4,595
3,258
4,532
2,529
3,368
3,241
3,114
5,66
3,588
3,379
3,233
5,83
3,158
4,484
3,339
3,73
3,382
3,535
3,230
4,122
3,305
4,563
3,221
3,341
3,575
5,136
3,2
3,597
5,394
3,211
3,674
7,215
4,212
3,533
7,52
2,328
5,677
3,656
3,457
4,209
3,13
3,326
3,501
3,60
2,179
3,333
3,662
2,182
3,238
5,578
2,426
4,27
3,456
4,30
3,547
3,451
4,585
4,409
5,321
2,312
3,242
3,514
3,65
3,380
2,637
4,652
3,619
3,651
2,372
3,614
3,608
3,351
3,75
3,74
3,653
3,427
3,96
3,186
5,247
4,538
3,480
4,482
3,68
3,503
3,650
3,131
2,101
3,376
3,495
6,365
3,198
4,583
3,6
4,693
3,243
3,108
4,354
3,467
3,402
5,148
2,8
4,349
3,561
4,430
5,657
3,539
2,444
3,133
3,281
3,273
3,407
3,191
3,384
2,119
3,192
4,282
4,366
3,419
3,39
3,285
3,673
3,598
3,188
3,452
5,270
3,205
4,306
3,521
3,668
3,223
3,137
3,256
4,358
3,150
2,573
3,40
3,78
4,493
3,507
3,240
3,581
3,681
3,489
3,510
3,531
3,18
8,560
5,141
7,434
3,342
3,28
7,271
3,318
3,340
3,280
4,455
3,163
3,540
3,586
3,310
3,149
6,654
7,190
3,629
3,299
3,606
3,377
3,518
4,667
4,395
4,301
4,267
5,21
3,683
4,362
4,117
7,103
3,400
3,213
3,330
4,263
3,36
3,643
3,47
3,171
5,302
4,37
3,571
2,287
8,51
3,686
4,432
4,157
3,134
3,440
4,201
3,104
3,630
3,516
5,633
3,272
5,170
3,98
3,222
6,658
2,180
3,85
3,393
3,235
3,327
3,644
4,433
3,703
3,513
3,29
2,628
3,671
3,132
3,248
3,143
1,702
7,253
