14,564
43,532
43,151
43,452
43,372
34,475
22,422
43,539
34,476
76,88
77,593
43,210
43,507
43,78
16,596
43,65
43,509
69,220
34,99
34,165
41,279
43,84
43,196
37,310
76,406
43,521
75,296
47,12
43,79
43,407
43,16
50,303
43,558
44,23
43,625
14,392
34,340
76,4
43,216
79,365
5,209
10,515
43,56
43,437
43,562
43,234
76,120
20,546
77,627
21,351
43,495
43,371
43,529
21,344
24,395
43,439
43,145
43,149
13,277
14,519
14,482
14,161
36,300
67,366
43,110
43,584
40,606
43,187
43,350
55,294
34,308
14,53
14,347
47,283
37,43
65,213
75,607
43,360
43,173
50,223
43,465
43,45
43,585
43,413
43,536
34,218
10,158
43,321
43,200
34,621
14,569
43,81
49,224
68,111
49,66
55,493
43,114
73,46
43,178
76,212
53,113
67,487
24,469
43,89
34,115
71,13
52,135
43,333
77,8
43,500
43,597
34,97
43,555
43,228
43,592
42,44
43,280
41,622
30,603
43,5
2,259
77,570
18,57
24,619
14,22
62,17
44,510
53,3
43,561
64,69
50,324
14,260
18,553
30,383
43,281
43,291
44,82
14,26
14,479
4,602
54,342
78,315
14,85
18,363
43,236
52,30
10,498
71,29
43,225
43,524
43,313
11,468
24,573
80,198
49,626
46,444
41,580
43,238
50,335
43,533
43,289
33,176
43,586
14,245
43,591
14,249
44,471
43,599
1,168
2,620
14,33
43,528
43,282
21,401
14,192
43,269
57,35
43,51
76,2
23,298
34,136
24,214
42,385
36,560
30,359
14,292
43,615
26,484
14,550
68,257
19,480
43,429
49,556
23,92
10,425
43,117
14,409
43,322
37,554
43,472
14,450
44,445
14,514
76,325
25,263
39,217
55,527
38,68
43,604
43,440
34,14
43,160
43,104
43,587
42,577
43,456
43,108
43,631
77,448
43,629
57,618
49,301
43,581
43,39
43,497
34,58
14,364
43,397
34,163
1,424
44,458
14,339
24,382
43,150
14,361
43,31
14,457
43,540
35,582
70,567
7,172
34,490
21,434
2,83
43,253
22,346
34,415
34,129
43,511
49,52
1,594
2,167
43,202
34,34
14,137
2,605
43,231
32,127
43,600
43,537
47,410
56,544
43,288
49,116
30,305
34,183
58,215
14,595
43,338
28,156
49,508
50,157
15,21
34,118
34,461
10,67
43,75
34,624
43,24
43,428
43,199
43,208
43,206
73,502
36,28
49,261
34,74
45,278
43,19
50,247
43,394
43,90
24,20
43,473
32,9
43,489
12,275
43,37
34,226
43,357
43,6
77,229
43,266
14,248
42,86
48,504
73,105
43,571
76,242
43,112
34,417
50,311
43,299
29,254
43,274
77,535
14,181
12,464
36,211
2,71
43,370
43,393
15,513
43,408
43,389
14,486
8,334
71,287
12,239
74,427
14,184
2,285
43,319
34,63
43,566
73,387
73,551
42,542
43,270
43,447
21,531
43,314
14,265
43,185
11,119
43,134
43,549
73,380
70,295
43,258
43,162
1,193
80,250
14,286
14,430
15,93
34,572
22,222
43,95
43,377
43,271
12,155
43,412
43,264
43,272
43,462
18,557
24,159
6,131
34,312
43,80
43,32
10,290
16,390
48,579
10,306
49,375
2,608
78,388
32,496
21,146
43,107
43,399
14,207
43,518
2,70
36,96
51,101
34,559
50,128
19,141
43,177
34,221
34,262
43,609
68,474
43,267
24,483
52,543
13,188
43,354
1,491
14,1
61,268
24,189
43,326
43,416
34,598
43,197
44,73
77,235
49,125
43,203
17,435
43,227
14,494
34,61
14,91
14,355
71,304
14,530
43,545
21,421
43,526
43,132
70,432
36,588
37,139
43,610
49,523
66,438
14,171
24,481
43,419
14,166
24,384
43,317
14,62
43,175
43,60
24,232
77,630
24,343
43,454
43,418
68,449
28,164
43,186
14,138
43,520
80,201
43,331
78,72
14,143
12,403
43,255
43,576
43,237
24,517
76,36
40,273
50,356
62,616
34,323
43,15
76,374
72,485
43,601
43,613
2,414
43,362
43,318
34,522
58,455
43,329
43,297
13,506
63,512
43,400
43,59
14,477
43,345
59,501
43,568
16,152
34,195
43,376
2,147
34,276
43,42
14,373
77,87
43,628
14,293
43,534
51,525
43,611
43,552
24,405
43,590
11,182
47,436
24,441
34,443
2,503
13,433
43,398
46,368
43,55
43,459
43,233
13,103
34,617
43,124
43,538
9,153
14,499
55,205
43,180
14,194
43,50
12,341
14,54
43,381
24,423
14,243
43,548
43,174
43,246
14,7
28,358
43,133
43,123
24,144
34,367
43,191
44,391
24,48
43,505
43,332
77,488
28,121
27,386
44,320
14,170
43,252
70,589
21,256
31,378
43,470
28,244
24,402
43,251
43,352
43,169
43,230
50,632
43,369
53,41
43,140
43,612
43,327
77,241
43,516
75,49
36,122
43,563
11,541
43,492
43,316
34,302
49,411
43,11
60,442
77,623
14,575
43,109
79,219
50,614
43,204
43,100
43,179
73,38
43,460
43,25
43,466
43,309
14,47
2,10
24,578
43,633
43,40
43,379
43,453
42,142
43,77
43,565
14,27
43,353
44,451
17,154
43,148
43,420
43,328
44,106
43,467
43,349
51,240
56,426
14,547
24,583
4,307
17,337
77,348
43,284
15,98
24,336
43,330
43,94
43,396
43,446
43,190
77,64
37,102
43,18
43,126
43,463
10,478
43,76
14,130
43,431
3,404
79,574
