41,564
172,532
172,151
172,452
172,372
119,475
72,422
172,539
124,476
241,88
250,593
172,210
172,507
165,78
56,596
172,65
172,509
226,220
122,99
124,165
141,279
172,84
172,196
136,310
243,406
172,521
240,296
181,12
172,79
172,407
162,16
191,303
172,558
178,23
172,625
37,392
125,340
246,4
155,216
260,365
8,209
14,515
172,56
172,437
172,562
172,234
241,120
66,546
253,627
68,351
172,495
160,371
172,529
69,344
91,395
172,439
172,145
157,149
29,277
43,519
42,482
47,161
129,300
223,366
172,110
172,584
139,606
166,187
172,350
206,294
110,308
35,53
41,347
182,283
135,43
221,213
239,607
172,360
172,173
191,223
172,465
172,45
164,585
172,413
172,536
120,218
18,158
172,321
172,200
123,621
42,569
173,81
188,224
224,111
189,66
207,493
172,114
235,46
172,178
244,212
202,113
223,487
89,469
156,89
121,115
230,13
200,135
156,333
249,8
172,500
172,597
116,97
172,555
172,228
172,592
145,44
171,280
143,622
103,603
172,5
3,259
253,570
61,57
76,619
41,22
218,17
178,510
203,3
159,561
220,69
194,324
45,260
61,553
104,383
172,281
172,291
178,82
51,26
45,479
7,602
204,342
257,315
34,85
62,363
172,236
200,30
15,498
231,29
172,225
162,524
172,313
21,468
79,573
263,198
185,626
180,444
142,580
172,238
194,335
168,533
172,289
109,176
153,586
50,245
172,591
46,249
178,471
172,599
1,168
3,620
45,33
161,528
172,282
71,401
47,192
172,269
211,35
172,51
245,2
75,298
110,136
85,214
146,385
131,560
102,359
51,292
172,615
94,484
41,550
225,257
65,480
172,429
187,556
74,92
16,425
172,117
41,409
172,322
133,554
172,472
32,450
178,445
41,514
244,325
93,263
138,217
205,527
137,68
172,604
172,440
110,14
172,160
172,104
172,587
148,577
172,456
177,108
172,631
248,448
172,629
210,618
188,301
172,581
172,39
172,497
125,58
42,364
172,397
119,163
2,424
178,458
43,339
90,382
172,150
41,361
172,31
36,457
172,540
128,582
229,567
10,172
116,490
67,434
4,83
172,253
72,346
122,415
118,129
172,511
187,52
1,594
3,167
158,202
127,34
30,137
3,605
172,231
108,127
172,600
172,537
181,410
209,544
175,288
186,116
102,305
118,183
212,215
41,595
172,338
100,156
190,508
194,157
52,21
126,118
125,461
15,67
172,75
122,624
172,24
172,428
172,199
172,208
172,206
235,502
131,28
187,261
114,74
179,278
172,19
192,247
172,394
172,90
86,20
172,473
106,9
172,489
23,275
172,37
117,226
172,357
155,6
255,229
172,266
38,248
144,86
184,504
234,105
172,571
242,242
172,112
115,417
195,311
172,299
101,254
172,274
252,535
46,181
24,464
132,211
3,71
172,370
171,393
54,513
172,408
176,389
41,486
11,334
230,287
22,239
237,427
33,184
3,285
172,319
114,63
172,566
236,387
233,551
149,542
150,270
172,447
68,531
172,314
48,265
172,185
19,119
158,134
172,549
233,380
229,295
172,258
172,162
1,193
262,250
41,286
42,430
52,93
125,572
73,222
172,95
172,377
162,271
24,155
172,412
152,264
172,272
172,462
63,557
91,159
9,131
111,312
172,80
172,32
13,290
55,390
183,579
16,306
190,375
4,608
256,388
107,496
70,146
151,107
172,399
46,207
172,518
3,70
130,96
197,101
114,559
193,128
64,141
172,177
112,221
122,262
172,609
224,474
152,267
81,483
201,543
27,188
172,354
1,491
30,1
216,268
85,189
172,326
172,416
113,598
171,197
178,73
255,235
185,125
172,203
60,435
158,227
41,494
115,61
48,91
46,355
231,304
39,530
172,545
67,421
154,526
173,132
228,432
131,588
134,139
173,610
187,523
222,438
45,171
82,481
161,419
42,166
88,384
172,317
45,62
172,175
165,60
88,232
250,630
84,343
172,454
170,418
224,449
97,164
156,186
49,138
174,520
261,201
172,331
256,72
48,143
22,403
156,255
162,576
150,237
92,517
243,36
140,273
194,356
217,616
110,323
172,15
242,374
232,485
172,601
172,613
4,414
172,362
174,318
124,522
213,455
172,329
172,297
28,506
219,512
172,400
173,59
46,477
172,345
214,501
172,568
57,152
114,195
172,376
3,147
125,276
161,42
41,373
251,87
172,628
42,293
172,534
199,525
155,611
172,552
80,405
172,590
19,182
181,436
83,441
121,443
3,503
26,433
172,398
180,368
172,55
172,459
160,233
26,103
112,617
169,124
172,538
12,153
37,499
205,205
172,180
32,194
172,50
25,341
45,54
172,381
86,423
40,243
166,548
172,174
172,246
38,7
96,358
172,133
172,123
86,144
110,367
172,191
178,391
78,48
172,505
162,332
251,488
98,121
95,386
178,320
38,170
172,252
227,589
67,256
105,378
172,470
99,244
87,402
172,251
171,352
172,169
173,230
194,632
172,369
202,41
172,140
172,612
172,327
254,241
172,516
238,49
129,122
163,563
20,541
172,492
172,316
116,302
188,411
172,11
215,442
249,623
31,575
156,109
259,219
196,614
172,204
155,100
162,179
234,38
172,460
172,25
172,466
156,309
45,47
3,10
85,578
172,633
172,40
172,379
160,453
147,142
172,77
172,565
41,27
172,353
178,451
59,154
172,148
172,420
167,328
178,106
172,467
172,349
198,240
208,426
45,547
86,583
6,307
58,337
247,348
172,284
53,98
77,336
155,330
172,94
172,396
172,446
172,190
249,64
135,102
172,18
172,126
172,463
17,478
156,76
44,130
156,431
5,404
258,574
