53,421
55,411
10,17
10,207
43,476
10,513
43,681
44,700
41,279
43,147
31,149
44,428
10,636
10,327
10,187
43,585
43,440
44,441
43,638
43,60
43,677
43,416
44,240
44,113
43,384
44,132
10,110
7,152
31,604
43,321
10,399
10,610
44,169
43,219
10,594
43,20
44,77
43,5
43,64
43,204
43,400
43,339
10,503
44,167
43,622
19,499
44,362
44,473
43,103
10,527
44,508
10,635
10,666
43,216
10,7
8,612
43,454
10,232
43,260
43,693
10,526
31,497
10,252
43,439
43,262
44,221
43,511
44,16
10,229
44,41
43,280
31,698
43,554
43,128
4,540
43,114
43,494
10,561
44,304
44,154
41,684
43,39
43,600
44,261
10,40
10,184
43,97
22,354
43,423
44,76
10,139
29,21
10,530
21,437
44,597
43,118
43,356
43,290
10,544
3,386
10,65
43,697
43,583
43,688
10,195
30,501
7,200
35,73
44,82
43,611
44,89
32,317
43,571
43,448
44,49
10,133
44,430
43,98
43,276
44,521
30,319
10,447
43,663
44,183
3,263
31,312
29,54
43,71
40,696
44,202
44,690
43,102
43,652
31,628
31,302
43,655
41,538
10,496
43,672
9,461
10,433
43,178
10,123
8,575
43,648
10,584
43,590
44,479
43,617
44,182
43,664
43,609
43,602
43,514
32,436
10,486
43,488
43,190
44,640
43,326
44,413
44,268
44,369
10,676
43,57
44,649
43,593
43,83
43,429
44,485
44,298
43,553
31,425
43,30
44,287
38,160
43,460
43,517
44,644
10,542
32,328
43,373
43,87
43,365
10,558
32,667
43,157
10,408
44,380
43,427
10,42
44,581
43,468
10,464
43,224
43,104
44,596
44,25
44,606
43,38
44,237
43,34
44,492
43,574
1,475
31,36
43,174
10,306
11,407
5,406
27,415
10,142
43,153
44,417
44,375
43,355
36,493
44,599
43,136
10,539
43,342
11,569
47,96
43,310
43,59
43,536
10,598
10,168
43,370
44,226
34,177
43,145
44,463
44,565
20,213
44,686
43,699
43,196
44,389
43,469
10,378
10,311
10,404
10,238
10,10
60,608
43,284
55,336
44,165
10,466
44,297
43,22
44,682
47,452
44,158
37,247
10,673
44,502
42,481
43,434
43,351
43,577
43,591
10,374
43,67
44,545
44,692
43,381
41,19
44,403
10,573
44,172
10,74
10,665
10,507
43,314
50,45
44,119
43,265
43,451
44,296
10,225
10,151
43,193
44,159
16,18
43,490
41,680
44,131
43,201
34,528
10,236
10,579
31,658
44,394
43,632
43,376
43,117
44,689
21,446
44,385
43,519
44,95
43,124
10,391
43,197
31,350
59,641
44,345
43,214
43,148
43,26
9,251
43,582
10,605
44,529
43,161
17,624
43,668
10,661
43,24
10,509
44,555
44,309
44,472
43,218
43,359
43,379
42,215
10,477
44,163
10,230
35,533
10,111
44,150
43,66
10,419
24,33
43,397
41,639
41,601
43,387
44,267
10,551
44,289
31,683
10,675
10,171
31,516
44,199
43,120
10,410
40,643
43,162
43,44
43,239
23,458
10,637
44,694
56,37
10,691
43,409
6,371
10,631
43,115
10,48
10,512
31,303
43,130
43,524
44,343
41,325
43,234
43,198
43,272
44,630
10,398
43,295
44,324
43,233
43,570
16,642
44,462
43,618
44,438
43,68
44,266
9,192
43,8
49,456
44,443
46,84
10,109
44,12
10,51
9,255
44,495
44,47
43,634
43,249
30,179
10,175
43,270
43,90
10,299
43,619
43,253
43,281
44,79
44,483
43,607
44,80
43,23
44,285
43,189
43,383
43,301
3,705
44,203
41,258
43,70
31,701
43,166
10,562
43,505
31,170
43,323
43,335
43,654
43,414
30,316
10,412
43,278
43,651
10,331
43,471
43,329
44,259
43,392
43,254
43,223
10,515
44,678
10,137
41,550
44,620
43,9
43,341
49,81
11,288
43,269
43,623
19,687
43,445
10,340
44,467
28,674
44,420
29,552
43,578
43,372
44,353
43,129
43,390
10,470
43,449
41,277
43,629
43,108
49,333
45,217
44,256
43,176
10,556
43,291
43,231
44,1
19,566
43,588
10,520
43,2
32,248
44,626
11,360
43,679
43,670
10,246
43,308
10,589
44,349
21,346
43,206
43,422
43,426
44,62
43,173
43,11
10,557
43,564
10,671
43,307
43,532
43,135
18,126
44,580
20,535
43,134
43,72
44,368
10,29
43,703
44,294
43,181
43,704
47,186
44,482
43,155
22,112
44,401
55,121
43,106
10,702
25,431
44,534
10,459
43,92
43,127
44,257
44,361
43,334
10,510
31,53
44,337
33,548
31,85
43,78
10,650
43,522
43,480
43,320
20,344
43,322
10,366
43,275
43,621
10,498
10,271
10,4
10,241
41,567
44,563
41,180
43,465
43,242
44,364
39,633
31,367
43,27
10,537
11,487
43,377
44,191
10,292
31,282
43,525
52,50
10,101
2,86
43,61
44,592
43,660
10,559
43,543
43,208
43,143
10,243
43,405
41,474
44,15
31,245
43,695
44,283
43,659
43,613
43,442
10,3
13,116
54,546
61,52
43,250
43,315
10,35
43,627
43,586
10,227
43,393
43,347
43,305
43,156
43,146
44,576
43,185
20,547
43,13
44,332
43,489
44,99
43,657
43,188
43,32
43,164
43,395
10,194
10,14
8,424
12,662
43,435
44,549
44,264
41,58
10,500
43,228
41,274
44,656
11,273
56,138
10,352
43,685
51,141
44,572
44,244
44,220
10,122
44,432
43,348
43,595
44,444
43,63
44,91
43,43
44,330
44,6
44,55
43,402
14,358
11,293
4,614
43,531
43,105
10,93
44,455
43,69
26,31
44,212
43,396
10,140
10,388
44,313
10,560
10,625
44,222
10,209
43,484
43,646
43,450
43,616
43,56
44,615
15,144
58,107
31,28
43,363
43,210
41,645
44,587
43,75
43,647
48,100
57,125
44,418
43,669
43,235
44,541
43,506
10,603
43,491
41,300
43,94
44,88
43,518
44,286
43,382
43,318
44,504
10,46
43,478
43,453
43,338
43,357
43,523
44,568
30,205
31,211
32,653
44,457
