2,564
4,532
4,151
4,452
4,372
4,475
2,422
4,539
4,476
11,88
11,593
4,210
4,507
4,78
2,596
4,65
4,509
8,220
4,99
4,165
4,279
4,84
4,196
4,310
11,406
4,521
11,296
4,12
4,79
4,407
4,16
5,303
4,558
4,23
4,625
2,392
4,340
11,4
4,216
11,365
1,209
2,515
4,56
4,437
4,562
4,234
11,120
2,546
11,627
2,351
4,495
4,371
4,529
2,344
2,395
4,439
4,145
4,149
2,277
2,519
2,482
2,161
4,300
8,366
4,110
4,584
4,606
4,187
4,350
5,294
4,308
2,53
2,347
4,283
4,43
8,213
11,607
4,360
4,173
5,223
4,465
4,45
4,585
4,413
4,536
4,218
2,158
4,321
4,200
4,621
2,569
4,81
5,224
8,111
5,66
5,493
4,114
9,46
4,178
11,212
5,113
8,487
2,469
4,89
4,115
9,13
5,135
4,333
11,8
4,500
4,597
4,97
4,555
4,228
4,592
4,44
4,280
4,622
4,603
4,5
1,259
11,570
2,57
2,619
2,22
8,17
4,510
5,3
4,561
8,69
5,324
2,260
2,553
4,383
4,281
4,291
4,82
2,26
2,479
1,602
5,342
11,315
2,85
2,363
4,236
5,30
2,498
9,29
4,225
4,524
4,313
2,468
2,573
11,198
5,626
4,444
4,580
4,238
5,335
4,533
4,289
4,176
4,586
2,245
4,591
2,249
4,471
4,599
1,168
1,620
2,33
4,528
4,282
2,401
2,192
4,269
5,35
4,51
11,2
2,298
4,136
2,214
4,385
4,560
4,359
2,292
4,615
3,484
2,550
8,257
2,480
4,429
5,556
2,92
2,425
4,117
2,409
4,322
4,554
4,472
2,450
4,445
2,514
11,325
2,263
4,217
5,527
4,68
4,604
4,440
4,14
4,160
4,104
4,587
4,577
4,456
4,108
4,631
11,448
4,629
5,618
5,301
4,581
4,39
4,497
4,58
2,364
4,397
4,163
1,424
4,458
2,339
2,382
4,150
2,361
4,31
2,457
4,540
4,582
9,567
1,172
4,490
2,434
1,83
4,253
2,346
4,415
4,129
4,511
5,52
1,594
1,167
4,202
4,34
2,137
1,605
4,231
4,127
4,600
4,537
4,410
5,544
4,288
5,116
4,305
4,183
6,215
2,595
4,338
4,156
5,508
5,157
2,21
4,118
4,461
2,67
4,75
4,624
4,24
4,428
4,199
4,208
4,206
9,502
4,28
5,261
4,74
4,278
4,19
5,247
4,394
4,90
2,20
4,473
4,9
4,489
2,275
4,37
4,226
4,357
4,6
11,229
4,266
2,248
4,86
5,504
9,105
4,571
11,242
4,112
4,417
5,311
4,299
4,254
4,274
11,535
2,181
2,464
4,211
1,71
4,370
4,393
2,513
4,408
4,389
2,486
1,334
9,287
2,239
10,427
2,184
1,285
4,319
4,63
4,566
9,387
9,551
4,542
4,270
4,447
2,531
4,314
2,265
4,185
2,119
4,134
4,549
9,380
9,295
4,258
4,162
1,193
11,250
2,286
2,430
2,93
4,572
2,222
4,95
4,377
4,271
2,155
4,412
4,264
4,272
4,462
2,557
2,159
1,131
4,312
4,80
4,32
2,290
2,390
5,579
2,306
5,375
1,608
11,388
4,496
2,146
4,107
4,399
2,207
4,518
1,70
4,96
5,101
4,559
5,128
2,141
4,177
4,221
4,262
4,609
8,474
4,267
2,483
5,543
2,188
4,354
1,491
2,1
7,268
2,189
4,326
4,416
4,598
4,197
4,73
11,235
5,125
4,203
2,435
4,227
2,494
4,61
2,91
2,355
9,304
2,530
4,545
2,421
4,526
4,132
9,432
4,588
4,139
4,610
5,523
8,438
2,171
2,481
4,419
2,166
2,384
4,317
2,62
4,175
4,60
2,232
11,630
2,343
4,454
4,418
8,449
4,164
4,186
2,138
4,520
11,201
4,331
11,72
2,143
2,403
4,255
4,576
4,237
2,517
11,36
4,273
5,356
8,616
4,323
4,15
11,374
9,485
4,601
4,613
1,414
4,362
4,318
4,522
6,455
4,329
4,297
2,506
8,512
4,400
4,59
2,477
4,345
6,501
4,568
2,152
4,195
4,376
1,147
4,276
4,42
2,373
11,87
4,628
2,293
4,534
5,525
4,611
4,552
2,405
4,590
2,182
4,436
2,441
4,443
1,503
2,433
4,398
4,368
4,55
4,459
4,233
2,103
4,617
4,124
4,538
1,153
2,499
5,205
4,180
2,194
4,50
2,341
2,54
4,381
2,423
2,243
4,548
4,174
4,246
2,7
4,358
4,133
4,123
2,144
4,367
4,191
4,391
2,48
4,505
4,332
11,488
4,121
3,386
4,320
2,170
4,252
9,589
2,256
4,378
4,470
4,244
2,402
4,251
4,352
4,169
4,230
5,632
4,369
5,41
4,140
4,612
4,327
11,241
4,516
11,49
4,122
4,563
2,541
4,492
4,316
4,302
5,411
4,11
7,442
11,623
2,575
4,109
11,219
5,614
4,204
4,100
4,179
9,38
4,460
4,25
4,466
4,309
2,47
1,10
2,578
4,633
4,40
4,379
4,453
4,142
4,77
4,565
2,27
4,353
4,451
2,154
4,148
4,420
4,328
4,106
4,467
4,349
5,240
5,426
2,547
2,583
1,307
2,337
11,348
4,284
2,98
2,336
4,330
4,94
4,396
4,446
4,190
11,64
4,102
4,18
4,126
4,463
2,478
4,76
2,130
4,431
1,404
11,574
