4,13
7,442
4,83
4,295
1,248
4,271
4,92
17,108
12,202
4,63
4,249
4,117
4,504
4,393
4,561
4,321
4,499
4,211
4,156
4,115
4,490
4,180
16,178
27,472
27,562
2,522
4,198
4,389
4,199
4,443
15,146
7,96
4,39
4,125
27,18
4,151
27,290
4,330
4,87
4,33
4,148
4,200
4,195
4,101
25,19
4,560
4,59
27,300
17,568
4,56
4,571
17,564
4,325
4,419
4,15
4,139
4,501
4,174
4,299
4,261
4,528
4,536
4,401
9,279
4,44
4,276
4,143
4,489
4,109
4,418
4,291
4,349
23,386
4,40
4,530
11,238
4,46
4,545
4,467
4,245
15,404
4,244
4,378
4,29
4,67
2,252
4,274
4,574
4,89
16,516
9,293
4,327
4,283
4,533
9,119
4,370
28,458
4,68
4,88
27,465
4,285
4,227
9,331
4,50
27,7
7,237
8,557
4,303
4,317
4,449
4,144
4,339
18,188
4,537
4,413
4,3
4,230
21,166
4,394
25,155
27,20
7,372
4,240
27,366
4,203
4,583
4,513
4,11
27,487
27,258
4,269
5,579
4,322
19,414
4,53
27,152
18,556
27,255
4,131
12,243
4,420
4,368
4,221
4,428
27,553
4,316
27,491
4,278
19,65
4,286
4,55
4,233
4,78
4,215
4,205
4,254
31,409
6,532
18,494
7,69
4,51
22,448
4,423
4,266
4,512
4,567
27,481
4,171
4,326
4,460
4,34
24,228
8,466
4,391
25,430
27,94
27,196
4,14
1,62
4,367
27,85
8,114
1,190
1,297
4,566
4,197
4,492
4,546
4,432
4,17
27,505
27,98
18,153
18,441
4,488
4,426
4,82
4,123
4,523
4,559
25,102
4,577
4,425
11,187
4,485
4,270
4,439
9,495
4,581
30,400
4,476
9,586
27,582
4,515
4,79
2,507
4,236
4,584
3,585
4,410
4,306
10,218
4,304
4,38
9,264
26,578
4,496
4,21
7,74
4,379
4,84
8,315
4,344
19,207
4,61
4,360
4,161
4,540
4,555
4,334
27,453
27,93
4,470
4,422
4,259
4,329
4,445
4,30
4,12
4,47
6,10
4,455
17,575
4,169
4,75
4,164
10,484
4,345
4,314
4,347
4,301
3,373
6,446
4,380
27,570
4,362
4,313
4,294
4,355
4,337
4,231
10,58
4,142
4,440
6,22
4,563
11,569
4,526
4,268
27,165
16,376
4,214
4,28
8,60
4,552
4,424
4,220
27,408
31,57
4,1
4,310
4,309
4,308
4,551
4,403
27,333
4,128
27,451
4,377
4,381
4,421
1,77
4,27
4,209
3,6
4,104
3,371
4,170
4,311
4,267
4,127
6,292
4,256
4,474
4,412
4,186
4,235
19,54
24,398
4,239
4,547
4,99
1,110
10,572
4,287
4,340
4,66
6,223
4,135
4,396
4,41
27,116
4,411
4,438
4,111
14,189
4,541
4,224
4,250
4,42
27,415
27,479
4,549
4,454
4,168
4,36
4,358
19,80
4,346
20,141
27,539
31,406
4,511
28,43
4,217
4,356
27,70
4,246
21,126
4,353
23,529
4,112
27,150
28,343
2,500
4,508
4,335
4,133
11,71
4,282
4,417
4,473
4,320
27,247
27,514
4,72
4,431
4,427
4,405
4,4
4,206
11,260
2,390
2,16
12,273
4,338
15,154
21,185
4,464
4,395
4,475
23,163
4,263
4,312
4,328
4,251
2,158
4,275
27,132
4,565
4,219
26,307
4,305
4,262
4,32
4,122
23,2
4,229
4,160
4,502
4,558
4,573
4,456
4,106
4,26
10,383
4,365
4,216
4,517
4,503
4,397
4,384
4,86
4,534
4,5
4,184
4,435
4,302
23,554
4,323
4,183
4,179
27,64
27,542
1,208
14,103
27,95
4,548
4,225
4,212
4,461
4,91
4,182
27,284
4,232
4,173
23,107
4,531
4,222
23,521
4,518
14,416
4,272
4,324
4,257
7,277
11,525
4,76
27,369
4,480
9,457
14,204
27,382
4,520
4,49
4,8
4,497
27,543
23,527
4,52
16,253
4,23
4,281
4,471
4,90
4,509
24,538
27,137
4,113
11,159
4,193
32,194
13,348
4,149
4,134
13,234
4,318
4,462
4,506
4,580
4,436
4,336
26,452
4,31
4,81
4,387
17,140
29,9
4,385
4,483
4,486
7,350
2,130
4,177
4,341
14,576
4,433
4,129
18,288
23,524
4,181
4,176
4,437
4,399
4,296
4,588
2,544
10,191
27,121
11,48
10,138
4,24
4,434
27,374
11,37
4,535
17,100
4,550
4,444
4,136
10,459
4,478
4,468
1,105
27,145
4,351
4,167
18,35
4,242
4,147
4,357
9,519
17,280
27,298
4,192
4,332
4,342
9,463
4,241
27,363
4,124
4,375
4,25
1,265
4,213
4,226
4,493
7,402
4,201
4,175
4,45
4,120
4,172
4,319
5,477
4,354
4,97
4,364
4,407
4,510
4,73
4,429
7,469
4,447
4,361
27,450
4,392
4,359
4,118
14,388
4,162
4,352
4,289
4,157
4,210
4,498
33,482
27,587
