1,13
1,442
1,83
1,295
1,248
1,271
1,92
2,108
2,202
1,63
1,249
1,117
1,504
1,393
1,561
1,321
1,499
1,211
1,156
1,115
1,490
1,180
2,178
5,472
5,562
1,522
1,198
1,389
1,199
1,443
2,146
1,96
1,39
1,125
5,18
1,151
5,290
1,330
1,87
1,33
1,148
1,200
1,195
1,101
5,19
1,560
1,59
5,300
2,568
1,56
1,571
2,564
1,325
1,419
1,15
1,139
1,501
1,174
1,299
1,261
1,528
1,536
1,401
1,279
1,44
1,276
1,143
1,489
1,109
1,418
1,291
1,349
5,386
1,40
1,530
1,238
1,46
1,545
1,467
1,245
2,404
1,244
1,378
1,29
1,67
1,252
1,274
1,574
1,89
2,516
1,293
1,327
1,283
1,533
1,119
1,370
5,458
1,68
1,88
5,465
1,285
1,227
1,331
1,50
5,7
1,237
1,557
1,303
1,317
1,449
1,144
1,339
2,188
1,537
1,413
1,3
1,230
4,166
1,394
5,155
5,20
1,372
1,240
5,366
1,203
1,583
1,513
1,11
5,487
5,258
1,269
1,579
1,322
2,414
1,53
5,152
2,556
5,255
1,131
2,243
1,420
1,368
1,221
1,428
5,553
1,316
5,491
1,278
2,65
1,286
1,55
1,233
1,78
1,215
1,205
1,254
6,409
1,532
2,494
1,69
1,51
4,448
1,423
1,266
1,512
1,567
5,481
1,171
1,326
1,460
1,34
5,228
1,466
1,391
5,430
5,94
5,196
1,14
1,62
1,367
5,85
1,114
1,190
1,297
1,566
1,197
1,492
1,546
1,432
1,17
5,505
5,98
2,153
2,441
1,488
1,426
1,82
1,123
1,523
1,559
5,102
1,577
1,425
1,187
1,485
1,270
1,439
1,495
1,581
6,400
1,476
1,586
5,582
1,515
1,79
1,507
1,236
1,584
1,585
1,410
1,306
1,218
1,304
1,38
1,264
5,578
1,496
1,21
1,74
1,379
1,84
1,315
1,344
2,207
1,61
1,360
1,161
1,540
1,555
1,334
5,453
5,93
1,470
1,422
1,259
1,329
1,445
1,30
1,12
1,47
1,10
1,455
2,575
1,169
1,75
1,164
1,484
1,345
1,314
1,347
1,301
1,373
1,446
1,380
5,570
1,362
1,313
1,294
1,355
1,337
1,231
1,58
1,142
1,440
1,22
1,563
1,569
1,526
1,268
5,165
2,376
1,214
1,28
1,60
1,552
1,424
1,220
5,408
6,57
1,1
1,310
1,309
1,308
1,551
1,403
5,333
1,128
5,451
1,377
1,381
1,421
1,77
1,27
1,209
1,6
1,104
1,371
1,170
1,311
1,267
1,127
1,292
1,256
1,474
1,412
1,186
1,235
2,54
5,398
1,239
1,547
1,99
1,110
1,572
1,287
1,340
1,66
1,223
1,135
1,396
1,41
5,116
1,411
1,438
1,111
2,189
1,541
1,224
1,250
1,42
5,415
5,479
1,549
1,454
1,168
1,36
1,358
2,80
1,346
3,141
5,539
6,406
1,511
5,43
1,217
1,356
5,70
1,246
4,126
1,353
5,529
1,112
5,150
5,343
1,500
1,508
1,335
1,133
1,71
1,282
1,417
1,473
1,320
5,247
5,514
1,72
1,431
1,427
1,405
1,4
1,206
1,260
1,390
1,16
2,273
1,338
2,154
4,185
1,464
1,395
1,475
5,163
1,263
1,312
1,328
1,251
1,158
1,275
5,132
1,565
1,219
5,307
1,305
1,262
1,32
1,122
5,2
1,229
1,160
1,502
1,558
1,573
1,456
1,106
1,26
1,383
1,365
1,216
1,517
1,503
1,397
1,384
1,86
1,534
1,5
1,184
1,435
1,302
5,554
1,323
1,183
1,179
5,64
5,542
1,208
2,103
5,95
1,548
1,225
1,212
1,461
1,91
1,182
5,284
1,232
1,173
5,107
1,531
1,222
5,521
1,518
2,416
1,272
1,324
1,257
1,277
1,525
1,76
5,369
1,480
1,457
2,204
5,382
1,520
1,49
1,8
1,497
5,543
5,527
1,52
2,253
1,23
1,281
1,471
1,90
1,509
5,538
5,137
1,113
1,159
1,193
6,194
2,348
1,149
1,134
2,234
1,318
1,462
1,506
1,580
1,436
1,336
5,452
1,31
1,81
1,387
2,140
6,9
1,385
1,483
1,486
1,350
1,130
1,177
1,341
2,576
1,433
1,129
2,288
5,524
1,181
1,176
1,437
1,399
1,296
1,588
1,544
1,191
5,121
1,48
1,138
1,24
1,434
5,374
1,37
1,535
2,100
1,550
1,444
1,136
1,459
1,478
1,468
1,105
5,145
1,351
1,167
2,35
1,242
1,147
1,357
1,519
2,280
5,298
1,192
1,332
1,342
1,463
1,241
5,363
1,124
1,375
1,25
1,265
1,213
1,226
1,493
1,402
1,201
1,175
1,45
1,120
1,172
1,319
1,477
1,354
1,97
1,364
1,407
1,510
1,73
1,429
1,469
1,447
1,361
5,450
1,392
1,359
1,118
2,388
1,162
1,352
1,289
1,157
1,210
1,498
7,482
5,587
