5,876
27,323
5,808
5,836
5,109
5,992
5,40
14,214
5,320
5,216
18,554
5,32
5,434
5,68
5,447
5,117
5,957
5,664
18,645
5,1032
5,427
5,668
5,340
18,888
5,505
5,342
19,170
5,360
5,330
5,891
5,287
5,1063
18,278
5,970
5,913
5,682
5,972
5,654
5,243
5,419
5,266
5,141
5,739
5,828
1,319
5,380
5,501
5,916
5,293
5,908
18,968
5,364
18,1076
5,658
5,730
5,47
5,306
16,571
5,722
5,296
5,871
5,446
19,387
5,77
11,963
5,366
5,1056
5,1089
5,173
5,971
5,846
5,678
5,897
12,816
5,1017
18,939
5,308
24,561
1,921
5,202
5,748
5,17
5,583
5,70
5,404
5,529
5,1009
5,852
5,787
5,1000
5,414
18,85
5,494
18,98
18,814
5,585
5,378
5,185
5,488
14,254
12,316
5,261
5,1012
5,149
14,745
7,262
5,524
18,268
5,270
5,448
18,339
18,207
5,646
16,450
5,934
12,178
5,684
5,399
12,28
5,99
18,917
5,246
18,784
5,1027
14,406
5,424
5,652
18,482
14,914
5,1030
5,826
5,827
5,245
5,12
5,299
5,562
5,423
5,283
18,203
5,525
5,769
5,979
5,647
5,159
18,783
5,998
5,679
14,29
5,721
5,73
5,560
5,800
2,744
5,749
5,142
5,81
5,1052
5,1072
5,703
18,490
14,620
5,631
18,1037
5,956
5,1008
5,1071
5,162
5,210
5,523
5,305
5,38
5,499
5,535
5,55
5,1069
21,747
5,1088
5,1082
5,929
5,1
12,742
5,23
5,536
5,579
5,187
5,297
5,750
5,39
5,157
5,215
5,115
5,756
5,665
5,978
18,983
6,773
5,75
12,1059
5,697
5,41
5,303
5,568
5,1002
5,941
5,660
5,731
5,107
5,417
14,875
5,186
5,1084
18,1020
5,411
5,812
5,223
5,97
5,96
14,442
12,588
5,355
5,151
20,251
5,344
5,405
3,902
5,1014
14,623
5,946
12,779
5,233
18,926
5,767
5,5
18,509
5,774
5,889
5,644
5,72
5,666
5,880
5,272
5,648
5,489
5,843
5,612
5,1004
11,782
14,291
5,179
5,589
5,503
5,1053
5,729
5,34
5,943
5,763
5,858
5,363
18,346
5,250
5,418
5,596
5,952
5,977
18,496
5,553
5,847
5,1054
5,211
5,694
5,59
5,240
12,1041
5,985
5,361
5,960
5,260
5,539
5,771
18,1085
18,50
5,1083
5,918
18,996
5,518
5,1077
5,415
18,236
18,298
5,1060
5,574
5,691
5,903
18,274
5,362
5,436
5,840
5,878
5,777
5,801
5,522
5,60
5,237
18,313
5,1003
5,1013
5,899
5,639
5,217
17,877
5,630
5,1044
5,166
5,923
5,1023
5,391
5,822
18,607
5,35
5,208
5,549
12,760
5,988
19,622
18,656
8,605
5,942
18,147
5,230
5,636
5,540
5,425
5,56
18,629
18,3
5,235
5,172
19,1022
5,348
5,124
5,311
5,904
29,420
5,354
5,794
5,394
11,527
5,781
22,189
5,200
5,825
5,1016
15,174
5,820
5,659
5,728
11,716
5,22
5,228
5,866
5,441
5,993
5,920
5,21
5,66
5,86
18,445
5,437
5,621
5,7
18,10
18,528
5,573
18,375
5,786
5,359
5,37
5,755
5,707
5,110
5,388
18,500
5,864
5,184
5,837
5,1078
5,671
5,403
5,127
18,557
5,947
5,146
20,845
5,422
18,241
5,392
5,197
18,862
5,52
5,674
5,628
5,282
5,102
5,62
5,351
5,155
5,949
5,807
18,958
18,1058
5,961
5,13
18,604
5,440
5,932
5,276
5,14
5,477
5,704
5,705
5,582
5,861
5,317
5,772
5,255
5,472
5,651
22,26
5,758
19,898
5,713
5,617
29,580
5,257
18,504
5,712
5,42
5,400
5,759
5,113
5,865
5,643
2,1048
1,4
5,633
5,594
5,87
5,754
5,873
5,80
5,20
18,206
5,1051
5,134
5,765
5,641
10,271
5,36
5,802
5,275
5,82
18,57
5,132
5,842
5,397
18,806
28,133
5,692
5,429
5,137
20,1074
5,1086
5,193
5,256
5,793
5,44
5,726
12,269
5,369
5,156
1,483
5,699
5,451
5,401
14,188
5,833
18,104
5,1031
5,1034
5,15
18,969
5,461
18,279
5,819
19,408
5,46
18,890
3,689
5,796
5,667
5,103
5,199
5,736
5,811
5,154
18,650
5,285
18,201
5,995
13,999
10,592
6,329
5,460
18,635
5,695
5,204
5,986
5,120
5,1042
18,884
5,601
5,1040
5,723
5,164
5,332
5,126
5,881
5,412
5,473
5,67
5,1036
5,224
5,158
5,517
5,761
5,407
12,521
5,43
5,426
5,476
5,140
18,590
12,1018
5,513
18,295
18,277
5,855
1,718
5,711
1,242
5,373
5,183
5,1001
5,900
18,1062
5,776
5,365
18,938
18,829
5,680
5,544
5,1047
20,474
5,627
11,331
18,785
5,69
5,421
11,396
17,676
5,973
12,31
5,226
5,1025
18,859
10,470
5,131
18,49
5,1055
5,386
5,459
5,300
5,135
5,177
5,449
5,1024
18,152
5,834
5,653
5,18
18,465
5,530
5,167
5,602
18,901
5,818
18,951
5,854
18,61
5,844
5,301
5,502
5,657
5,850
5,714
5,191
5,823
5,286
5,531
5,683
18,911
5,267
5,584
5,624
3,143
5,6
5,516
2,130
29,290
5,486
5,194
5,609
5,661
5,606
5,88
12,333
5,839
5,315
5,464
5,577
5,376
5,886
5,48
5,54
5,706
5,688
5,431
18,1073
5,479
5,389
5,841
1,738
5,1079
5,940
5,492
5,598
5,118
5,321
1,377
5,309
5,350
5,1068
5,439
5,907
12,463
5,122
5,1091
5,987
5,232
5,709
5,640
12,64
31,144
5,637
5,9
5,790
5,997
5,252
12,982
5,84
5,817
18,244
18,93
5,370
18,1007
5,25
5,532
5,89
5,337
5,150
18,169
5,953
5,213
5,402
14,734
19,249
5,469
5,264
5,670
18,879
5,165
5,919
5,741
5,821
5,458
18,263
5,564
5,632
5,1065
5,71
18,698
18,906
5,368
5,16
5,533
5,954
5,805
18,352
5,455
12,857
5,307
5,292
5,341
5,556
14,693
5,1080
18,475
5,327
18,345
1,519
5,168
5,944
5,379
18,534
6,180
5,593
5,551
5,192
5,930
5,182
5,515
18,634
5,356
5,136
5,870
5,1029
18,138
5,586
5,238
5,384
5,567
5,358
18,1081
5,964
5,1061
19,336
5,454
5,753
5,922
5,967
5,541
18,432
5,239
5,896
5,190
5,727
10,616
5,810
5,603
5,253
5,860
26,1064
5,740
18,456
5,438
5,804
5,614
5,314
5,608
18,526
5,872
5,538
5,768
5,416
19,312
5,1006
5,937
19,205
5,220
1,733
5,484
5,851
5,687
5,547
5,735
5,613
5,1015
5,468
18,258
5,795
5,945
12,453
5,887
5,30
5,1045
5,302
18,1066
19,966
20,381
5,989
5,480
5,791
1,975
5,788
5,1057
5,766
5,974
5,935
18,83
5,751
5,221
5,625
26,175
5,955
18,610
5,581
5,962
5,677
5,552
5,171
5,507
5,91
5,874
18,90
5,700
5,600
5,383
5,385
5,883
18,832
19,725
5,196
5,512
5,225
9,615
5,498
5,1087
22,106
5,618
5,443
5,153
5,720
5,649
5,481
5,642
5,444
5,780
18,45
14,548
5,550
5,803
5,79
18,893
5,326
5,835
30,322
5,710
5,885
5,662
5,273
5,537
5,101
18,543
5,1043
5,116
5,669
23,572
18,905
18,910
5,119
5,219
5,655
5,198
5,74
5,981
5,792
5,229
5,1021
5,626
5,948
5,478
18,976
5,181
5,927
12,510
5,1039
5,247
5,569
5,357
5,925
5,1035
18,347
1,1050
18,65
18,565
5,757
5,511
5,457
5,576
5,797
5,1067
5,611
5,936
5,395
12,33
5,334
5,869
5,520
18,145
12,546
5,195
14,950
5,294
5,325
18,892
5,163
5,752
5,743
5,435
5,491
5,789
5,770
5,578
24,984
11,558
5,1049
13,824
19,559
5,493
5,696
18,545
5,318
30,863
5,599
5,281
18,108
5,288
5,830
5,915
5,690
5,815
5,719
5,335
5,595
5,265
5,304
5,280
12,737
5,514
18,160
5,587
5,95
5,231
5,76
5,717
5,367
5,390
5,139
18,111
5,1070
5,809
5,234
5,1019
5,497
18,1028
5,413
5,980
5,597
5,965
5,764
5,638
5,121
5,701
5,1010
5,1033
12,1011
5,673
5,681
5,92
18,487
12,732
5,53
5,555
18,112
5,508
5,848
5,374
5,398
5,566
25,542
18,382
5,991
5,410
18,452
5,284
5,1038
5,51
5,591
5,909
5,724
5,371
5,24
5,868
5,575
24,128
5,931
5,409
5,372
5,1075
18,506
18,1026
5,466
5,895
5,994
5,11
5,94
5,882
5,259
18,672
5,123
12,853
5,328
5,289
5,959
5,19
18,894
5,708
18,212
5,675
5,702
5,462
5,798
18,686
5,27
11,338
5,63
5,746
18,324
11,775
5,778
5,495
5,831
12,430
5,928
5,799
14,393
5,471
5,222
18,563
11,310
5,570
5,176
5,227
5,1046
5,161
5,8
5,100
5,849
5,125
5,912
5,685
5,209
5,129
5,105
5,1090
5,248
18,485
5,218
5,715
18,148
5,353
5,114
5,58
5,349
18,838
5,428
5,867
5,467
5,2
5,762
5,813
5,78
5,1005
5,924
5,990
5,619
4,343
5,433
5,933
14,856
5,663
