18,421
20,411
3,17
3,207
16,476
3,513
16,681
16,700
16,279
16,147
12,149
16,428
3,636
3,327
3,187
16,585
16,440
16,441
16,638
16,60
16,677
16,416
16,240
16,113
16,384
16,132
3,110
3,152
12,604
16,321
3,399
3,610
16,169
16,219
3,594
16,20
16,77
16,5
16,64
16,204
16,400
16,339
3,503
16,167
16,622
5,499
16,362
16,473
16,103
3,527
16,508
3,635
3,666
16,216
3,7
3,612
16,454
3,232
16,260
16,693
3,526
12,497
3,252
16,439
16,262
16,221
16,511
16,16
3,229
16,41
16,280
12,698
16,554
16,128
3,540
16,114
16,494
3,561
16,304
16,154
16,684
16,39
16,600
16,261
3,40
3,184
16,97
6,354
16,423
16,76
3,139
11,21
3,530
6,437
16,597
16,118
16,356
16,290
3,544
3,386
3,65
16,697
16,583
16,688
3,195
12,501
3,200
15,73
16,82
16,611
16,89
12,317
16,571
16,448
16,49
3,133
16,430
16,98
16,276
16,521
12,319
3,447
16,663
16,183
3,263
12,312
11,54
16,71
16,696
16,202
16,690
16,102
16,652
12,628
12,302
16,655
16,538
3,496
16,672
3,461
3,433
16,178
3,123
3,575
16,648
3,584
16,590
16,479
16,617
16,182
16,664
16,609
16,602
16,514
12,436
3,486
16,488
16,190
16,640
16,326
16,413
16,268
16,369
3,676
16,57
16,649
16,593
16,83
16,429
16,485
16,298
16,553
12,425
16,30
16,287
15,160
16,460
16,517
16,644
3,542
12,328
16,373
16,87
16,365
3,558
12,667
16,157
3,408
16,380
16,427
3,42
16,581
16,468
3,464
16,224
16,104
16,596
16,25
16,606
16,38
16,237
16,34
16,492
16,574
1,475
12,36
16,174
3,306
3,407
3,406
9,415
3,142
16,153
16,417
16,375
16,355
15,493
16,599
16,136
3,539
16,342
3,569
16,96
16,310
16,59
16,536
3,598
3,168
16,370
16,226
14,177
16,145
16,463
16,565
6,213
16,686
16,699
16,196
16,389
16,469
3,378
3,311
3,404
3,238
3,10
23,608
16,284
20,336
16,165
3,466
16,297
16,22
16,682
16,452
16,158
15,247
3,673
16,502
16,481
16,434
16,351
16,577
16,591
3,374
16,67
16,545
16,692
16,381
16,19
16,403
3,573
16,172
3,74
3,665
3,507
16,314
16,45
16,119
16,265
16,451
16,296
3,225
3,151
16,193
16,159
5,18
16,490
16,680
16,131
16,201
14,528
3,236
3,579
12,658
16,394
16,632
16,376
16,117
16,689
6,446
16,385
16,519
16,95
16,124
3,391
16,197
12,350
23,641
16,345
16,214
16,148
16,26
3,251
16,582
3,605
16,529
16,161
5,624
16,668
3,661
16,24
3,509
16,555
16,309
16,472
16,218
16,359
16,379
16,215
3,477
16,163
3,230
15,533
3,111
16,150
16,66
3,419
7,33
16,397
16,639
16,601
16,387
16,267
3,551
16,289
12,683
3,675
3,171
12,516
16,199
16,120
3,410
16,643
16,162
16,44
16,239
7,458
3,637
16,694
20,37
3,691
16,409
3,371
3,631
16,115
3,48
3,512
12,303
16,130
16,524
16,343
16,325
16,234
16,198
16,272
16,630
3,398
16,295
16,324
16,233
16,570
5,642
16,462
16,618
16,438
16,68
16,266
3,192
16,8
16,456
16,443
16,84
3,109
16,12
3,51
3,255
16,495
16,47
16,634
16,249
12,179
3,175
16,270
16,90
3,299
16,619
16,253
16,281
16,79
16,483
16,607
16,80
16,23
16,285
16,189
16,383
16,301
3,705
16,203
16,258
16,70
12,701
16,166
3,562
16,505
12,170
16,323
16,335
16,654
16,414
12,316
3,412
16,278
16,651
3,331
16,471
16,329
16,259
16,392
16,254
16,223
3,515
16,678
3,137
16,550
16,620
16,9
16,341
16,81
3,288
16,269
16,623
5,687
16,445
3,340
16,467
10,674
16,420
11,552
16,578
16,372
16,353
16,129
16,390
3,470
16,449
16,277
16,629
16,108
16,333
16,217
16,256
16,176
3,556
16,291
16,231
16,1
5,566
16,588
3,520
16,2
12,248
16,626
3,360
16,679
16,670
3,246
16,308
3,589
16,349
6,346
16,206
16,422
16,426
16,62
16,173
16,11
3,557
16,564
3,671
16,307
16,532
16,135
5,126
16,580
6,535
16,134
16,72
16,368
3,29
16,703
16,294
16,181
16,704
16,186
16,482
16,155
6,112
16,401
20,121
16,106
3,702
8,431
16,534
3,459
16,92
16,127
16,257
16,361
16,334
3,510
12,53
16,337
13,548
12,85
16,78
3,650
16,522
16,480
16,320
6,344
16,322
3,366
16,275
16,621
3,498
3,271
3,4
3,241
16,567
16,563
16,180
16,465
16,242
16,364
15,633
12,367
16,27
3,537
3,487
16,377
16,191
3,292
12,282
16,525
18,50
3,101
2,86
16,61
16,592
16,660
3,559
16,543
16,208
16,143
3,243
16,405
16,474
16,15
12,245
16,695
16,283
16,659
16,613
16,442
3,3
3,116
19,546
24,52
16,250
16,315
3,35
16,627
16,586
3,227
16,393
16,347
16,305
16,156
16,146
16,576
16,185
6,547
16,13
16,332
16,489
16,99
16,657
16,188
16,32
16,164
16,395
3,194
3,14
3,424
3,662
16,435
16,549
16,264
16,58
3,500
16,228
16,274
16,656
3,273
20,138
3,352
16,685
17,141
16,572
16,244
16,220
3,122
16,432
16,348
16,595
16,444
16,63
16,91
16,43
16,330
16,6
16,55
16,402
3,358
3,293
3,614
16,531
16,105
3,93
16,455
16,69
9,31
16,212
16,396
3,140
3,388
16,313
3,560
3,625
16,222
3,209
16,484
16,646
16,450
16,616
16,56
16,615
4,144
22,107
12,28
16,363
16,210
16,645
16,587
16,75
16,647
16,100
21,125
16,418
16,669
16,235
16,541
16,506
3,603
16,491
16,300
16,94
16,88
16,518
16,286
16,382
16,318
16,504
3,46
16,478
16,453
16,338
16,357
16,523
16,568
12,205
12,211
12,653
16,457
