44,661
63,1045
44,845
44,943
44,19
47,1007
47,529
47,582
44,245
44,70
35,959
44,917
44,381
26,130
44,220
45,325
44,58
44,212
44,672
45,1051
50,568
44,564
44,1015
44,781
13,1108
44,924
44,448
21,969
44,125
44,1047
44,870
44,332
44,466
44,188
44,1091
44,541
44,153
44,983
44,1113
49,300
44,236
47,352
44,1072
44,532
44,309
44,454
30,645
44,1012
44,1080
44,504
26,1020
44,668
47,389
53,1023
47,221
49,839
44,627
44,98
36,974
44,1096
44,78
44,988
44,259
44,430
22,1018
53,322
47,402
44,772
36,403
44,800
44,74
44,633
44,339
44,1021
44,589
44,906
21,386
44,497
33,1062
44,357
44,767
44,301
44,795
44,796
44,651
44,283
44,306
44,976
44,435
44,416
44,30
44,656
44,975
44,88
44,86
44,1119
47,1041
44,918
44,330
72,686
44,13
44,869
44,955
13,683
44,610
44,216
44,35
12,342
44,262
44,292
44,714
44,272
44,496
44,937
5,565
41,63
6,289
44,328
44,827
44,1057
11,482
44,298
44,499
45,1010
44,29
44,821
45,23
57,36
44,360
44,436
47,569
3,535
44,468
44,741
45,903
44,785
44,296
44,788
43,794
44,982
60,546
44,234
44,539
44,780
44,495
44,590
44,119
44,464
44,542
40,742
44,1087
21,92
44,249
7,673
44,510
44,773
44,106
44,462
44,792
44,1016
44,992
47,160
44,347
16,629
44,1089
47,175
44,443
44,545
44,614
44,145
42,1000
39,952
44,609
44,786
44,358
48,71
44,485
44,494
44,1048
10,769
44,1100
44,604
44,12
47,928
41,498
44,1026
62,933
44,846
40,862
57,797
44,755
2,1044
44,174
44,970
44,782
44,690
44,385
44,812
44,240
4,947
55,225
44,849
40,1076
44,15
44,178
35,193
47,893
44,637
44,1111
17,916
44,689
44,1092
44,371
44,362
47,183
44,603
60,704
60,994
50,995
44,156
44,413
21,359
4,1046
44,543
44,914
40,688
44,68
44,202
44,151
44,138
37,528
44,660
44,133
44,577
44,61
44,675
26,287
26,428
44,1093
44,367
44,980
28,263
44,483
44,380
44,516
73,920
40,1013
47,155
44,885
44,343
44,575
47,22
44,76
44,479
44,843
44,401
45,815
44,404
44,874
44,438
44,653
44,168
44,314
44,808
44,87
44,484
44,440
44,1058
44,967
44,291
44,824
44,9
44,270
44,126
44,787
44,1053
62,60
44,771
47,101
47,320
44,214
44,33
44,470
44,676
44,418
8,818
44,853
44,157
44,1099
44,275
44,267
44,269
44,763
44,195
35,973
44,143
44,80
44,105
44,912
44,444
44,866
14,857
40,647
44,930
44,606
44,682
44,476
10,1088
44,747
44,73
44,75
44,186
53,599
44,285
44,445
44,702
55,311
44,957
44,159
44,748
44,667
44,394
44,613
44,960
44,290
44,829
44,113
44,327
44,602
44,149
13,209
44,353
8,46
44,399
50,945
44,527
44,181
44,396
44,801
30,958
44,208
44,366
44,764
44,446
44,759
44,941
44,997
47,1107
47,749
76,931
44,856
44,392
44,57
40,254
44,579
55,987
44,316
44,687
44,774
44,148
40,266
44,82
44,826
47,895
4,956
44,118
44,85
44,1008
44,41
44,894
44,662
26,789
44,880
52,4
44,1005
7,459
32,256
59,433
44,944
44,642
44,835
44,882
44,517
37,524
44,329
44,566
7,228
47,1106
44,1033
44,730
44,907
44,1098
4,1042
44,761
44,754
44,909
44,913
44,109
44,95
44,410
44,368
44,243
44,50
44,205
44,737
44,1090
44,232
4,278
44,34
44,929
44,1024
44,776
44,507
44,442
44,49
44,140
44,146
44,555
44,318
44,341
19,790
47,513
4,204
44,1049
44,258
47,573
44,805
44,708
44,695
44,457
44,199
26,103
44,94
47,972
44,692
44,891
40,836
44,405
34,522
44,182
44,191
44,585
44,873
44,425
44,276
44,584
47,757
44,230
38,1073
47,576
44,592
47,398
47,848
44,158
44,750
44,1068
44,634
44,1
44,552
59,850
44,758
44,1071
44,966
44,43
47,250
44,406
65,1035
44,112
30,649
44,307
26,493
45,173
26,429
64,1036
45,293
44,503
44,1067
59,703
44,491
44,833
62,1003
44,624
44,390
44,147
44,407
62,163
45,310
7,411
44,768
33,312
44,1040
44,122
44,194
44,694
44,544
44,593
44,538
44,261
44,315
60,550
62,1104
45,431
44,623
44,685
44,852
47,570
44,858
44,896
43,281
44,1056
44,953
44,233
44,678
47,170
13,583
44,571
44,134
44,321
45,939
44,144
37,299
44,99
44,334
44,1011
44,990
44,834
44,709
44,458
44,863
44,657
21,652
44,699
45,727
4,346
44,777
44,536
64,72
44,211
44,631
44,872
44,382
44,530
44,420
44,297
44,3
44,1081
51,842
11,1050
19,556
44,62
44,102
44,253
13,1074
40,337
44,1054
44,400
21,520
22,492
44,559
45,344
26,179
26,197
39,596
44,419
44,89
44,923
44,712
44,901
44,255
44,641
44,323
44,489
44,594
44,294
44,828
44,91
44,373
26,823
44,414
15,525
45,227
44,26
44,167
44,1009
44,696
44,241
1,526
40,717
44,224
44,137
43,165
44,932
44,1022
44,902
44,391
44,716
55,93
45,244
44,274
44,911
47,251
44,1029
44,1014
44,640
40,762
44,512
40,618
44,706
44,926
44,807
44,1094
40,900
44,177
44,409
54,456
44,351
44,1027
44,415
45,632
44,574
55,32
50,264
44,617
44,338
44,96
44,18
44,819
44,1061
44,508
8,655
44,114
44,940
44,783
44,427
8,90
60,239
44,934
28,31
43,480
44,1075
44,644
44,847
45,17
44,273
44,288
45,455
44,81
45,950
44,383
31,235
44,611
44,265
44,304
55,48
44,319
44,1082
44,691
28,936
44,825
44,551
44,169
44,369
24,129
37,1102
58,1001
62,659
44,441
44,27
45,809
13,523
11,875
44,505
44,260
44,892
44,282
44,733
12,1052
44,161
8,424
7,586
47,44
44,626
44,461
47,284
44,451
44,52
44,397
44,379
44,136
44,198
44,518
44,5
47,984
44,213
44,925
44,324
62,37
29,120
44,10
56,938
57,725
44,370
44,608
44,107
26,268
44,740
13,600
44,326
44,897
45,674
36,111
44,463
59,810
44,572
39,888
44,110
44,84
34,229
47,616
26,625
45,271
44,775
46,728
55,1097
44,765
26,64
44,417
44,395
30,820
44,1070
57,567
13,760
44,628
57,39
8,1069
74,1085
44,954
59,142
43,477
44,905
44,746
44,1039
44,948
19,965
50,363
44,511
44,345
44,968
44,908
44,998
53,743
40,38
26,722
44,305
44,375
5,595
44,45
44,620
44,83
44,196
44,1083
44,123
44,540
44,779
44,355
50,336
44,24
44,412
44,591
45,832
44,961
44,139
44,739
44,981
44,831
44,844
44,639
4,509
44,877
44,710
44,851
44,841
44,648
21,581
44,487
44,257
44,560
44,1095
44,899
44,919
30,472
44,135
21,20
44,646
44,643
44,502
44,127
28,533
36,1112
44,817
44,721
49,989
69,876
37,619
44,1101
41,1028
44,986
44,475
44,770
44,951
32,16
44,979
45,519
35,813
44,840
47,669
45,124
44,598
44,860
44,723
44,185
3,806
44,889
44,1006
44,116
44,171
44,868
44,303
44,189
8,437
43,946
43,226
44,203
44,607
44,554
44,605
75,150
47,354
44,752
45,588
45,890
44,612
44,985
43,361
44,247
44,563
44,172
44,715
44,1004
44,962
45,1055
44,348
44,279
3,166
16,252
44,162
44,364
44,450
12,7
45,184
47,55
44,514
44,719
26,861
21,8
44,426
28,816
42,131
44,6
44,878
62,280
44,452
44,349
44,248
44,1002
45,207
45,1066
47,991
34,693
44,465
13,453
44,97
59,506
57,681
44,42
71,1019
26,388
44,434
41,601
40,949
44,67
44,215
44,447
44,1043
44,53
44,422
44,1109
70,838
45,684
44,176
44,335
44,219
44,766
13,745
44,622
44,21
44,1037
44,802
44,40
17,56
44,1059
44,231
44,804
44,1110
23,384
44,664
44,521
44,449
45,547
44,374
68,964
9,460
44,713
44,478
44,883
44,378
12,738
44,1060
44,190
44,734
44,731
44,884
44,128
44,701
8,665
44,654
44,1084
44,1103
44,317
44,201
44,724
25,597
44,356
44,621
44,700
40,313
44,54
44,66
47,751
44,615
45,996
44,141
44,218
44,1030
44,1063
44,1025
44,636
44,217
44,500
44,1038
43,187
39,486
67,871
59,501
44,277
44,697
44,481
44,666
44,2
44,474
34,537
44,864
44,473
44,237
44,14
44,1114
20,720
26,1079
45,705
44,1077
43,978
44,578
44,753
44,471
40,51
45,562
44,372
44,432
45,238
44,887
47,561
44,726
27,993
44,798
44,867
60,242
44,1032
44,638
4,658
44,698
44,791
47,729
44,47
39,340
44,469
41,650
44,942
44,663
44,206
44,1116
44,295
44,814
44,1065
44,1078
44,11
44,439
14,718
44,879
47,971
44,711
44,799
44,69
44,59
44,490
60,79
44,811
44,377
45,803
44,921
60,898
21,886
28,1117
44,467
4,963
44,100
44,736
49,246
61,837
44,350
44,408
44,999
44,534
47,1064
44,778
44,223
44,200
44,1034
44,423
44,365
44,393
44,756
44,115
44,1086
44,117
47,679
44,935
44,630
44,830
49,635
59,286
44,735
44,333
60,680
4,387
35,376
47,488
44,154
44,854
44,132
44,822
44,192
44,587
44,922
44,553
44,881
44,515
26,732
35,904
26,1115
44,25
44,104
44,707
44,670
55,331
44,1017
5,302
44,108
44,859
44,677
44,927
44,580
44,671
44,121
44,548
45,180
44,308
44,152
44,28
44,784
44,1031
45,865
44,557
55,531
44,793
18,77
44,222
44,65
44,558
47,915
37,910
44,1118
45,210
44,164
26,855
13,1105
35,744
66,549
17,421
44,977
