35,798
35,410
24,575
35,901
16,705
35,80
35,580
35,884
37,29
35,451
35,572
37,85
35,22
4,985
35,547
35,816
35,161
4,914
35,234
42,927
35,204
35,242
4,296
35,301
4,1036
35,746
35,1074
37,656
35,393
40,883
42,512
35,791
4,802
35,843
4,254
39,356
35,114
35,1014
35,544
35,413
35,961
35,730
35,594
35,69
35,817
35,428
4,767
35,1065
35,850
4,76
35,760
35,935
35,644
35,374
35,881
35,576
35,989
35,754
35,68
35,229
35,695
15,239
11,1018
35,943
4,632
35,260
4,1062
35,861
35,655
35,1063
35,972
35,1081
35,498
35,951
35,763
35,991
35,846
28,782
23,723
35,444
35,625
35,494
18,419
4,72
35,115
6,677
35,24
35,209
4,238
35,837
35,476
35,178
35,380
35,1000
12,1075
35,939
35,287
35,667
35,578
35,27
35,262
37,762
35,128
40,790
37,528
35,1033
37,364
6,622
35,740
37,557
35,771
35,758
40,345
35,327
35,593
35,968
37,471
35,425
37,437
4,32
35,608
35,495
35,944
35,1048
35,360
35,98
40,43
35,252
35,922
35,71
35,744
35,707
35,688
35,661
4,282
9,866
35,328
35,863
35,905
35,423
42,375
35,320
35,138
35,45
35,454
42,1071
35,830
35,398
35,196
35,946
5,506
35,774
35,959
37,882
35,155
35,603
37,911
35,10
35,501
35,394
35,118
35,776
35,783
37,1020
35,106
2,480
35,674
35,1029
35,1061
35,854
35,497
35,979
35,162
35,713
35,827
35,847
35,696
35,1017
35,1013
35,650
37,8
35,250
35,399
35,913
35,187
34,335
35,152
35,909
37,182
35,39
4,230
6,122
35,245
35,490
35,317
35,452
35,6
35,321
40,134
35,848
35,435
35,1050
4,964
35,1021
35,348
35,651
4,469
35,525
35,875
40,334
35,443
35,460
37,933
6,940
35,565
12,589
2,1042
35,606
34,7
35,404
35,967
40,1077
40,676
35,34
35,163
39,395
6,521
35,958
35,315
35,897
35,896
37,121
4,353
35,279
35,825
35,396
35,388
35,426
35,996
34,742
35,1022
35,90
35,862
37,669
35,73
35,639
35,401
35,188
40,636
35,948
35,144
35,379
35,206
35,212
35,418
6,251
35,954
35,1047
35,201
35,607
37,167
35,824
35,546
35,835
37,947
35,489
35,869
35,125
35,44
35,259
35,941
9,778
35,132
40,145
35,801
35,183
35,59
28,965
35,293
35,716
35,482
35,635
35,366
4,37
35,851
34,793
35,343
40,175
35,450
4,342
35,765
35,173
35,785
35,277
35,720
35,936
35,690
40,659
12,826
35,246
35,4
35,446
9,809
37,302
35,524
35,448
35,432
35,1010
35,916
35,478
37,496
6,97
35,1034
35,995
35,624
34,605
35,683
35,743
35,484
35,441
35,769
20,852
43,468
4,717
40,642
37,1044
35,945
35,48
35,314
35,646
4,463
4,149
37,545
35,714
35,235
35,590
4,92
35,810
4,54
4,626
35,858
35,592
35,1002
35,813
35,554
36,285
12,1009
35,596
34,617
42,409
35,295
35,1058
35,955
32,523
9,671
35,1060
4,1043
35,581
35,703
35,849
1,224
35,853
35,819
35,618
40,179
35,459
4,520
4,583
35,892
35,726
35,1027
37,281
35,595
35,534
35,58
35,770
42,363
42,57
35,615
35,530
35,840
4,877
35,267
35,406
34,369
35,103
35,719
35,159
28,263
9,807
4,795
35,329
35,215
35,445
35,70
35,491
37,283
35,96
35,436
35,893
35,91
2,225
35,449
35,220
35,153
35,918
35,833
35,508
35,112
35,535
37,814
35,99
35,156
35,1032
37,258
35,976
35,424
35,300
35,888
4,1041
9,341
35,143
35,573
35,13
35,371
35,297
35,993
35,66
35,680
4,682
35,1008
35,1056
35,292
37,202
35,732
35,868
35,1028
34,307
35,319
34,666
35,427
35,81
35,42
35,313
35,461
35,243
28,376
35,19
35,75
35,1007
35,241
35,597
34,310
35,147
35,195
35,473
35,929
4,555
35,74
35,1003
35,221
35,502
35,176
35,291
35,124
35,942
35,53
35,172
35,55
35,756
35,867
37,169
35,109
28,2
32,160
35,381
35,988
35,872
40,697
35,370
35,1066
35,586
35,174
35,815
35,963
37,526
9,540
35,962
35,982
35,969
35,462
4,731
34,515
35,17
35,519
35,588
35,569
35,1052
4,417
35,483
35,51
35,384
4,477
35,999
42,1030
35,784
4,433
35,591
40,336
34,392
4,834
35,40
35,548
4,908
35,289
42,702
7,1069
35,467
35,558
35,653
35,986
35,701
35,957
35,131
35,386
35,93
35,383
35,704
40,937
35,60
4,749
37,248
35,992
35,998
35,275
40,488
35,823
35,748
4,930
35,974
35,414
42,1070
28,637
35,148
35,518
35,1083
35,11
35,692
35,829
4,745
35,77
35,165
35,208
35,582
35,1076
37,407
35,268
35,910
4,629
4,538
4,100
37,41
4,500
40,1053
35,902
35,403
35,271
42,777
35,422
4,318
37,647
35,752
35,627
4,116
35,21
35,665
37,197
35,878
37,26
35,266
35,184
35,228
35,130
36,796
37,442
35,198
42,158
35,859
35,193
35,686
35,983
35,755
35,549
35,338
35,634
35,111
35,567
34,264
35,200
6,984
13,280
35,465
35,724
4,133
35,373
35,779
35,429
35,455
37,738
4,129
42,753
40,658
4,1049
6,269
35,657
37,678
35,137
35,94
42,1051
35,180
4,973
35,923
26,168
35,82
35,672
35,1072
35,831
31,464
35,856
41,880
34,305
35,1045
37,64
35,747
35,126
35,344
35,185
9,52
35,602
35,537
37,49
35,211
37,949
35,640
40,257
35,938
35,800
4,1067
42,308
35,276
35,150
40,551
35,255
4,270
35,855
35,599
35,541
35,190
35,247
40,781
35,1078
4,351
4,294
35,231
35,950
35,38
35,710
4,1019
35,15
13,359
35,358
35,773
37,527
35,16
4,170
35,140
35,123
35,101
4,177
35,171
35,362
35,400
35,1057
37,533
37,934
35,470
4,1079
35,750
21,387
35,352
35,466
35,522
4,620
9,46
35,194
35,416
35,891
37,504
38,1035
40,1068
35,681
35,553
35,485
35,253
35,456
40,1055
35,566
37,61
32,1054
35,1024
3,142
6,797
35,994
35,664
9,926
35,408
35,330
4,899
35,727
35,735
4,864
37,439
35,997
35,431
4,405
35,218
35,457
37,1037
37,1
35,273
35,139
35,412
37,481
6,56
35,236
34,237
4,552
35,513
42,691
35,306
6,205
35,309
35,87
35,88
35,1011
35,598
35,873
35,286
35,1039
35,219
40,510
35,453
35,186
35,240
35,349
35,438
30,385
35,631
4,736
35,440
4,768
35,493
35,316
37,584
35,346
37,698
35,894
34,102
35,189
35,772
35,1073
37,571
35,107
35,643
4,641
35,472
35,105
35,486
35,684
4,154
35,722
35,213
35,885
35,556
35,562
37,434
6,1031
28,585
12,326
35,244
35,609
14,924
35,903
28,12
35,164
35,577
35,633
35,1004
27,981
35,261
35,119
35,708
6,895
4,766
40,532
4,729
35,311
30,415
35,117
35,733
42,181
25,304
35,786
35,265
35,990
35,1064
35,411
4,232
35,28
4,110
4,728
42,1026
35,157
35,397
35,966
35,9
35,616
42,579
35,764
35,685
35,372
42,673
35,333
35,757
35,915
4,876
35,808
4,628
40,709
35,354
4,475
40,917
35,699
6,78
6,919
35,890
35,389
35,932
35,474
35,447
35,794
35,278
35,543
35,788
35,887
35,223
42,210
35,564
35,274
4,325
35,1001
35,842
35,199
35,660
4,706
35,127
35,612
35,652
35,805
12,1040
6,529
35,839
34,113
42,536
35,645
30,249
35,479
35,298
1,751
35,288
35,30
35,222
35,365
35,509
37,104
4,700
29,630
35,822
4,141
28,828
35,587
35,505
35,619
37,977
37,378
35,832
35,811
4,611
35,874
42,568
35,146
35,920
37,542
4,350
35,857
39,516
6,1059
35,900
35,20
35,649
35,31
2,931
35,739
35,377
30,906
35,1046
33,226
35,36
28,928
42,323
6,970
35,83
35,322
37,689
4,79
35,1015
35,799
39,623
35,812
35,3
42,956
28,5
35,514
35,820
35,980
35,610
35,721
35,761
35,860
35,550
35,33
35,560
35,780
35,718
35,1023
35,1080
35,836
35,675
35,382
35,663
35,886
4,18
4,391
35,337
35,987
17,492
35,821
35,1006
35,865
4,804
35,203
35,838
35,725
35,1038
35,613
37,67
35,1025
35,889
35,507
19,65
10,207
35,531
35,357
35,662
6,25
35,693
42,559
4,898
35,499
4,368
37,47
35,654
35,14
35,50
35,539
35,84
4,503
35,904
35,570
37,679
35,759
35,1005
35,324
35,430
35,648
35,561
35,135
35,191
35,563
35,340
40,960
35,806
35,621
37,1012
4,687
4,953
35,952
35,284
35,458
35,89
34,331
4,737
35,604
35,290
22,233
8,23
35,120
35,339
35,35
35,978
35,367
35,775
4,420
35,841
4,668
37,574
35,818
35,511
35,925
35,332
37,151
35,256
35,871
35,907
35,844
35,741
35,734
4,712
34,312
40,803
35,600
35,845
35,227
35,787
35,86
39,108
35,975
35,192
35,214
35,614
35,921
35,517
35,1016
35,402
35,912
35,217
35,166
35,1082
42,879
35,361
35,711
35,303
35,390
37,715
35,272
35,638
35,487
35,694
35,355
35,421
35,136
35,971
37,63
35,347
35,299
35,789
35,870
35,95
35,216
4,601
35,670
1,792
35,62
