20,798
20,410
15,575
20,901
8,705
20,80
20,580
20,884
20,29
20,451
20,572
20,85
20,22
2,985
20,547
20,816
20,161
2,914
20,234
23,927
20,204
20,242
2,296
20,301
2,1036
20,746
20,1074
20,656
20,393
23,883
23,512
20,791
2,802
20,843
2,254
22,356
20,114
20,1014
20,544
20,413
20,961
20,730
20,594
20,69
20,817
20,428
2,767
20,1065
20,850
2,76
20,760
20,935
20,644
20,374
20,881
20,576
20,989
20,754
20,68
20,229
20,695
7,239
5,1018
20,943
2,632
20,260
2,1062
20,861
20,655
20,1063
20,972
20,1081
20,498
20,951
20,763
20,991
20,846
18,782
14,723
20,444
20,625
20,494
10,419
2,72
20,115
2,677
20,24
20,209
2,238
20,837
20,476
20,178
20,380
20,1000
5,1075
20,939
20,287
20,667
20,578
20,27
20,262
20,762
20,128
23,790
20,528
20,1033
20,364
2,622
20,740
20,557
20,771
20,758
23,345
20,327
20,593
20,968
20,471
20,425
20,437
2,32
20,608
20,495
20,944
20,1048
20,360
20,98
23,43
20,252
20,922
20,71
20,744
20,707
20,688
20,661
2,282
5,866
20,328
20,863
20,905
20,423
23,375
20,320
20,138
20,45
20,454
23,1071
20,830
20,398
20,196
20,946
2,506
20,774
20,959
20,882
20,155
20,603
20,911
20,10
20,501
20,394
20,118
20,776
20,783
20,1020
20,106
1,480
20,674
20,1029
20,1061
20,854
20,497
20,979
20,162
20,713
20,827
20,847
20,696
20,1017
20,1013
20,650
20,8
20,250
20,399
20,913
20,187
20,335
20,152
20,909
20,182
20,39
2,230
2,122
20,245
20,490
20,317
20,452
20,6
20,321
23,134
20,848
20,435
20,1050
2,964
20,1021
20,348
20,651
2,469
20,525
20,875
23,334
20,443
20,460
20,933
2,940
20,565
5,589
1,1042
20,606
20,7
20,404
20,967
23,1077
23,676
20,34
20,163
22,395
2,521
20,958
20,315
20,897
20,896
20,121
2,353
20,279
20,825
20,396
20,388
20,426
20,996
20,742
20,1022
20,90
20,862
20,669
20,73
20,639
20,401
20,188
23,636
20,948
20,144
20,379
20,206
20,212
20,418
2,251
20,954
20,1047
20,201
20,607
20,167
20,824
20,546
20,835
20,947
20,489
20,869
20,125
20,44
20,259
20,941
5,778
20,132
23,145
20,801
20,183
20,59
18,965
20,293
20,716
20,482
20,635
20,366
2,37
20,851
20,793
20,343
23,175
20,450
2,342
20,765
20,173
20,785
20,277
20,720
20,936
20,690
23,659
5,826
20,246
20,4
20,446
5,809
20,302
20,524
20,448
20,432
20,1010
20,916
20,478
20,496
2,97
20,1034
20,995
20,624
20,605
20,683
20,743
20,484
20,441
20,769
11,852
24,468
2,717
23,642
20,1044
20,945
20,48
20,314
20,646
2,463
2,149
20,545
20,714
20,235
20,590
2,92
20,810
2,54
2,626
20,858
20,592
20,1002
20,813
20,554
20,285
5,1009
20,596
20,617
23,409
20,295
20,1058
20,955
19,523
5,671
20,1060
2,1043
20,581
20,703
20,849
1,224
20,853
20,819
20,618
23,179
20,459
2,520
2,583
20,892
20,726
20,1027
20,281
20,595
20,534
20,58
20,770
23,363
23,57
20,615
20,530
20,840
2,877
20,267
20,406
20,369
20,103
20,719
20,159
18,263
5,807
2,795
20,329
20,215
20,445
20,70
20,491
20,283
20,96
20,436
20,893
20,91
1,225
20,449
20,220
20,153
20,918
20,833
20,508
20,112
20,535
20,814
20,99
20,156
20,1032
20,258
20,976
20,424
20,300
20,888
2,1041
5,341
20,143
20,573
20,13
20,371
20,297
20,993
20,66
20,680
2,682
20,1008
20,1056
20,292
20,202
20,732
20,868
20,1028
20,307
20,319
20,666
20,427
20,81
20,42
20,313
20,461
20,243
18,376
20,19
20,75
20,1007
20,241
20,597
20,310
20,147
20,195
20,473
20,929
2,555
20,74
20,1003
20,221
20,502
20,176
20,291
20,124
20,942
20,53
20,172
20,55
20,756
20,867
20,169
20,109
18,2
19,160
20,381
20,988
20,872
23,697
20,370
20,1066
20,586
20,174
20,815
20,963
20,526
5,540
20,962
20,982
20,969
20,462
2,731
20,515
20,17
20,519
20,588
20,569
20,1052
2,417
20,483
20,51
20,384
2,477
20,999
23,1030
20,784
2,433
20,591
23,336
20,392
2,834
20,40
20,548
2,908
20,289
23,702
3,1069
20,467
20,558
20,653
20,986
20,701
20,957
20,131
20,386
20,93
20,383
20,704
23,937
20,60
2,749
20,248
20,992
20,998
20,275
23,488
20,823
20,748
2,930
20,974
20,414
23,1070
18,637
20,148
20,518
20,1083
20,11
20,692
20,829
2,745
20,77
20,165
20,208
20,582
20,1076
20,407
20,268
20,910
2,629
2,538
2,100
20,41
2,500
23,1053
20,902
20,403
20,271
23,777
20,422
2,318
20,647
20,752
20,627
2,116
20,21
20,665
20,197
20,878
20,26
20,266
20,184
20,228
20,130
20,796
20,442
20,198
23,158
20,859
20,193
20,686
20,983
20,755
20,549
20,338
20,634
20,111
20,567
20,264
20,200
2,984
6,280
20,465
20,724
2,133
20,373
20,779
20,429
20,455
20,738
2,129
23,753
23,658
2,1049
2,269
20,657
20,678
20,137
20,94
23,1051
20,180
2,973
20,923
16,168
20,82
20,672
20,1072
20,831
19,464
20,856
23,880
20,305
20,1045
20,64
20,747
20,126
20,344
20,185
5,52
20,602
20,537
20,49
20,211
20,949
20,640
23,257
20,938
20,800
2,1067
23,308
20,276
20,150
23,551
20,255
2,270
20,855
20,599
20,541
20,190
20,247
23,781
20,1078
2,351
2,294
20,231
20,950
20,38
20,710
2,1019
20,15
6,359
20,358
20,773
20,527
20,16
2,170
20,140
20,123
20,101
2,177
20,171
20,362
20,400
20,1057
20,533
20,934
20,470
2,1079
20,750
12,387
20,352
20,466
20,522
2,620
5,46
20,194
20,416
20,891
20,504
21,1035
23,1068
20,681
20,553
20,485
20,253
20,456
23,1055
20,566
20,61
19,1054
20,1024
1,142
2,797
20,994
20,664
5,926
20,408
20,330
2,899
20,727
20,735
2,864
20,439
20,997
20,431
2,405
20,218
20,457
20,1037
20,1
20,273
20,139
20,412
20,481
2,56
20,236
20,237
2,552
20,513
23,691
20,306
2,205
20,309
20,87
20,88
20,1011
20,598
20,873
20,286
20,1039
20,219
23,510
20,453
20,186
20,240
20,349
20,438
19,385
20,631
2,736
20,440
2,768
20,493
20,316
20,584
20,346
20,698
20,894
20,102
20,189
20,772
20,1073
20,571
20,107
20,643
2,641
20,472
20,105
20,486
20,684
2,154
20,722
20,213
20,885
20,556
20,562
20,434
2,1031
18,585
5,326
20,244
20,609
6,924
20,903
18,12
20,164
20,577
20,633
20,1004
17,981
20,261
20,119
20,708
2,895
2,766
23,532
2,729
20,311
19,415
20,117
20,733
23,181
15,304
20,786
20,265
20,990
20,1064
20,411
2,232
20,28
2,110
2,728
23,1026
20,157
20,397
20,966
20,9
20,616
23,579
20,764
20,685
20,372
23,673
20,333
20,757
20,915
2,876
20,808
2,628
23,709
20,354
2,475
23,917
20,699
2,78
2,919
20,890
20,389
20,932
20,474
20,447
20,794
20,278
20,543
20,788
20,887
20,223
23,210
20,564
20,274
2,325
20,1001
20,842
20,199
20,660
2,706
20,127
20,612
20,652
20,805
5,1040
2,529
20,839
20,113
23,536
20,645
19,249
20,479
20,298
1,751
20,288
20,30
20,222
20,365
20,509
20,104
2,700
18,630
20,822
2,141
18,828
20,587
20,505
20,619
20,977
20,378
20,832
20,811
2,611
20,874
23,568
20,146
20,920
20,542
2,350
20,857
22,516
2,1059
20,900
20,20
20,649
20,31
1,931
20,739
20,377
19,906
20,1046
19,226
20,36
18,928
23,323
2,970
20,83
20,322
20,689
2,79
20,1015
20,799
22,623
20,812
20,3
23,956
18,5
20,514
20,820
20,980
20,610
20,721
20,761
20,860
20,550
20,33
20,560
20,780
20,718
20,1023
20,1080
20,836
20,675
20,382
20,663
20,886
2,18
2,391
20,337
20,987
9,492
20,821
20,1006
20,865
2,804
20,203
20,838
20,725
20,1038
20,613
20,67
20,1025
20,889
20,507
10,65
5,207
20,531
20,357
20,662
2,25
20,693
23,559
2,898
20,499
2,368
20,47
20,654
20,14
20,50
20,539
20,84
2,503
20,904
20,570
20,679
20,759
20,1005
20,324
20,430
20,648
20,561
20,135
20,191
20,563
20,340
23,960
20,806
20,621
20,1012
2,687
2,953
20,952
20,284
20,458
20,89
20,331
2,737
20,604
20,290
13,233
4,23
20,120
20,339
20,35
20,978
20,367
20,775
2,420
20,841
2,668
20,574
20,818
20,511
20,925
20,332
20,151
20,256
20,871
20,907
20,844
20,741
20,734
2,712
20,312
23,803
20,600
20,845
20,227
20,787
20,86
22,108
20,975
20,192
20,214
20,614
20,921
20,517
20,1016
20,402
20,912
20,217
20,166
20,1082
23,879
20,361
20,711
20,303
20,390
20,715
20,272
20,638
20,487
20,694
20,355
20,421
20,136
20,971
20,63
20,347
20,299
20,789
20,870
20,95
20,216
2,601
20,670
1,792
20,62
