34,661
49,1045
34,845
34,943
34,19
36,1007
36,529
36,582
34,245
34,70
27,959
34,917
34,381
21,130
34,220
34,325
34,58
34,212
34,672
34,1051
39,568
34,564
34,1015
34,781
12,1108
34,924
34,448
18,969
34,125
34,1047
34,870
34,332
34,466
34,188
34,1091
34,541
34,153
34,983
34,1113
38,300
34,236
36,352
34,1072
34,532
34,309
34,454
23,645
34,1012
34,1080
34,504
21,1020
34,668
36,389
42,1023
36,221
38,839
34,627
34,98
28,974
34,1096
34,78
34,988
34,259
34,430
18,1018
42,322
36,402
34,772
28,403
34,800
34,74
34,633
34,339
34,1021
34,589
34,906
18,386
34,497
25,1062
34,357
34,767
34,301
34,795
34,796
34,651
34,283
34,306
34,976
34,435
34,416
34,30
34,656
34,975
34,88
34,86
34,1119
36,1041
34,918
34,330
58,686
34,13
34,869
34,955
12,683
34,610
34,216
34,35
11,342
34,262
34,292
34,714
34,272
34,496
34,937
4,565
33,63
5,289
34,328
34,827
34,1057
10,482
34,298
34,499
34,1010
34,29
34,821
34,23
45,36
34,360
34,436
36,569
3,535
34,468
34,741
34,903
34,785
34,296
34,788
34,794
34,982
47,546
34,234
34,539
34,780
34,495
34,590
34,119
34,464
34,542
32,742
34,1087
18,92
34,249
6,673
34,510
34,773
34,106
34,462
34,792
34,1016
34,992
36,160
34,347
15,629
34,1089
36,175
34,443
34,545
34,614
34,145
33,1000
31,952
34,609
34,786
34,358
37,71
34,485
34,494
34,1048
9,769
34,1100
34,604
34,12
36,928
33,498
34,1026
49,933
34,846
32,862
45,797
34,755
2,1044
34,174
34,970
34,782
34,690
34,385
34,812
34,240
4,947
44,225
34,849
32,1076
34,15
34,178
27,193
36,893
34,637
34,1111
15,916
34,689
34,1092
34,371
34,362
36,183
34,603
47,704
47,994
39,995
34,156
34,413
18,359
4,1046
34,543
34,914
32,688
34,68
34,202
34,151
34,138
29,528
34,660
34,133
34,577
34,61
34,675
21,287
21,428
34,1093
34,367
34,980
22,263
34,483
34,380
34,516
59,920
32,1013
36,155
34,885
34,343
34,575
36,22
34,76
34,479
34,843
34,401
34,815
34,404
34,874
34,438
34,653
34,168
34,314
34,808
34,87
34,484
34,440
34,1058
34,967
34,291
34,824
34,9
34,270
34,126
34,787
34,1053
49,60
34,771
36,101
36,320
34,214
34,33
34,470
34,676
34,418
7,818
34,853
34,157
34,1099
34,275
34,267
34,269
34,763
34,195
27,973
34,143
34,80
34,105
34,912
34,444
34,866
13,857
32,647
34,930
34,606
34,682
34,476
9,1088
34,747
34,73
34,75
34,186
42,599
34,285
34,445
34,702
44,311
34,957
34,159
34,748
34,667
34,394
34,613
34,960
34,290
34,829
34,113
34,327
34,602
34,149
12,209
34,353
7,46
34,399
39,945
34,527
34,181
34,396
34,801
23,958
34,208
34,366
34,764
34,446
34,759
34,941
34,997
36,1107
36,749
62,931
34,856
34,392
34,57
32,254
34,579
44,987
34,316
34,687
34,774
34,148
32,266
34,82
34,826
36,895
4,956
34,118
34,85
34,1008
34,41
34,894
34,662
21,789
34,880
41,4
34,1005
6,459
25,256
46,433
34,944
34,642
34,835
34,882
34,517
29,524
34,329
34,566
6,228
36,1106
34,1033
34,730
34,907
34,1098
4,1042
34,761
34,754
34,909
34,913
34,109
34,95
34,410
34,368
34,243
34,50
34,205
34,737
34,1090
34,232
4,278
34,34
34,929
34,1024
34,776
34,507
34,442
34,49
34,140
34,146
34,555
34,318
34,341
17,790
36,513
4,204
34,1049
34,258
36,573
34,805
34,708
34,695
34,457
34,199
21,103
34,94
36,972
34,692
34,891
32,836
34,405
26,522
34,182
34,191
34,585
34,873
34,425
34,276
34,584
36,757
34,230
30,1073
36,576
34,592
36,398
36,848
34,158
34,750
34,1068
34,634
34,1
34,552
46,850
34,758
34,1071
34,966
34,43
36,250
34,406
51,1035
34,112
23,649
34,307
21,493
34,173
21,429
50,1036
34,293
34,503
34,1067
46,703
34,491
34,833
49,1003
34,624
34,390
34,147
34,407
49,163
34,310
6,411
34,768
25,312
34,1040
34,122
34,194
34,694
34,544
34,593
34,538
34,261
34,315
47,550
49,1104
34,431
34,623
34,685
34,852
36,570
34,858
34,896
34,281
34,1056
34,953
34,233
34,678
36,170
12,583
34,571
34,134
34,321
34,939
34,144
29,299
34,99
34,334
34,1011
34,990
34,834
34,709
34,458
34,863
34,657
18,652
34,699
34,727
4,346
34,777
34,536
50,72
34,211
34,631
34,872
34,382
34,530
34,420
34,297
34,3
34,1081
40,842
10,1050
17,556
34,62
34,102
34,253
12,1074
32,337
34,1054
34,400
18,520
18,492
34,559
34,344
21,179
21,197
31,596
34,419
34,89
34,923
34,712
34,901
34,255
34,641
34,323
34,489
34,594
34,294
34,828
34,91
34,373
21,823
34,414
14,525
34,227
34,26
34,167
34,1009
34,696
34,241
1,526
32,717
34,224
34,137
34,165
34,932
34,1022
34,902
34,391
34,716
44,93
34,244
34,274
34,911
36,251
34,1029
34,1014
34,640
32,762
34,512
32,618
34,706
34,926
34,807
34,1094
32,900
34,177
34,409
43,456
34,351
34,1027
34,415
34,632
34,574
44,32
39,264
34,617
34,338
34,96
34,18
34,819
34,1061
34,508
7,655
34,114
34,940
34,783
34,427
7,90
47,239
34,934
22,31
34,480
34,1075
34,644
34,847
34,17
34,273
34,288
34,455
34,81
34,950
34,383
24,235
34,611
34,265
34,304
44,48
34,319
34,1082
34,691
22,936
34,825
34,551
34,169
34,369
20,129
29,1102
45,1001
49,659
34,441
34,27
34,809
12,523
10,875
34,505
34,260
34,892
34,282
34,733
11,1052
34,161
7,424
6,586
36,44
34,626
34,461
36,284
34,451
34,52
34,397
34,379
34,136
34,198
34,518
34,5
36,984
34,213
34,925
34,324
49,37
22,120
34,10
44,938
45,725
34,370
34,608
34,107
21,268
34,740
12,600
34,326
34,897
34,674
28,111
34,463
46,810
34,572
31,888
34,110
34,84
26,229
36,616
21,625
34,271
34,775
35,728
44,1097
34,765
21,64
34,417
34,395
23,820
34,1070
45,567
12,760
34,628
45,39
7,1069
60,1085
34,954
46,142
34,477
34,905
34,746
34,1039
34,948
17,965
39,363
34,511
34,345
34,968
34,908
34,998
42,743
32,38
21,722
34,305
34,375
4,595
34,45
34,620
34,83
34,196
34,1083
34,123
34,540
34,779
34,355
39,336
34,24
34,412
34,591
34,832
34,961
34,139
34,739
34,981
34,831
34,844
34,639
4,509
34,877
34,710
34,851
34,841
34,648
18,581
34,487
34,257
34,560
34,1095
34,899
34,919
23,472
34,135
18,20
34,646
34,643
34,502
34,127
22,533
28,1112
34,817
34,721
38,989
55,876
29,619
34,1101
33,1028
34,986
34,475
34,770
34,951
25,16
34,979
34,519
27,813
34,840
36,669
34,124
34,598
34,860
34,723
34,185
3,806
34,889
34,1006
34,116
34,171
34,868
34,303
34,189
7,437
34,946
34,226
34,203
34,607
34,554
34,605
61,150
36,354
34,752
34,588
34,890
34,612
34,985
34,361
34,247
34,563
34,172
34,715
34,1004
34,962
34,1055
34,348
34,279
3,166
15,252
34,162
34,364
34,450
11,7
34,184
36,55
34,514
34,719
21,861
18,8
34,426
22,816
33,131
34,6
34,878
49,280
34,452
34,349
34,248
34,1002
34,207
34,1066
36,991
26,693
34,465
12,453
34,97
46,506
45,681
34,42
57,1019
21,388
34,434
33,601
32,949
34,67
34,215
34,447
34,1043
34,53
34,422
34,1109
56,838
34,684
34,176
34,335
34,219
34,766
12,745
34,622
34,21
34,1037
34,802
34,40
15,56
34,1059
34,231
34,804
34,1110
19,384
34,664
34,521
34,449
34,547
34,374
54,964
8,460
34,713
34,478
34,883
34,378
11,738
34,1060
34,190
34,734
34,731
34,884
34,128
34,701
7,665
34,654
34,1084
34,1103
34,317
34,201
34,724
20,597
34,356
34,621
34,700
32,313
34,54
34,66
36,751
34,615
34,996
34,141
34,218
34,1030
34,1063
34,1025
34,636
34,217
34,500
34,1038
34,187
31,486
53,871
46,501
34,277
34,697
34,481
34,666
34,2
34,474
26,537
34,864
34,473
34,237
34,14
34,1114
17,720
21,1079
34,705
34,1077
34,978
34,578
34,753
34,471
32,51
34,562
34,372
34,432
34,238
34,887
36,561
34,726
21,993
34,798
34,867
47,242
34,1032
34,638
4,658
34,698
34,791
36,729
34,47
31,340
34,469
33,650
34,942
34,663
34,206
34,1116
34,295
34,814
34,1065
34,1078
34,11
34,439
13,718
34,879
36,971
34,711
34,799
34,69
34,59
34,490
47,79
34,811
34,377
34,803
34,921
47,898
18,886
22,1117
34,467
4,963
34,100
34,736
38,246
48,837
34,350
34,408
34,999
34,534
36,1064
34,778
34,223
34,200
34,1034
34,423
34,365
34,393
34,756
34,115
34,1086
34,117
36,679
34,935
34,630
34,830
38,635
46,286
34,735
34,333
47,680
4,387
27,376
36,488
34,154
34,854
34,132
34,822
34,192
34,587
34,922
34,553
34,881
34,515
21,732
27,904
21,1115
34,25
34,104
34,707
34,670
44,331
34,1017
4,302
34,108
34,859
34,677
34,927
34,580
34,671
34,121
34,548
34,180
34,308
34,152
34,28
34,784
34,1031
34,865
34,557
44,531
34,793
16,77
34,222
34,65
34,558
36,915
29,910
34,1118
34,210
34,164
21,855
12,1105
27,744
52,549
15,421
34,977
