31,421
33,411
5,17
5,207
26,476
5,513
26,681
26,700
24,279
26,147
17,149
26,428
5,636
5,327
5,187
26,585
26,440
26,441
26,638
26,60
26,677
26,416
26,240
26,113
26,384
26,132
5,110
5,152
17,604
26,321
5,399
5,610
26,169
26,219
5,594
26,20
26,77
26,5
26,64
26,204
26,400
26,339
5,503
26,167
26,622
9,499
26,362
26,473
26,103
5,527
26,508
5,635
5,666
26,216
5,7
5,612
26,454
5,232
26,260
26,693
5,526
17,497
5,252
26,439
26,262
26,221
26,511
26,16
5,229
26,41
26,280
17,698
26,554
26,128
4,540
26,114
26,494
5,561
26,304
26,154
24,684
26,39
26,600
26,261
5,40
5,184
26,97
10,354
26,423
26,76
5,139
15,21
5,530
10,437
26,597
26,118
26,356
26,290
5,544
3,386
5,65
26,697
26,583
26,688
5,195
16,501
5,200
20,73
26,82
26,611
26,89
17,317
26,571
26,448
26,49
5,133
26,430
26,98
26,276
26,521
16,319
5,447
26,663
26,183
3,263
17,312
15,54
26,71
24,696
26,202
26,690
26,102
26,652
17,628
17,302
26,655
24,538
5,496
26,672
5,461
5,433
26,178
5,123
5,575
26,648
5,584
26,590
26,479
26,617
26,182
26,664
26,609
26,602
26,514
17,436
5,486
26,488
26,190
26,640
26,326
26,413
26,268
26,369
5,676
26,57
26,649
26,593
26,83
26,429
26,485
26,298
26,553
17,425
26,30
26,287
22,160
26,460
26,517
26,644
5,542
17,328
26,373
26,87
26,365
5,558
17,667
26,157
5,408
26,380
26,427
5,42
26,581
26,468
5,464
26,224
26,104
26,596
26,25
26,606
26,38
26,237
26,34
26,492
26,574
1,475
17,36
26,174
5,306
5,407
5,406
13,415
5,142
26,153
26,417
26,375
26,355
20,493
26,599
26,136
5,539
26,342
5,569
28,96
26,310
26,59
26,536
5,598
5,168
26,370
26,226
19,177
26,145
26,463
26,565
10,213
26,686
26,699
26,196
26,389
26,469
5,378
5,311
5,404
5,238
5,10
36,608
26,284
33,336
26,165
5,466
26,297
26,22
26,682
28,452
26,158
21,247
5,673
26,502
25,481
26,434
26,351
26,577
26,591
5,374
26,67
26,545
26,692
26,381
24,19
26,403
5,573
26,172
5,74
5,665
5,507
26,314
29,45
26,119
26,265
26,451
26,296
5,225
5,151
26,193
26,159
8,18
26,490
24,680
26,131
26,201
19,528
5,236
5,579
17,658
26,394
26,632
26,376
26,117
26,689
10,446
26,385
26,519
26,95
26,124
5,391
26,197
17,350
36,641
26,345
26,214
26,148
26,26
5,251
26,582
5,605
26,529
26,161
8,624
26,668
5,661
26,24
5,509
26,555
26,309
26,472
26,218
26,359
26,379
25,215
5,477
26,163
5,230
20,533
5,111
26,150
26,66
5,419
11,33
26,397
24,639
24,601
26,387
26,267
5,551
26,289
17,683
5,675
5,171
17,516
26,199
26,120
5,410
24,643
26,162
26,44
26,239
11,458
5,637
26,694
33,37
5,691
26,409
5,371
5,631
26,115
5,48
5,512
17,303
26,130
26,524
26,343
24,325
26,234
26,198
26,272
26,630
5,398
26,295
26,324
26,233
26,570
8,642
26,462
26,618
26,438
26,68
26,266
5,192
26,8
29,456
26,443
27,84
5,109
26,12
5,51
5,255
26,495
26,47
26,634
26,249
16,179
5,175
26,270
26,90
5,299
26,619
26,253
26,281
26,79
26,483
26,607
26,80
26,23
26,285
26,189
26,383
26,301
3,705
26,203
24,258
26,70
17,701
26,166
5,562
26,505
17,170
26,323
26,335
26,654
26,414
16,316
5,412
26,278
26,651
5,331
26,471
26,329
26,259
26,392
26,254
26,223
5,515
26,678
5,137
24,550
26,620
26,9
26,341
29,81
5,288
26,269
26,623
9,687
26,445
5,340
26,467
14,674
26,420
15,552
26,578
26,372
26,353
26,129
26,390
5,470
26,449
24,277
26,629
26,108
29,333
26,217
26,256
26,176
5,556
26,291
26,231
26,1
9,566
26,588
5,520
26,2
17,248
26,626
5,360
26,679
26,670
5,246
26,308
5,589
26,349
10,346
26,206
26,422
26,426
26,62
26,173
26,11
5,557
26,564
5,671
26,307
26,532
26,135
8,126
26,580
10,535
26,134
26,72
26,368
5,29
26,703
26,294
26,181
26,704
28,186
26,482
26,155
10,112
26,401
33,121
26,106
5,702
12,431
26,534
5,459
26,92
26,127
26,257
26,361
26,334
5,510
17,53
26,337
18,548
17,85
26,78
5,650
26,522
26,480
26,320
10,344
26,322
5,366
26,275
26,621
5,498
5,271
5,4
5,241
24,567
26,563
24,180
26,465
26,242
26,364
23,633
17,367
26,27
5,537
5,487
26,377
26,191
5,292
17,282
26,525
31,50
5,101
2,86
26,61
26,592
26,660
5,559
26,543
26,208
26,143
5,243
26,405
24,474
26,15
17,245
26,695
26,283
26,659
26,613
26,442
5,3
6,116
32,546
37,52
26,250
26,315
5,35
26,627
26,586
5,227
26,393
26,347
26,305
26,156
26,146
26,576
26,185
10,547
26,13
26,332
26,489
26,99
26,657
26,188
26,32
26,164
26,395
5,194
5,14
5,424
5,662
26,435
26,549
26,264
24,58
5,500
26,228
24,274
26,656
5,273
33,138
5,352
26,685
30,141
26,572
26,244
26,220
5,122
26,432
26,348
26,595
26,444
26,63
26,91
26,43
26,330
26,6
26,55
26,402
6,358
5,293
4,614
26,531
26,105
5,93
26,455
26,69
13,31
26,212
26,396
5,140
5,388
26,313
5,560
5,625
26,222
5,209
26,484
26,646
26,450
26,616
26,56
26,615
7,144
35,107
17,28
26,363
26,210
24,645
26,587
26,75
26,647
28,100
34,125
26,418
26,669
26,235
26,541
26,506
5,603
26,491
24,300
26,94
26,88
26,518
26,286
26,382
26,318
26,504
5,46
26,478
26,453
26,338
26,357
26,523
26,568
16,205
17,211
17,653
26,457
