4,13
8,442
4,83
4,295
1,248
4,271
4,92
18,108
13,202
4,63
4,249
4,117
4,504
4,393
4,561
4,321
4,499
4,211
4,156
4,115
4,490
4,180
17,178
28,472
28,562
2,522
4,198
4,389
4,199
4,443
16,146
8,96
4,39
4,125
28,18
4,151
28,290
4,330
4,87
4,33
4,148
4,200
4,195
4,101
26,19
4,560
4,59
28,300
18,568
4,56
4,571
18,564
4,325
4,419
4,15
4,139
4,501
4,174
4,299
4,261
4,528
4,536
4,401
10,279
4,44
4,276
4,143
4,489
4,109
4,418
4,291
4,349
24,386
4,40
4,530
12,238
4,46
4,545
4,467
4,245
16,404
4,244
4,378
4,29
4,67
2,252
4,274
4,574
4,89
17,516
10,293
4,327
4,283
4,533
10,119
4,370
29,458
4,68
4,88
28,465
4,285
4,227
10,331
4,50
28,7
7,237
9,557
4,303
4,317
4,449
4,144
4,339
19,188
4,537
4,413
4,3
4,230
22,166
4,394
26,155
28,20
8,372
4,240
28,366
4,203
4,583
4,513
4,11
28,487
28,258
4,269
5,579
4,322
20,414
4,53
28,152
19,556
28,255
4,131
13,243
4,420
4,368
4,221
4,428
28,553
4,316
28,491
4,278
20,65
4,286
4,55
4,233
4,78
4,215
4,205
4,254
32,409
6,532
19,494
8,69
4,51
23,448
4,423
4,266
4,512
4,567
28,481
4,171
4,326
4,460
4,34
25,228
9,466
4,391
26,430
28,94
28,196
4,14
1,62
4,367
28,85
9,114
1,190
1,297
4,566
4,197
4,492
4,546
4,432
4,17
28,505
28,98
19,153
19,441
4,488
4,426
4,82
4,123
4,523
4,559
26,102
4,577
4,425
12,187
4,485
4,270
4,439
10,495
4,581
31,400
4,476
10,586
28,582
4,515
4,79
2,507
4,236
4,584
3,585
4,410
4,306
11,218
4,304
4,38
10,264
27,578
4,496
4,21
8,74
4,379
4,84
9,315
4,344
20,207
4,61
4,360
4,161
4,540
4,555
4,334
28,453
28,93
4,470
4,422
4,259
4,329
4,445
4,30
4,12
4,47
6,10
4,455
18,575
4,169
4,75
4,164
11,484
4,345
4,314
4,347
4,301
3,373
6,446
4,380
28,570
4,362
4,313
4,294
4,355
4,337
4,231
11,58
4,142
4,440
6,22
4,563
12,569
4,526
4,268
28,165
17,376
4,214
4,28
9,60
4,552
4,424
4,220
28,408
32,57
4,1
4,310
4,309
4,308
4,551
4,403
28,333
4,128
28,451
4,377
4,381
4,421
1,77
4,27
4,209
3,6
4,104
3,371
4,170
4,311
4,267
4,127
6,292
4,256
4,474
4,412
4,186
4,235
20,54
25,398
4,239
4,547
4,99
1,110
11,572
4,287
4,340
4,66
6,223
4,135
4,396
4,41
28,116
4,411
4,438
4,111
15,189
4,541
4,224
4,250
4,42
28,415
28,479
4,549
4,454
4,168
4,36
4,358
20,80
4,346
21,141
28,539
32,406
4,511
29,43
4,217
4,356
28,70
4,246
22,126
4,353
24,529
4,112
28,150
29,343
2,500
4,508
4,335
4,133
12,71
4,282
4,417
4,473
4,320
28,247
28,514
4,72
4,431
4,427
4,405
4,4
4,206
12,260
2,390
2,16
13,273
4,338
16,154
22,185
4,464
4,395
4,475
24,163
4,263
4,312
4,328
4,251
2,158
4,275
28,132
4,565
4,219
27,307
4,305
4,262
4,32
4,122
24,2
4,229
4,160
4,502
4,558
4,573
4,456
4,106
4,26
11,383
4,365
4,216
4,517
4,503
4,397
4,384
4,86
4,534
4,5
4,184
4,435
4,302
24,554
4,323
4,183
4,179
28,64
28,542
1,208
15,103
28,95
4,548
4,225
4,212
4,461
4,91
4,182
28,284
4,232
4,173
24,107
4,531
4,222
24,521
4,518
15,416
4,272
4,324
4,257
7,277
12,525
4,76
28,369
4,480
10,457
15,204
28,382
4,520
4,49
4,8
4,497
28,543
24,527
4,52
17,253
4,23
4,281
4,471
4,90
4,509
25,538
28,137
4,113
12,159
4,193
33,194
14,348
4,149
4,134
14,234
4,318
4,462
4,506
4,580
4,436
4,336
27,452
4,31
4,81
4,387
18,140
30,9
4,385
4,483
4,486
8,350
2,130
4,177
4,341
15,576
4,433
4,129
19,288
24,524
4,181
4,176
4,437
4,399
4,296
4,588
2,544
11,191
28,121
12,48
11,138
4,24
4,434
28,374
12,37
4,535
18,100
4,550
4,444
4,136
11,459
4,478
4,468
1,105
28,145
4,351
4,167
19,35
4,242
4,147
4,357
10,519
18,280
28,298
4,192
4,332
4,342
10,463
4,241
28,363
4,124
4,375
4,25
1,265
4,213
4,226
4,493
8,402
4,201
4,175
4,45
4,120
4,172
4,319
5,477
4,354
4,97
4,364
4,407
4,510
4,73
4,429
8,469
4,447
4,361
28,450
4,392
4,359
4,118
15,388
4,162
4,352
4,289
4,157
4,210
4,498
34,482
28,587
