77,50
109,293
50,579
62,100
41,701
99,607
69,264
120,587
41,525
85,128
29,688
6,545
113,663
71,99
52,245
75,19
43,294
144,574
70,676
71,185
131,308
71,523
70,632
41,239
72,590
86,123
115,356
148,665
166,389
115,130
81,698
32,555
83,639
69,337
35,442
154,320
159,67
71,338
125,23
127,76
71,168
49,227
45,329
48,105
74,679
31,418
155,692
17,388
57,289
70,54
162,146
109,524
6,491
70,385
73,396
55,612
31,154
70,435
48,155
112,699
70,591
72,458
35,381
16,284
116,296
9,554
70,420
97,61
71,498
71,97
72,374
59,642
109,58
102,156
102,530
70,536
28,118
129,459
14,392
76,478
16,474
71,110
109,626
39,553
167,275
41,589
65,397
47,304
72,288
83,428
63,602
79,34
39,666
39,286
66,497
100,7
70,162
172,229
70,522
70,519
97,283
50,425
130,208
169,176
70,278
41,166
40,684
122,125
31,126
70,266
32,473
42,334
72,22
11,623
41,20
55,363
130,38
70,41
125,343
45,492
81,421
109,69
70,453
32,470
71,14
71,82
38,187
70,219
84,494
70,496
97,371
176,313
125,70
169,234
41,189
109,661
126,465
43,350
45,572
42,355
144,159
31,624
2,391
88,596
80,431
70,615
87,89
120,167
134,71
126,62
45,565
15,113
37,311
70,611
70,315
70,25
169,317
109,307
71,55
91,613
48,647
69,490
136,621
64,346
76,508
71,655
72,95
70,387
45,237
171,297
153,449
29,164
15,506
57,680
15,357
71,232
82,594
76,566
106,87
167,592
42,645
106,520
80,4
58,265
70,700
100,556
71,410
125,322
71,694
141,91
125,436
125,196
45,599
88,486
45,345
63,367
31,401
95,316
42,72
19,178
169,548
49,544
44,443
82,165
124,249
50,80
41,390
71,600
111,648
32,16
109,45
109,353
156,603
31,298
109,511
20,468
41,549
44,636
71,593
82,1
109,261
173,259
126,244
31,92
36,177
46,204
70,220
41,33
69,90
109,183
41,416
65,145
8,121
71,31
167,9
48,618
64,617
107,695
70,448
147,135
10,231
105,86
122,383
79,115
70,217
39,228
100,408
175,5
76,207
35,472
43,106
45,609
3,446
48,24
41,483
126,475
88,558
7,669
79,255
44,675
79,580
48,140
157,378
70,181
62,672
71,269
131,439
31,199
42,291
124,323
148,112
171,399
125,505
36,570
69,93
29,335
14,246
71,84
52,450
150,664
125,429
125,94
71,107
70,463
125,649
69,499
160,405
69,127
70,557
35,274
42,562
29,225
70,153
70,460
14,414
70,424
64,627
78,678
142,268
25,197
133,584
152,57
14,224
69,214
109,481
124,109
72,46
70,142
32,454
134,479
72,309
104,512
71,111
35,605
72,502
59,32
72,641
149,375
94,359
70,210
104,124
63,659
42,422
89,364
89,569
113,373
168,441
110,690
70,601
156,488
34,537
18,348
106,559
71,638
39,411
24,250
70,35
70,314
109,290
149,63
109,689
148,331
71,413
57,417
60,361
67,11
12,292
35,276
125,172
71,404
118,252
57,509
74,169
123,151
71,139
70,660
65,120
126,43
32,527
53,466
29,193
130,195
71,682
33,515
96,260
125,218
60,203
10,251
91,138
55,17
71,640
116,487
33,262
70,254
32,59
98,161
138,696
42,44
8,236
116,542
70,202
109,42
41,471
125,226
70,622
51,577
64,88
70,610
70,102
76,206
72,567
70,3
167,386
109,543
132,528
70,685
69,534
52,504
42,691
156,500
60,56
121,116
18,370
30,49
38,625
22,174
125,437
41,352
114,344
61,551
35,631
21,184
34,398
31,279
89,576
80,620
34,634
70,461
125,438
70,15
71,360
33,464
28,257
31,564
71,144
115,194
103,325
69,415
39,324
125,26
72,10
169,129
163,635
148,147
70,646
63,552
57,160
52,369
42,604
169,469
33,477
70,445
76,319
125,175
93,152
41,546
26,173
41,64
64,81
39,48
114,568
125,79
71,295
31,277
151,303
115,216
111,526
70,462
70,200
37,412
52,485
19,550
40,332
88,403
71,347
45,582
121,670
78,517
90,616
71,447
49,300
41,423
71,77
70,336
41,687
6,697
90,406
70,12
32,476
97,541
31,53
97,595
41,258
109,532
21,529
60,368
43,241
33,114
146,66
68,588
70,379
71,233
147,83
71,158
96,484
71,339
69,73
70,382
40,535
55,230
112,122
32,305
97,563
54,221
39,341
64,575
147,136
67,2
45,597
145,394
78,211
32,674
165,215
116,212
44,533
170,52
27,328
143,677
71,656
62,457
126,209
71,13
70,326
70,501
70,60
20,179
45,333
54,662
4,182
70,238
145,578
5,426
109,27
54,456
109,30
70,547
33,451
101,585
125,409
136,321
6,312
49,242
54,514
76,65
70,380
15,637
114,652
76,619
78,651
18,372
56,614
91,608
69,351
70,75
70,74
61,653
38,427
41,96
35,186
144,247
125,538
36,480
109,482
88,68
72,503
65,650
50,131
17,101
33,376
39,495
158,365
71,198
128,583
70,6
109,693
52,243
46,108
107,354
70,467
42,402
147,148
12,8
95,349
31,561
114,430
137,657
70,539
9,444
69,133
70,281
70,273
65,407
77,191
65,384
7,119
72,192
109,282
125,366
63,419
75,39
33,285
69,673
74,598
92,188
32,452
139,270
70,205
119,306
41,521
50,668
72,223
70,137
68,256
117,358
72,150
27,573
41,40
41,78
116,493
52,507
67,240
46,581
71,681
72,489
57,510
69,531
31,18
178,560
140,141
170,434
56,342
70,28
170,271
52,318
84,340
78,280
116,455
35,163
70,540
43,586
32,310
70,149
154,654
163,190
62,629
91,299
68,606
75,377
40,518
97,667
116,395
116,301
102,267
135,21
66,683
108,362
125,117
174,103
33,400
45,213
71,330
106,263
70,36
39,643
70,47
69,171
132,302
126,37
41,571
13,287
177,51
42,686
125,432
109,157
41,134
70,440
108,201
31,104
70,630
64,516
146,633
44,272
131,170
71,98
54,222
161,658
23,180
70,85
34,393
33,235
54,327
70,644
122,433
63,703
41,513
48,29
22,628
70,671
70,132
62,248
70,143
1,702
164,253
