25,13
44,442
25,83
18,295
5,248
29,271
25,92
83,108
65,202
25,63
25,249
25,117
25,504
25,393
25,561
15,321
25,499
25,211
25,156
25,115
25,490
25,180
78,178
120,472
114,562
8,522
29,198
25,389
25,199
25,443
76,146
44,96
25,39
25,125
117,18
21,151
121,290
25,330
25,87
25,33
29,148
28,200
22,195
25,101
107,19
25,560
25,59
120,300
83,568
25,56
25,571
82,564
25,325
29,419
25,15
25,139
25,501
25,174
25,299
25,261
25,528
25,536
25,401
50,279
25,44
29,276
25,143
25,489
25,109
23,418
34,291
19,349
99,386
25,40
25,530
61,238
29,46
25,545
25,467
21,245
76,404
25,244
25,378
25,29
25,67
6,252
25,274
25,574
25,89
80,516
51,293
25,327
25,283
25,533
50,119
25,370
125,458
25,68
29,88
119,465
25,285
25,227
50,331
29,50
118,7
42,237
47,557
25,303
25,317
29,449
28,144
23,339
85,188
25,537
25,413
28,3
25,230
95,166
25,394
106,155
120,20
44,372
25,240
110,366
25,203
23,583
29,513
24,11
120,487
120,258
25,269
38,579
34,322
91,414
29,53
122,152
86,556
120,255
25,131
66,243
21,420
25,368
25,221
25,428
118,553
25,316
115,491
25,278
92,65
23,286
25,55
25,233
25,78
15,215
25,205
25,254
131,409
40,532
89,494
45,69
25,51
97,448
36,423
25,266
25,512
25,567
117,481
21,171
25,326
29,460
25,34
104,228
48,466
25,391
108,430
120,94
120,196
25,14
1,62
25,367
120,85
49,114
2,190
4,297
16,566
29,197
25,492
25,546
28,432
25,17
120,505
112,98
88,153
90,441
25,488
25,426
25,82
25,123
25,523
25,559
108,102
25,577
25,425
63,187
25,485
18,270
25,439
50,495
29,581
128,400
25,476
50,586
113,582
25,515
25,79
10,507
23,236
25,584
12,585
25,410
25,306
52,218
29,304
28,38
50,264
109,578
25,496
25,21
45,74
25,379
25,84
49,315
25,344
91,207
29,61
25,360
25,161
25,540
29,555
25,334
111,453
117,93
25,470
25,422
25,259
23,329
19,445
25,30
25,12
28,47
40,10
25,455
81,575
25,169
25,75
29,164
57,484
25,345
25,314
18,347
25,301
14,373
39,446
25,380
113,570
25,362
29,313
25,294
25,355
25,337
25,231
55,58
15,142
25,440
41,22
25,563
60,569
25,526
25,268
124,165
78,376
34,214
25,28
49,60
25,552
25,424
29,220
120,408
129,57
25,1
25,310
29,309
25,308
25,551
25,403
120,333
25,128
112,451
25,377
25,381
25,421
3,77
25,27
25,209
13,6
25,104
12,371
25,170
25,311
25,267
29,127
39,292
25,256
25,474
25,412
25,186
25,235
93,54
103,398
33,239
25,547
25,99
3,110
56,572
25,287
25,340
25,66
39,223
25,135
25,396
25,41
112,116
24,411
25,438
34,111
70,189
25,541
15,224
25,250
29,42
120,415
111,479
31,549
25,454
25,168
21,36
25,358
92,80
25,346
94,141
118,539
130,406
23,511
125,43
25,217
23,356
115,70
21,246
95,126
25,353
101,529
25,112
110,150
126,343
9,500
25,508
25,335
25,133
62,71
25,282
29,417
25,473
25,320
121,247
114,514
25,72
27,431
25,427
25,405
25,4
27,206
63,260
8,390
7,16
67,273
25,338
77,154
96,185
25,464
15,395
25,475
102,163
25,263
25,312
35,328
29,251
11,158
29,275
120,132
25,565
25,219
109,307
26,305
25,262
20,32
21,122
98,2
25,229
25,160
25,502
28,558
29,573
25,456
25,106
28,26
55,383
32,365
25,216
25,517
25,503
27,397
25,384
25,86
25,534
25,5
25,184
19,435
25,302
100,554
25,323
19,183
25,179
120,64
121,542
4,208
71,103
120,95
28,548
25,225
25,212
25,461
25,91
25,182
119,284
25,232
25,173
101,107
25,531
25,222
101,521
27,518
72,416
25,272
30,324
25,257
43,277
58,525
25,76
122,369
25,480
50,457
74,204
111,382
17,520
25,49
25,8
25,497
118,543
100,527
25,52
79,253
25,23
32,281
29,471
35,90
25,509
105,538
123,137
28,113
59,159
25,193
132,194
69,348
25,149
25,134
68,234
25,318
25,462
25,506
25,580
25,436
25,336
109,452
25,31
25,81
25,387
83,140
127,9
25,385
34,483
25,486
46,350
11,130
25,177
25,341
73,576
25,433
34,129
87,288
98,524
21,181
25,176
25,437
19,399
25,296
25,588
11,544
54,191
116,121
64,48
53,138
25,24
25,434
120,374
60,37
25,535
84,100
25,550
23,444
25,136
52,459
25,478
25,468
5,105
121,145
25,351
25,167
87,35
21,242
25,147
28,357
50,519
83,280
120,298
25,192
25,332
29,342
50,463
28,241
119,363
26,124
25,375
25,25
3,265
25,213
25,226
25,493
46,402
25,201
25,175
25,45
25,120
25,172
25,319
37,477
25,354
25,97
25,364
25,407
25,510
25,73
29,429
46,469
25,447
25,361
120,450
25,392
25,359
25,118
75,388
25,162
25,352
25,289
25,157
25,210
25,498
133,482
120,587
