24,564
67,532
67,151
67,452
67,372
53,475
35,422
67,539
54,476
109,88
113,593
67,210
67,507
67,78
27,596
67,65
67,509
100,220
54,99
54,165
62,279
67,84
67,196
58,310
110,406
67,521
108,296
71,12
67,79
67,407
66,16
75,303
67,558
68,23
67,625
23,392
54,340
110,4
66,216
117,365
7,209
12,515
67,56
67,437
67,562
67,234
109,120
32,546
114,627
33,351
67,495
66,371
67,529
33,344
40,395
67,439
67,145
66,149
20,277
24,519
24,482
24,161
57,300
98,366
67,110
67,584
61,606
67,187
67,350
84,294
52,308
21,53
24,347
71,283
58,43
96,213
107,607
67,360
67,173
75,223
67,465
67,45
66,585
67,413
67,536
53,218
13,158
67,321
67,200
54,621
24,569
67,81
74,224
99,111
74,66
85,493
67,114
105,46
67,178
110,212
81,113
98,487
40,469
66,89
53,115
102,13
79,135
66,333
112,8
67,500
67,597
53,97
67,555
67,228
67,592
64,44
67,280
63,622
47,603
67,5
3,259
114,570
30,57
37,619
24,22
93,17
68,510
82,3
66,561
95,69
75,324
24,260
30,553
48,383
67,281
67,291
68,82
25,26
24,479
6,602
83,342
115,315
21,85
30,363
67,236
79,30
12,498
102,29
67,225
66,524
67,313
16,468
37,573
118,198
73,626
70,444
62,580
67,238
75,335
67,533
67,289
51,176
66,586
25,245
67,591
24,249
68,471
67,599
1,168
3,620
24,33
66,528
67,282
34,401
24,192
67,269
87,35
67,51
110,2
36,298
52,136
39,214
64,385
57,560
47,359
25,292
67,615
42,484
24,550
99,257
31,480
67,429
74,556
36,92
12,425
67,117
24,409
67,322
58,554
67,472
21,450
68,445
24,514
110,325
41,263
60,217
84,527
59,68
67,604
67,440
52,14
67,160
67,104
67,587
64,577
67,456
67,108
67,631
111,448
67,629
87,618
74,301
67,581
67,39
67,497
54,58
24,364
67,397
53,163
2,424
68,458
24,339
40,382
67,150
24,361
67,31
22,457
67,540
56,582
101,567
9,172
53,490
33,434
3,83
67,253
35,346
54,415
53,129
67,511
74,52
1,594
3,167
66,202
55,34
21,137
3,605
67,231
50,127
67,600
67,537
71,410
86,544
67,288
73,116
47,305
53,183
88,215
24,595
67,338
45,156
74,508
75,157
26,21
55,118
54,461
12,67
67,75
54,624
67,24
67,428
67,199
67,208
67,206
105,502
57,28
74,261
52,74
69,278
67,19
75,247
67,394
67,90
39,20
67,473
50,9
67,489
17,275
67,37
53,226
67,357
66,6
114,229
67,266
24,248
64,86
72,504
104,105
67,571
110,242
67,112
53,417
75,311
67,299
46,254
67,274
114,535
24,181
18,464
57,211
3,71
67,370
67,393
26,513
67,408
67,389
24,486
10,334
102,287
17,239
106,427
21,184
3,285
67,319
52,63
67,566
105,387
104,551
65,542
66,270
67,447
33,531
67,314
25,265
67,185
14,119
66,134
67,549
104,380
101,295
67,258
67,162
1,193
118,250
24,286
24,430
26,93
54,572
35,222
67,95
67,377
66,271
18,155
67,412
66,264
67,272
67,462
30,557
40,159
8,131
52,312
67,80
67,32
12,290
27,390
72,579
12,306
74,375
3,608
115,388
50,496
33,146
66,107
67,399
24,207
67,518
3,70
57,96
77,101
52,559
75,128
31,141
67,177
52,221
54,262
67,609
99,474
66,267
39,483
80,543
19,188
67,354
1,491
21,1
91,268
39,189
67,326
67,416
52,598
67,197
68,73
114,235
73,125
67,203
29,435
66,227
24,494
53,61
25,91
24,355
102,304
24,530
67,545
33,421
66,526
67,132
101,432
57,588
58,139
67,610
74,523
97,438
24,171
39,481
66,419
24,166
39,384
67,317
24,62
67,175
67,60
39,232
113,630
39,343
67,454
67,418
99,449
44,164
66,186
25,138
67,520
118,201
67,331
115,72
25,143
17,403
66,255
66,576
66,237
40,517
110,36
61,273
75,356
92,616
52,323
67,15
110,374
103,485
67,601
67,613
3,414
67,362
67,318
54,522
88,455
67,329
67,297
20,506
94,512
67,400
67,59
24,477
67,345
89,501
67,568
28,152
52,195
67,376
3,147
54,276
66,42
24,373
114,87
67,628
24,293
67,534
78,525
66,611
67,552
38,405
67,590
14,182
71,436
39,441
53,443
3,503
19,433
67,398
70,368
67,55
67,459
66,233
19,103
52,617
67,124
67,538
11,153
23,499
84,205
67,180
21,194
67,50
18,341
24,54
67,381
39,423
24,243
67,548
67,174
67,246
24,7
44,358
67,133
67,123
39,144
52,367
67,191
68,391
37,48
67,505
66,332
114,488
45,121
43,386
68,320
24,170
67,252
101,589
33,256
49,378
67,470
45,244
39,402
67,251
67,352
67,169
67,230
75,632
67,369
81,41
67,140
67,612
67,327
114,241
67,516
107,49
57,122
66,563
15,541
67,492
67,316
53,302
74,411
67,11
90,442
112,623
21,575
66,109
116,219
76,614
67,204
66,100
66,179
104,38
67,460
67,25
67,466
66,309
24,47
3,10
39,578
67,633
67,40
67,379
66,453
64,142
67,77
67,565
24,27
67,353
68,451
29,154
67,148
67,420
67,328
68,106
67,467
67,349
77,240
86,426
24,547
39,583
5,307
29,337
111,348
67,284
26,98
37,336
66,330
67,94
67,396
67,446
67,190
112,64
58,102
67,18
67,126
67,463
13,478
66,76
24,130
66,431
4,404
116,574
