21,421
23,411
4,17
4,207
18,476
4,513
18,681
18,700
18,279
18,147
13,149
18,428
4,636
4,327
4,187
18,585
18,440
18,441
18,638
18,60
18,677
18,416
18,240
18,113
18,384
18,132
4,110
4,152
13,604
18,321
4,399
4,610
18,169
18,219
4,594
18,20
18,77
18,5
18,64
18,204
18,400
18,339
4,503
18,167
18,622
6,499
18,362
18,473
18,103
4,527
18,508
4,635
4,666
18,216
4,7
4,612
18,454
4,232
18,260
18,693
4,526
13,497
4,252
18,439
18,262
18,221
18,511
18,16
4,229
18,41
18,280
13,698
18,554
18,128
4,540
18,114
18,494
4,561
18,304
18,154
18,684
18,39
18,600
18,261
4,40
4,184
18,97
7,354
18,423
18,76
4,139
12,21
4,530
7,437
18,597
18,118
18,356
18,290
4,544
3,386
4,65
18,697
18,583
18,688
4,195
13,501
4,200
16,73
18,82
18,611
18,89
13,317
18,571
18,448
18,49
4,133
18,430
18,98
18,276
18,521
13,319
4,447
18,663
18,183
3,263
13,312
12,54
18,71
18,696
18,202
18,690
18,102
18,652
13,628
13,302
18,655
18,538
4,496
18,672
4,461
4,433
18,178
4,123
4,575
18,648
4,584
18,590
18,479
18,617
18,182
18,664
18,609
18,602
18,514
13,436
4,486
18,488
18,190
18,640
18,326
18,413
18,268
18,369
4,676
18,57
18,649
18,593
18,83
18,429
18,485
18,298
18,553
13,425
18,30
18,287
16,160
18,460
18,517
18,644
4,542
13,328
18,373
18,87
18,365
4,558
13,667
18,157
4,408
18,380
18,427
4,42
18,581
18,468
4,464
18,224
18,104
18,596
18,25
18,606
18,38
18,237
18,34
18,492
18,574
1,475
13,36
18,174
4,306
4,407
4,406
10,415
4,142
18,153
18,417
18,375
18,355
16,493
18,599
18,136
4,539
18,342
4,569
18,96
18,310
18,59
18,536
4,598
4,168
18,370
18,226
15,177
18,145
18,463
18,565
7,213
18,686
18,699
18,196
18,389
18,469
4,378
4,311
4,404
4,238
4,10
26,608
18,284
23,336
18,165
4,466
18,297
18,22
18,682
18,452
18,158
16,247
4,673
18,502
18,481
18,434
18,351
18,577
18,591
4,374
18,67
18,545
18,692
18,381
18,19
18,403
4,573
18,172
4,74
4,665
4,507
18,314
19,45
18,119
18,265
18,451
18,296
4,225
4,151
18,193
18,159
6,18
18,490
18,680
18,131
18,201
15,528
4,236
4,579
13,658
18,394
18,632
18,376
18,117
18,689
7,446
18,385
18,519
18,95
18,124
4,391
18,197
13,350
26,641
18,345
18,214
18,148
18,26
4,251
18,582
4,605
18,529
18,161
6,624
18,668
4,661
18,24
4,509
18,555
18,309
18,472
18,218
18,359
18,379
18,215
4,477
18,163
4,230
16,533
4,111
18,150
18,66
4,419
8,33
18,397
18,639
18,601
18,387
18,267
4,551
18,289
13,683
4,675
4,171
13,516
18,199
18,120
4,410
18,643
18,162
18,44
18,239
8,458
4,637
18,694
23,37
4,691
18,409
4,371
4,631
18,115
4,48
4,512
13,303
18,130
18,524
18,343
18,325
18,234
18,198
18,272
18,630
4,398
18,295
18,324
18,233
18,570
6,642
18,462
18,618
18,438
18,68
18,266
4,192
18,8
19,456
18,443
18,84
4,109
18,12
4,51
4,255
18,495
18,47
18,634
18,249
13,179
4,175
18,270
18,90
4,299
18,619
18,253
18,281
18,79
18,483
18,607
18,80
18,23
18,285
18,189
18,383
18,301
3,705
18,203
18,258
18,70
13,701
18,166
4,562
18,505
13,170
18,323
18,335
18,654
18,414
13,316
4,412
18,278
18,651
4,331
18,471
18,329
18,259
18,392
18,254
18,223
4,515
18,678
4,137
18,550
18,620
18,9
18,341
19,81
4,288
18,269
18,623
6,687
18,445
4,340
18,467
11,674
18,420
12,552
18,578
18,372
18,353
18,129
18,390
4,470
18,449
18,277
18,629
18,108
19,333
18,217
18,256
18,176
4,556
18,291
18,231
18,1
6,566
18,588
4,520
18,2
13,248
18,626
4,360
18,679
18,670
4,246
18,308
4,589
18,349
7,346
18,206
18,422
18,426
18,62
18,173
18,11
4,557
18,564
4,671
18,307
18,532
18,135
6,126
18,580
7,535
18,134
18,72
18,368
4,29
18,703
18,294
18,181
18,704
18,186
18,482
18,155
7,112
18,401
23,121
18,106
4,702
9,431
18,534
4,459
18,92
18,127
18,257
18,361
18,334
4,510
13,53
18,337
14,548
13,85
18,78
4,650
18,522
18,480
18,320
7,344
18,322
4,366
18,275
18,621
4,498
4,271
4,4
4,241
18,567
18,563
18,180
18,465
18,242
18,364
17,633
13,367
18,27
4,537
4,487
18,377
18,191
4,292
13,282
18,525
21,50
4,101
2,86
18,61
18,592
18,660
4,559
18,543
18,208
18,143
4,243
18,405
18,474
18,15
13,245
18,695
18,283
18,659
18,613
18,442
4,3
4,116
22,546
27,52
18,250
18,315
4,35
18,627
18,586
4,227
18,393
18,347
18,305
18,156
18,146
18,576
18,185
7,547
18,13
18,332
18,489
18,99
18,657
18,188
18,32
18,164
18,395
4,194
4,14
4,424
4,662
18,435
18,549
18,264
18,58
4,500
18,228
18,274
18,656
4,273
23,138
4,352
18,685
20,141
18,572
18,244
18,220
4,122
18,432
18,348
18,595
18,444
18,63
18,91
18,43
18,330
18,6
18,55
18,402
4,358
4,293
4,614
18,531
18,105
4,93
18,455
18,69
10,31
18,212
18,396
4,140
4,388
18,313
4,560
4,625
18,222
4,209
18,484
18,646
18,450
18,616
18,56
18,615
5,144
25,107
13,28
18,363
18,210
18,645
18,587
18,75
18,647
18,100
24,125
18,418
18,669
18,235
18,541
18,506
4,603
18,491
18,300
18,94
18,88
18,518
18,286
18,382
18,318
18,504
4,46
18,478
18,453
18,338
18,357
18,523
18,568
13,205
13,211
13,653
18,457
