59,50
86,293
37,579
46,100
32,701
79,607
52,264
93,587
32,525
66,128
23,688
5,545
88,663
53,99
38,245
57,19
33,294
114,574
52,676
53,185
104,308
53,523
52,632
32,239
54,590
67,123
89,356
118,665
134,389
89,130
62,698
25,555
64,639
52,337
28,442
123,320
127,67
53,338
98,23
100,76
53,168
36,227
34,329
36,105
56,679
25,418
124,692
14,388
42,289
52,54
130,146
86,524
5,491
52,385
55,396
41,612
25,154
52,435
36,155
88,699
52,591
54,458
28,381
13,284
90,296
8,554
52,420
78,61
53,498
53,97
54,374
44,642
86,58
82,156
82,530
52,536
22,118
102,459
12,392
58,478
13,474
53,110
86,626
31,553
135,275
32,589
48,397
35,304
54,288
64,428
46,602
60,34
31,666
31,286
49,497
80,7
52,162
139,229
52,522
52,519
78,283
37,425
103,208
137,176
52,278
32,166
31,684
95,125
25,126
52,266
25,473
32,334
54,22
10,623
32,20
41,363
103,38
52,41
98,343
34,492
62,421
86,69
52,453
25,470
53,14
53,82
30,187
52,219
65,494
52,496
78,371
143,313
98,70
137,234
32,189
86,661
99,465
33,350
34,572
32,355
114,159
25,624
2,391
69,596
61,431
52,615
68,89
93,167
106,71
99,62
34,565
13,113
29,311
52,611
52,315
52,25
137,317
86,307
53,55
72,613
36,647
52,490
108,621
47,346
58,508
53,655
54,95
52,387
34,237
139,297
122,449
23,164
13,506
42,680
13,357
53,232
63,594
58,566
85,87
135,592
32,645
85,520
61,4
43,265
52,700
80,556
53,410
98,322
53,694
111,91
98,436
98,196
34,599
69,486
34,345
46,367
25,401
76,316
32,72
16,178
137,548
36,544
33,443
63,165
97,249
37,80
32,390
53,600
87,648
25,16
86,45
86,353
125,603
25,298
86,511
16,468
32,549
33,636
53,593
63,1
86,261
140,259
99,244
25,92
29,177
35,204
52,220
32,33
52,90
86,183
32,416
48,145
7,121
53,31
135,9
36,618
47,617
85,695
52,448
117,135
9,231
84,86
95,383
60,115
52,217
31,228
80,408
142,5
58,207
28,472
33,106
34,609
3,446
36,24
32,483
99,475
69,558
6,669
60,255
33,675
60,580
36,140
125,378
52,181
46,672
53,269
104,439
25,199
32,291
97,323
118,112
139,399
98,505
29,570
52,93
23,335
12,246
53,84
38,450
120,664
98,429
98,94
53,107
52,463
98,649
52,499
128,405
52,127
52,557
28,274
32,562
23,225
52,153
52,460
12,414
52,424
47,627
59,678
112,268
20,197
105,584
122,57
12,224
52,214
86,481
97,109
54,46
52,142
25,454
106,479
54,309
83,512
53,111
28,605
54,502
44,32
54,641
119,375
75,359
52,210
83,124
46,659
32,422
70,364
70,569
88,373
136,441
86,690
52,601
125,488
27,537
15,348
85,559
53,638
31,411
19,250
52,35
52,314
86,290
119,63
86,689
118,331
53,413
42,417
45,361
50,11
11,292
28,276
98,172
53,404
91,252
42,509
56,169
96,151
53,139
52,660
48,120
99,43
25,527
39,466
23,193
103,195
53,682
26,515
77,260
98,218
45,203
9,251
72,138
41,17
53,640
90,487
26,262
52,254
25,59
78,161
110,696
32,44
7,236
90,542
52,202
86,42
32,471
98,226
52,622
37,577
47,88
52,610
52,102
58,206
54,567
52,3
135,386
86,543
105,528
52,685
52,534
38,504
32,691
125,500
45,56
94,116
15,370
24,49
30,625
18,174
98,437
32,352
89,344
46,551
28,631
17,184
27,398
25,279
70,576
61,620
27,634
52,461
98,438
52,15
53,360
26,464
22,257
25,564
53,144
89,194
82,325
52,415
31,324
98,26
54,10
137,129
131,635
118,147
52,646
46,552
42,160
38,369
32,604
137,469
26,477
52,445
58,319
98,175
74,152
32,546
20,173
32,64
47,81
31,48
89,568
98,79
53,295
25,277
121,303
89,216
87,526
52,462
52,200
29,412
38,485
16,550
31,332
69,403
53,347
34,582
94,670
59,517
71,616
53,447
36,300
32,423
53,77
52,336
32,687
5,697
71,406
52,12
25,476
78,541
25,53
78,595
32,258
86,532
17,529
45,368
33,241
26,114
116,66
51,588
52,379
53,233
117,83
53,158
77,484
53,339
52,73
52,382
31,535
41,230
88,122
25,305
78,563
40,221
31,341
47,575
117,136
50,2
34,597
115,394
59,211
25,674
133,215
90,212
33,533
138,52
21,328
113,677
53,656
46,457
99,209
53,13
52,326
52,501
52,60
16,179
34,333
40,662
4,182
52,238
115,578
4,426
86,27
40,456
86,30
52,547
26,451
81,585
98,409
108,321
5,312
36,242
40,514
58,65
52,380
13,637
89,652
58,619
59,651
15,372
42,614
72,608
52,351
52,75
52,74
46,653
30,427
32,96
28,186
114,247
98,538
29,480
86,482
69,68
54,503
48,650
37,131
14,101
26,376
31,495
126,365
53,198
101,583
52,6
86,693
38,243
35,108
85,354
52,467
32,402
117,148
11,8
76,349
25,561
89,430
109,657
52,539
8,444
52,133
52,281
52,273
48,407
59,191
48,384
6,119
54,192
86,282
98,366
46,419
57,39
26,285
52,673
56,598
73,188
25,452
110,270
52,205
92,306
32,521
37,668
54,223
52,137
51,256
90,358
54,150
21,573
32,40
32,78
90,493
38,507
50,240
35,581
53,681
54,489
42,510
52,531
25,18
145,560
111,141
138,434
42,342
52,28
138,271
38,318
65,340
59,280
90,455
28,163
52,540
33,586
25,310
52,149
123,654
131,190
46,629
72,299
51,606
57,377
31,518
78,667
90,395
90,301
82,267
107,21
49,683
86,362
98,117
141,103
26,400
34,213
53,330
85,263
52,36
31,643
52,47
52,171
105,302
99,37
32,571
11,287
144,51
32,686
98,432
86,157
32,134
52,440
86,201
25,104
52,630
47,516
116,633
33,272
104,170
53,98
40,222
129,658
19,180
52,85
27,393
26,235
40,327
52,644
95,433
46,703
32,513
36,29
18,628
52,671
52,132
46,248
52,143
1,702
132,253
