3,876
18,323
3,808
3,836
3,109
3,992
3,40
8,214
3,320
3,216
10,554
3,32
3,434
3,68
3,447
3,117
3,957
3,664
10,645
3,1032
3,427
3,668
3,340
10,888
3,505
3,342
11,170
3,360
3,330
3,891
3,287
3,1063
10,278
3,970
3,913
3,682
3,972
3,654
3,243
3,419
3,266
3,141
3,739
3,828
1,319
3,380
3,501
3,916
3,293
3,908
10,968
3,364
10,1076
3,658
3,730
3,47
3,306
8,571
3,722
3,296
3,871
3,446
11,387
3,77
6,963
3,366
3,1056
3,1089
3,173
3,971
3,846
3,678
3,897
7,816
3,1017
10,939
3,308
15,561
1,921
3,202
3,748
3,17
3,583
3,70
3,404
3,529
3,1009
3,852
3,787
3,1000
3,414
10,85
3,494
10,98
10,814
3,585
3,378
3,185
3,488
8,254
7,316
3,261
3,1012
3,149
8,745
3,262
3,524
10,268
3,270
3,448
10,339
10,207
3,646
8,450
3,934
7,178
3,684
3,399
7,28
3,99
10,917
3,246
10,784
3,1027
8,406
3,424
3,652
10,482
8,914
3,1030
3,826
3,827
3,245
3,12
3,299
3,562
3,423
3,283
10,203
3,525
3,769
3,979
3,647
3,159
10,783
3,998
3,679
8,29
3,721
3,73
3,560
3,800
2,744
3,749
3,142
3,81
3,1052
3,1072
3,703
10,490
8,620
3,631
10,1037
3,956
3,1008
3,1071
3,162
3,210
3,523
3,305
3,38
3,499
3,535
3,55
3,1069
12,747
3,1088
3,1082
3,929
3,1
7,742
3,23
3,536
3,579
3,187
3,297
3,750
3,39
3,157
3,215
3,115
3,756
3,665
3,978
10,983
3,773
3,75
7,1059
3,697
3,41
3,303
3,568
3,1002
3,941
3,660
3,731
3,107
3,417
8,875
3,186
3,1084
10,1020
3,411
3,812
3,223
3,97
3,96
8,442
7,588
3,355
3,151
11,251
3,344
3,405
3,902
3,1014
8,623
3,946
7,779
3,233
10,926
3,767
3,5
10,509
3,774
3,889
3,644
3,72
3,666
3,880
3,272
3,648
3,489
3,843
3,612
3,1004
6,782
8,291
3,179
3,589
3,503
3,1053
3,729
3,34
3,943
3,763
3,858
3,363
10,346
3,250
3,418
3,596
3,952
3,977
10,496
3,553
3,847
3,1054
3,211
3,694
3,59
3,240
7,1041
3,985
3,361
3,960
3,260
3,539
3,771
10,1085
10,50
3,1083
3,918
10,996
3,518
3,1077
3,415
10,236
10,298
3,1060
3,574
3,691
3,903
10,274
3,362
3,436
3,840
3,878
3,777
3,801
3,522
3,60
3,237
10,313
3,1003
3,1013
3,899
3,639
3,217
9,877
3,630
3,1044
3,166
3,923
3,1023
3,391
3,822
10,607
3,35
3,208
3,549
7,760
3,988
11,622
10,656
4,605
3,942
10,147
3,230
3,636
3,540
3,425
3,56
10,629
10,3
3,235
3,172
11,1022
3,348
3,124
3,311
3,904
19,420
3,354
3,794
3,394
6,527
3,781
13,189
3,200
3,825
3,1016
8,174
3,820
3,659
3,728
6,716
3,22
3,228
3,866
3,441
3,993
3,920
3,21
3,66
3,86
10,445
3,437
3,621
3,7
10,10
10,528
3,573
10,375
3,786
3,359
3,37
3,755
3,707
3,110
3,388
10,500
3,864
3,184
3,837
3,1078
3,671
3,403
3,127
10,557
3,947
3,146
11,845
3,422
10,241
3,392
3,197
10,862
3,52
3,674
3,628
3,282
3,102
3,62
3,351
3,155
3,949
3,807
10,958
10,1058
3,961
3,13
10,604
3,440
3,932
3,276
3,14
3,477
3,704
3,705
3,582
3,861
3,317
3,772
3,255
3,472
3,651
13,26
3,758
11,898
3,713
3,617
19,580
3,257
10,504
3,712
3,42
3,400
3,759
3,113
3,865
3,643
2,1048
1,4
3,633
3,594
3,87
3,754
3,873
3,80
3,20
10,206
3,1051
3,134
3,765
3,641
6,271
3,36
3,802
3,275
3,82
10,57
3,132
3,842
3,397
10,806
18,133
3,692
3,429
3,137
11,1074
3,1086
3,193
3,256
3,793
3,44
3,726
7,269
3,369
3,156
1,483
3,699
3,451
3,401
8,188
3,833
10,104
3,1031
3,1034
3,15
10,969
3,461
10,279
3,819
11,408
3,46
10,890
3,689
3,796
3,667
3,103
3,199
3,736
3,811
3,154
10,650
3,285
10,201
3,995
7,999
6,592
3,329
3,460
10,635
3,695
3,204
3,986
3,120
3,1042
10,884
3,601
3,1040
3,723
3,164
3,332
3,126
3,881
3,412
3,473
3,67
3,1036
3,224
3,158
3,517
3,761
3,407
7,521
3,43
3,426
3,476
3,140
10,590
7,1018
3,513
10,295
10,277
3,855
1,718
3,711
1,242
3,373
3,183
3,1001
3,900
10,1062
3,776
3,365
10,938
10,829
3,680
3,544
3,1047
11,474
3,627
6,331
10,785
3,69
3,421
6,396
9,676
3,973
7,31
3,226
3,1025
10,859
6,470
3,131
10,49
3,1055
3,386
3,459
3,300
3,135
3,177
3,449
3,1024
10,152
3,834
3,653
3,18
10,465
3,530
3,167
3,602
10,901
3,818
10,951
3,854
10,61
3,844
3,301
3,502
3,657
3,850
3,714
3,191
3,823
3,286
3,531
3,683
10,911
3,267
3,584
3,624
3,143
3,6
3,516
2,130
19,290
3,486
3,194
3,609
3,661
3,606
3,88
7,333
3,839
3,315
3,464
3,577
3,376
3,886
3,48
3,54
3,706
3,688
3,431
10,1073
3,479
3,389
3,841
1,738
3,1079
3,940
3,492
3,598
3,118
3,321
1,377
3,309
3,350
3,1068
3,439
3,907
7,463
3,122
3,1091
3,987
3,232
3,709
3,640
7,64
20,144
3,637
3,9
3,790
3,997
3,252
7,982
3,84
3,817
10,244
10,93
3,370
10,1007
3,25
3,532
3,89
3,337
3,150
10,169
3,953
3,213
3,402
8,734
11,249
3,469
3,264
3,670
10,879
3,165
3,919
3,741
3,821
3,458
10,263
3,564
3,632
3,1065
3,71
10,698
10,906
3,368
3,16
3,533
3,954
3,805
10,352
3,455
7,857
3,307
3,292
3,341
3,556
8,693
3,1080
10,475
3,327
10,345
1,519
3,168
3,944
3,379
10,534
3,180
3,593
3,551
3,192
3,930
3,182
3,515
10,634
3,356
3,136
3,870
3,1029
10,138
3,586
3,238
3,384
3,567
3,358
10,1081
3,964
3,1061
11,336
3,454
3,753
3,922
3,967
3,541
10,432
3,239
3,896
3,190
3,727
6,616
3,810
3,603
3,253
3,860
17,1064
3,740
10,456
3,438
3,804
3,614
3,314
3,608
10,526
3,872
3,538
3,768
3,416
11,312
3,1006
3,937
11,205
3,220
1,733
3,484
3,851
3,687
3,547
3,735
3,613
3,1015
3,468
10,258
3,795
3,945
7,453
3,887
3,30
3,1045
3,302
10,1066
11,966
11,381
3,989
3,480
3,791
1,975
3,788
3,1057
3,766
3,974
3,935
10,83
3,751
3,221
3,625
17,175
3,955
10,610
3,581
3,962
3,677
3,552
3,171
3,507
3,91
3,874
10,90
3,700
3,600
3,383
3,385
3,883
10,832
11,725
3,196
3,512
3,225
5,615
3,498
3,1087
13,106
3,618
3,443
3,153
3,720
3,649
3,481
3,642
3,444
3,780
10,45
8,548
3,550
3,803
3,79
10,893
3,326
3,835
19,322
3,710
3,885
3,662
3,273
3,537
3,101
10,543
3,1043
3,116
3,669
14,572
10,905
10,910
3,119
3,219
3,655
3,198
3,74
3,981
3,792
3,229
3,1021
3,626
3,948
3,478
10,976
3,181
3,927
7,510
3,1039
3,247
3,569
3,357
3,925
3,1035
10,347
1,1050
10,65
10,565
3,757
3,511
3,457
3,576
3,797
3,1067
3,611
3,936
3,395
7,33
3,334
3,869
3,520
10,145
7,546
3,195
8,950
3,294
3,325
10,892
3,163
3,752
3,743
3,435
3,491
3,789
3,770
3,578
15,984
6,558
3,1049
7,824
11,559
3,493
3,696
10,545
3,318
19,863
3,599
3,281
10,108
3,288
3,830
3,915
3,690
3,815
3,719
3,335
3,595
3,265
3,304
3,280
7,737
3,514
10,160
3,587
3,95
3,231
3,76
3,717
3,367
3,390
3,139
10,111
3,1070
3,809
3,234
3,1019
3,497
10,1028
3,413
3,980
3,597
3,965
3,764
3,638
3,121
3,701
3,1010
3,1033
7,1011
3,673
3,681
3,92
10,487
7,732
3,53
3,555
10,112
3,508
3,848
3,374
3,398
3,566
16,542
10,382
3,991
3,410
10,452
3,284
3,1038
3,51
3,591
3,909
3,724
3,371
3,24
3,868
3,575
15,128
3,931
3,409
3,372
3,1075
10,506
10,1026
3,466
3,895
3,994
3,11
3,94
3,882
3,259
10,672
3,123
7,853
3,328
3,289
3,959
3,19
10,894
3,708
10,212
3,675
3,702
3,462
3,798
10,686
3,27
6,338
3,63
3,746
10,324
6,775
3,778
3,495
3,831
7,430
3,928
3,799
8,393
3,471
3,222
10,563
6,310
3,570
3,176
3,227
3,1046
3,161
3,8
3,100
3,849
3,125
3,912
3,685
3,209
3,129
3,105
3,1090
3,248
10,485
3,218
3,715
10,148
3,353
3,114
3,58
3,349
10,838
3,428
3,867
3,467
3,2
3,762
3,813
3,78
3,1005
3,924
3,990
3,619
3,343
3,433
3,933
8,856
3,663
