69,421
71,411
12,17
12,207
54,476
14,513
54,681
57,700
51,279
54,147
41,149
57,428
12,636
12,327
12,187
54,585
54,440
57,441
54,638
54,60
54,677
54,416
57,240
57,113
54,384
57,132
12,110
9,152
40,604
54,321
14,399
12,610
57,169
54,219
12,594
54,20
57,77
54,5
54,64
54,204
54,400
54,339
14,503
57,167
54,622
25,499
57,362
57,473
54,103
12,527
57,508
12,635
12,666
54,216
14,7
10,612
54,454
12,232
54,260
54,693
12,526
41,497
14,252
54,439
54,262
57,221
54,511
57,16
14,229
57,41
54,280
41,698
54,554
54,128
6,540
54,114
54,494
12,561
57,304
57,154
51,684
54,39
54,600
57,261
12,40
12,184
54,97
30,354
54,423
57,76
14,139
37,21
14,530
28,437
57,597
54,118
54,356
54,290
12,544
3,386
12,65
54,697
54,583
54,688
14,195
38,501
9,200
45,73
57,82
54,611
57,89
42,317
54,571
54,448
57,49
12,133
57,430
54,98
54,276
57,521
38,319
12,447
54,663
57,183
3,263
41,312
37,54
54,71
50,696
57,202
57,690
54,102
54,652
41,628
41,302
54,655
51,538
12,496
54,672
11,461
12,433
54,178
12,123
10,575
54,648
12,584
54,590
57,479
54,617
57,182
55,664
54,609
54,602
54,514
42,436
12,486
54,488
54,190
57,640
54,326
57,413
57,268
57,369
12,676
54,57
57,649
54,593
54,83
54,429
57,485
57,298
54,553
41,425
54,30
57,287
48,160
54,460
54,517
57,644
12,542
42,328
54,373
54,87
54,365
12,558
42,667
54,157
12,408
57,380
54,427
12,42
57,581
56,468
12,464
54,224
54,104
57,596
57,25
57,606
54,38
57,237
54,34
57,492
54,574
1,475
41,36
54,174
12,306
16,407
7,406
35,415
15,142
54,153
57,417
57,375
54,355
46,493
57,599
54,136
12,539
54,342
16,569
62,96
54,310
55,59
54,536
12,598
12,168
54,370
57,226
44,177
54,145
57,463
57,565
26,213
57,686
54,699
54,196
57,389
54,469
12,378
12,311
12,404
12,238
12,10
77,608
54,284
71,336
57,165
12,466
57,297
54,22
57,682
62,452
57,158
47,247
12,673
57,502
53,481
54,434
54,351
54,577
54,591
12,374
55,67
57,545
57,692
54,381
51,19
57,403
12,573
57,172
12,74
12,665
12,507
54,314
66,45
58,119
54,265
54,451
57,296
12,225
12,151
54,193
57,159
22,18
54,490
51,680
57,131
54,201
44,528
12,236
14,579
40,658
57,394
55,632
54,376
54,117
57,689
28,446
57,385
54,519
57,95
54,124
12,391
54,197
41,350
76,641
57,345
54,214
54,148
54,26
11,251
54,582
12,605
58,529
54,161
23,624
54,668
12,661
54,24
12,509
57,555
57,309
57,472
54,218
54,359
54,379
53,215
14,477
59,163
12,230
45,533
12,111
57,150
54,66
12,419
32,33
54,397
51,639
51,601
54,387
57,267
12,551
57,289
41,683
12,675
13,171
41,516
57,199
54,120
12,410
50,643
54,162
54,44
54,239
31,458
14,637
57,694
72,37
12,691
54,409
8,371
12,631
54,115
12,48
12,512
41,303
54,130
54,524
57,343
52,325
54,234
54,198
54,272
57,630
12,398
54,295
57,324
54,233
54,570
22,642
57,462
54,618
57,438
54,68
57,266
11,192
54,8
65,456
57,443
61,84
12,109
57,12
12,51
11,255
57,495
57,47
54,634
54,249
38,179
14,175
54,270
54,90
12,299
54,619
54,253
54,281
57,79
57,483
54,607
58,80
54,23
57,285
54,189
54,383
54,301
4,705
57,203
51,258
54,70
41,701
54,166
12,562
54,505
41,170
54,323
54,335
54,654
54,414
39,316
13,412
54,278
54,651
12,331
54,471
54,329
57,259
54,392
54,254
54,223
12,515
57,678
14,137
51,550
57,620
54,9
54,341
65,81
17,288
55,269
54,623
25,687
54,445
14,340
57,467
36,674
57,420
37,552
54,578
54,372
57,353
54,129
54,390
12,470
54,449
51,277
54,629
54,108
65,333
60,217
57,256
54,176
12,556
54,291
54,231
57,1
25,566
54,588
12,520
54,2
42,248
57,626
17,360
54,679
54,670
12,246
54,308
12,589
57,349
28,346
54,206
54,422
54,426
57,62
54,173
54,11
12,557
54,564
12,671
54,307
54,532
54,135
24,126
57,580
26,535
54,134
54,72
57,368
12,29
54,703
57,294
54,181
54,704
63,186
57,482
54,155
29,112
57,401
71,121
54,106
12,702
33,431
57,534
12,459
54,92
54,127
57,257
57,361
54,334
14,510
41,53
57,337
43,548
41,85
54,78
12,650
54,522
54,480
54,320
26,344
54,322
12,366
54,275
54,621
12,498
12,271
12,4
12,241
51,567
57,563
51,180
54,465
54,242
57,364
49,633
41,367
54,27
12,537
16,487
54,377
57,191
12,292
41,282
54,525
68,50
12,101
2,86
54,61
57,592
54,660
12,559
54,543
54,208
54,143
12,243
54,405
52,474
57,15
41,245
54,695
57,283
54,659
54,613
54,442
12,3
19,116
70,546
78,52
54,250
54,315
12,35
54,627
54,586
13,227
54,393
54,347
54,305
54,156
54,146
57,576
54,185
27,547
54,13
57,332
54,489
57,99
54,657
54,188
54,32
54,164
54,395
12,194
14,14
10,424
18,662
54,435
57,549
57,264
51,58
12,500
54,228
51,274
57,656
16,273
73,138
12,352
54,685
67,141
57,572
57,244
57,220
12,122
57,432
54,348
54,595
57,444
54,63
57,91
54,43
57,330
57,6
57,55
54,402
20,358
17,293
5,614
54,531
54,105
12,93
58,455
54,69
34,31
57,212
54,396
12,140
12,388
57,313
12,560
12,625
57,222
12,209
54,484
54,646
54,450
54,616
54,56
57,615
21,144
75,107
41,28
54,363
54,210
51,645
57,587
54,75
54,647
64,100
74,125
57,418
54,669
54,235
57,541
54,506
12,603
54,491
51,300
54,94
57,88
54,518
57,286
54,382
54,318
57,504
12,46
54,478
54,453
54,338
54,357
54,523
57,568
39,205
40,211
42,653
57,457
