32,798
32,410
23,575
32,901
16,705
32,80
32,580
32,884
34,29
32,451
32,572
34,85
32,22
4,985
32,547
32,816
32,161
4,914
32,234
39,927
32,204
32,242
4,296
32,301
4,1036
32,746
32,1074
34,656
32,393
37,883
39,512
32,791
4,802
32,843
4,254
36,356
32,114
32,1014
32,544
32,413
32,961
32,730
32,594
32,69
32,817
32,428
4,767
32,1065
32,850
4,76
32,760
32,935
32,644
32,374
32,881
32,576
32,989
32,754
32,68
32,229
32,695
15,239
11,1018
32,943
4,632
32,260
4,1062
32,861
32,655
32,1063
32,972
32,1081
32,498
32,951
32,763
32,991
32,846
27,782
22,723
32,444
32,625
32,494
18,419
4,72
32,115
6,677
32,24
32,209
4,238
32,837
32,476
32,178
32,380
32,1000
12,1075
32,939
32,287
32,667
32,578
32,27
32,262
34,762
32,128
37,790
34,528
32,1033
34,364
6,622
32,740
34,557
32,771
32,758
37,345
32,327
32,593
32,968
34,471
32,425
34,437
4,32
32,608
32,495
32,944
32,1048
32,360
32,98
37,43
32,252
32,922
32,71
32,744
32,707
32,688
32,661
4,282
9,866
32,328
32,863
32,905
32,423
39,375
32,320
32,138
32,45
32,454
39,1071
32,830
32,398
32,196
32,946
5,506
32,774
32,959
34,882
32,155
32,603
34,911
32,10
32,501
32,394
32,118
32,776
32,783
34,1020
32,106
2,480
32,674
32,1029
32,1061
32,854
32,497
32,979
32,162
32,713
32,827
32,847
32,696
32,1017
32,1013
32,650
34,8
32,250
32,399
32,913
32,187
32,335
32,152
32,909
34,182
32,39
4,230
6,122
32,245
32,490
32,317
32,452
32,6
32,321
37,134
32,848
32,435
32,1050
4,964
32,1021
32,348
32,651
4,469
32,525
32,875
37,334
32,443
32,460
34,933
6,940
32,565
12,589
2,1042
32,606
32,7
32,404
32,967
37,1077
37,676
32,34
32,163
36,395
6,521
32,958
32,315
32,897
32,896
34,121
4,353
32,279
32,825
32,396
32,388
32,426
32,996
32,742
32,1022
32,90
32,862
34,669
32,73
32,639
32,401
32,188
37,636
32,948
32,144
32,379
32,206
32,212
32,418
6,251
32,954
32,1047
32,201
32,607
34,167
32,824
32,546
32,835
34,947
32,489
32,869
32,125
32,44
32,259
32,941
9,778
32,132
37,145
32,801
32,183
32,59
27,965
32,293
32,716
32,482
32,635
32,366
4,37
32,851
32,793
32,343
37,175
32,450
4,342
32,765
32,173
32,785
32,277
32,720
32,936
32,690
37,659
12,826
32,246
32,4
32,446
9,809
34,302
32,524
32,448
32,432
32,1010
32,916
32,478
34,496
6,97
32,1034
32,995
32,624
32,605
32,683
32,743
32,484
32,441
32,769
19,852
40,468
4,717
37,642
34,1044
32,945
32,48
32,314
32,646
4,463
4,149
34,545
32,714
32,235
32,590
4,92
32,810
4,54
4,626
32,858
32,592
32,1002
32,813
32,554
33,285
12,1009
32,596
32,617
39,409
32,295
32,1058
32,955
31,523
9,671
32,1060
4,1043
32,581
32,703
32,849
1,224
32,853
32,819
32,618
37,179
32,459
4,520
4,583
32,892
32,726
32,1027
34,281
32,595
32,534
32,58
32,770
39,363
39,57
32,615
32,530
32,840
4,877
32,267
32,406
32,369
32,103
32,719
32,159
27,263
9,807
4,795
32,329
32,215
32,445
32,70
32,491
34,283
32,96
32,436
32,893
32,91
2,225
32,449
32,220
32,153
32,918
32,833
32,508
32,112
32,535
34,814
32,99
32,156
32,1032
34,258
32,976
32,424
32,300
32,888
4,1041
9,341
32,143
32,573
32,13
32,371
32,297
32,993
32,66
32,680
4,682
32,1008
32,1056
32,292
34,202
32,732
32,868
32,1028
32,307
32,319
32,666
32,427
32,81
32,42
32,313
32,461
32,243
27,376
32,19
32,75
32,1007
32,241
32,597
32,310
32,147
32,195
32,473
32,929
4,555
32,74
32,1003
32,221
32,502
32,176
32,291
32,124
32,942
32,53
32,172
32,55
32,756
32,867
34,169
32,109
27,2
31,160
32,381
32,988
32,872
37,697
32,370
32,1066
32,586
32,174
32,815
32,963
34,526
9,540
32,962
32,982
32,969
32,462
4,731
32,515
32,17
32,519
32,588
32,569
32,1052
4,417
32,483
32,51
32,384
4,477
32,999
39,1030
32,784
4,433
32,591
37,336
32,392
4,834
32,40
32,548
4,908
32,289
39,702
7,1069
32,467
32,558
32,653
32,986
32,701
32,957
32,131
32,386
32,93
32,383
32,704
37,937
32,60
4,749
34,248
32,992
32,998
32,275
37,488
32,823
32,748
4,930
32,974
32,414
39,1070
27,637
32,148
32,518
32,1083
32,11
32,692
32,829
4,745
32,77
32,165
32,208
32,582
32,1076
34,407
32,268
32,910
4,629
4,538
4,100
34,41
4,500
37,1053
32,902
32,403
32,271
39,777
32,422
4,318
34,647
32,752
32,627
4,116
32,21
32,665
34,197
32,878
34,26
32,266
32,184
32,228
32,130
33,796
34,442
32,198
39,158
32,859
32,193
32,686
32,983
32,755
32,549
32,338
32,634
32,111
32,567
32,264
32,200
6,984
13,280
32,465
32,724
4,133
32,373
32,779
32,429
32,455
34,738
4,129
39,753
37,658
4,1049
6,269
32,657
34,678
32,137
32,94
39,1051
32,180
4,973
32,923
25,168
32,82
32,672
32,1072
32,831
30,464
32,856
38,880
32,305
32,1045
34,64
32,747
32,126
32,344
32,185
9,52
32,602
32,537
34,49
32,211
34,949
32,640
37,257
32,938
32,800
4,1067
39,308
32,276
32,150
37,551
32,255
4,270
32,855
32,599
32,541
32,190
32,247
37,781
32,1078
4,351
4,294
32,231
32,950
32,38
32,710
4,1019
32,15
13,359
32,358
32,773
34,527
32,16
4,170
32,140
32,123
32,101
4,177
32,171
32,362
32,400
32,1057
34,533
34,934
32,470
4,1079
32,750
20,387
32,352
32,466
32,522
4,620
9,46
32,194
32,416
32,891
34,504
35,1035
37,1068
32,681
32,553
32,485
32,253
32,456
37,1055
32,566
34,61
31,1054
32,1024
3,142
6,797
32,994
32,664
9,926
32,408
32,330
4,899
32,727
32,735
4,864
34,439
32,997
32,431
4,405
32,218
32,457
34,1037
34,1
32,273
32,139
32,412
34,481
6,56
32,236
32,237
4,552
32,513
39,691
32,306
6,205
32,309
32,87
32,88
32,1011
32,598
32,873
32,286
32,1039
32,219
37,510
32,453
32,186
32,240
32,349
32,438
29,385
32,631
4,736
32,440
4,768
32,493
32,316
34,584
32,346
34,698
32,894
32,102
32,189
32,772
32,1073
34,571
32,107
32,643
4,641
32,472
32,105
32,486
32,684
4,154
32,722
32,213
32,885
32,556
32,562
34,434
6,1031
27,585
12,326
32,244
32,609
14,924
32,903
27,12
32,164
32,577
32,633
32,1004
26,981
32,261
32,119
32,708
6,895
4,766
37,532
4,729
32,311
29,415
32,117
32,733
39,181
24,304
32,786
32,265
32,990
32,1064
32,411
4,232
32,28
4,110
4,728
39,1026
32,157
32,397
32,966
32,9
32,616
39,579
32,764
32,685
32,372
39,673
32,333
32,757
32,915
4,876
32,808
4,628
37,709
32,354
4,475
37,917
32,699
6,78
6,919
32,890
32,389
32,932
32,474
32,447
32,794
32,278
32,543
32,788
32,887
32,223
39,210
32,564
32,274
4,325
32,1001
32,842
32,199
32,660
4,706
32,127
32,612
32,652
32,805
12,1040
6,529
32,839
32,113
39,536
32,645
29,249
32,479
32,298
1,751
32,288
32,30
32,222
32,365
32,509
34,104
4,700
28,630
32,822
4,141
27,828
32,587
32,505
32,619
34,977
34,378
32,832
32,811
4,611
32,874
39,568
32,146
32,920
34,542
4,350
32,857
36,516
6,1059
32,900
32,20
32,649
32,31
2,931
32,739
32,377
29,906
32,1046
31,226
32,36
27,928
39,323
6,970
32,83
32,322
34,689
4,79
32,1015
32,799
36,623
32,812
32,3
39,956
27,5
32,514
32,820
32,980
32,610
32,721
32,761
32,860
32,550
32,33
32,560
32,780
32,718
32,1023
32,1080
32,836
32,675
32,382
32,663
32,886
4,18
4,391
32,337
32,987
17,492
32,821
32,1006
32,865
4,804
32,203
32,838
32,725
32,1038
32,613
34,67
32,1025
32,889
32,507
18,65
10,207
32,531
32,357
32,662
6,25
32,693
39,559
4,898
32,499
4,368
34,47
32,654
32,14
32,50
32,539
32,84
4,503
32,904
32,570
34,679
32,759
32,1005
32,324
32,430
32,648
32,561
32,135
32,191
32,563
32,340
37,960
32,806
32,621
34,1012
4,687
4,953
32,952
32,284
32,458
32,89
32,331
4,737
32,604
32,290
21,233
8,23
32,120
32,339
32,35
32,978
32,367
32,775
4,420
32,841
4,668
34,574
32,818
32,511
32,925
32,332
34,151
32,256
32,871
32,907
32,844
32,741
32,734
4,712
32,312
37,803
32,600
32,845
32,227
32,787
32,86
36,108
32,975
32,192
32,214
32,614
32,921
32,517
32,1016
32,402
32,912
32,217
32,166
32,1082
39,879
32,361
32,711
32,303
32,390
34,715
32,272
32,638
32,487
32,694
32,355
32,421
32,136
32,971
34,63
32,347
32,299
32,789
32,870
32,95
32,216
4,601
32,670
1,792
32,62
