23,564
62,532
62,151
62,452
62,372
50,475
33,422
62,539
50,476
101,88
104,593
62,210
62,507
62,78
25,596
62,65
62,509
93,220
50,99
50,165
58,279
62,84
62,196
54,310
102,406
62,521
100,296
66,12
62,79
62,407
61,16
70,303
62,558
63,23
62,625
22,392
50,340
102,4
61,216
108,365
6,209
11,515
62,56
62,437
62,562
62,234
101,120
30,546
105,627
31,351
62,495
61,371
62,529
31,344
37,395
62,439
62,145
61,149
19,277
23,519
23,482
23,161
53,300
91,366
62,110
62,584
57,606
62,187
62,350
77,294
49,308
20,53
23,347
66,283
54,43
89,213
99,607
62,360
62,173
70,223
62,465
62,45
61,585
62,413
62,536
50,218
12,158
62,321
62,200
50,621
23,569
62,81
69,224
92,111
69,66
78,493
62,114
97,46
62,178
102,212
74,113
91,487
37,469
61,89
50,115
95,13
73,135
61,333
103,8
62,500
62,597
50,97
62,555
62,228
62,592
59,44
62,280
58,622
44,603
62,5
2,259
105,570
28,57
35,619
23,22
86,17
63,510
75,3
61,561
88,69
70,324
23,260
28,553
45,383
62,281
62,291
63,82
23,26
23,479
5,602
76,342
106,315
20,85
28,363
62,236
73,30
11,498
95,29
62,225
61,524
62,313
15,468
35,573
109,198
68,626
65,444
58,580
62,238
70,335
62,533
62,289
48,176
61,586
23,245
62,591
23,249
63,471
62,599
1,168
2,620
23,33
61,528
62,282
32,401
23,192
62,269
80,35
62,51
102,2
34,298
49,136
36,214
59,385
53,560
44,359
23,292
62,615
39,484
23,550
92,257
29,480
62,429
69,556
34,92
11,425
62,117
23,409
62,322
54,554
62,472
20,450
63,445
23,514
102,325
38,263
56,217
77,527
55,68
62,604
62,440
49,14
62,160
62,104
62,587
59,577
62,456
62,108
62,631
103,448
62,629
80,618
69,301
62,581
62,39
62,497
50,58
23,364
62,397
50,163
1,424
63,458
23,339
37,382
62,150
23,361
62,31
21,457
62,540
52,582
94,567
8,172
50,490
31,434
2,83
62,253
33,346
50,415
50,129
62,511
69,52
1,594
2,167
61,202
51,34
20,137
2,605
62,231
47,127
62,600
62,537
66,410
79,544
62,288
68,116
44,305
50,183
81,215
23,595
62,338
42,156
69,508
70,157
24,21
51,118
50,461
11,67
62,75
50,624
62,24
62,428
62,199
62,208
62,206
97,502
53,28
69,261
49,74
64,278
62,19
70,247
62,394
62,90
36,20
62,473
47,9
62,489
16,275
62,37
50,226
62,357
61,6
105,229
62,266
23,248
59,86
67,504
97,105
62,571
102,242
62,112
50,417
70,311
62,299
43,254
62,274
105,535
23,181
17,464
53,211
2,71
62,370
62,393
24,513
62,408
62,389
23,486
9,334
95,287
16,239
98,427
20,184
2,285
62,319
49,63
62,566
97,387
97,551
60,542
61,270
62,447
31,531
62,314
23,265
62,185
13,119
61,134
62,549
97,380
94,295
62,258
62,162
1,193
109,250
23,286
23,430
24,93
50,572
33,222
62,95
62,377
61,271
17,155
62,412
61,264
62,272
62,462
28,557
37,159
7,131
49,312
62,80
62,32
11,290
25,390
67,579
11,306
69,375
2,608
106,388
47,496
31,146
61,107
62,399
23,207
62,518
2,70
53,96
72,101
49,559
70,128
29,141
62,177
49,221
50,262
62,609
92,474
61,267
36,483
73,543
18,188
62,354
1,491
20,1
84,268
36,189
62,326
62,416
49,598
62,197
63,73
105,235
68,125
62,203
27,435
61,227
23,494
50,61
23,91
23,355
95,304
23,530
62,545
31,421
61,526
62,132
94,432
53,588
54,139
62,610
69,523
90,438
23,171
36,481
61,419
23,166
36,384
62,317
23,62
62,175
62,60
36,232
104,630
36,343
62,454
62,418
92,449
41,164
61,186
23,138
62,520
109,201
62,331
106,72
23,143
16,403
61,255
61,576
61,237
37,517
102,36
57,273
70,356
85,616
49,323
62,15
102,374
96,485
62,601
62,613
2,414
62,362
62,318
50,522
81,455
62,329
62,297
19,506
87,512
62,400
62,59
23,477
62,345
82,501
62,568
26,152
49,195
62,376
2,147
50,276
61,42
23,373
105,87
62,628
23,293
62,534
72,525
61,611
62,552
35,405
62,590
13,182
66,436
36,441
50,443
2,503
18,433
62,398
65,368
62,55
62,459
61,233
18,103
49,617
62,124
62,538
10,153
22,499
77,205
62,180
20,194
62,50
17,341
23,54
62,381
36,423
23,243
62,548
62,174
62,246
23,7
41,358
62,133
62,123
36,144
49,367
62,191
63,391
35,48
62,505
61,332
105,488
42,121
40,386
63,320
23,170
62,252
94,589
31,256
46,378
62,470
42,244
36,402
62,251
62,352
62,169
62,230
70,632
62,369
74,41
62,140
62,612
62,327
105,241
62,516
99,49
53,122
61,563
14,541
62,492
62,316
50,302
69,411
62,11
83,442
103,623
20,575
61,109
107,219
71,614
62,204
61,100
61,179
97,38
62,460
62,25
62,466
61,309
23,47
2,10
36,578
62,633
62,40
62,379
61,453
59,142
62,77
62,565
23,27
62,353
63,451
27,154
62,148
62,420
62,328
63,106
62,467
62,349
72,240
79,426
23,547
36,583
4,307
27,337
103,348
62,284
24,98
35,336
61,330
62,94
62,396
62,446
62,190
103,64
54,102
62,18
62,126
62,463
12,478
61,76
23,130
61,431
3,404
107,574
