68,307
70,518
67,190
44,422
42,622
7,230
67,494
47,7
49,371
77,500
62,749
59,497
74,534
67,711
104,19
62,717
54,635
44,627
67,742
67,713
36,203
32,463
62,583
68,747
67,323
71,496
62,723
53,690
78,661
86,670
40,70
29,701
128,639
67,358
41,283
96,399
92,510
111,158
73,609
37,150
67,710
90,391
34,737
55,550
20,188
67,453
67,472
60,567
99,738
123,236
123,529
8,434
73,14
70,593
69,699
77,278
67,235
62,71
71,25
62,605
62,382
117,630
38,46
67,473
128,435
72,603
42,644
74,604
140,172
67,152
67,201
67,153
67,720
67,340
37,741
6,269
8,731
67,298
9,488
20,41
65,378
8,458
4,480
115,743
67,705
40,255
37,576
84,229
41,479
71,396
69,442
73,633
67,383
41,78
62,218
67,548
47,189
70,133
74,261
67,111
126,20
12,267
99,281
72,328
141,678
146,415
36,318
52,142
33,504
62,522
67,681
91,572
40,707
26,259
8,96
65,200
151,3
62,125
119,372
44,695
72,613
13,220
76,694
119,162
67,573
67,72
80,512
79,539
107,73
69,407
114,433
148,179
67,379
136,507
72,698
67,598
19,532
42,315
62,360
62,525
62,338
67,735
133,725
19,226
131,728
5,100
62,553
41,543
113,93
67,74
66,257
67,658
67,537
72,34
101,57
21,493
67,653
67,334
62,126
41,85
43,621
67,600
71,240
70,570
65,198
36,224
62,171
42,417
68,623
69,157
67,136
67,186
82,64
72,716
66,719
62,536
8,364
107,652
67,599
11,47
35,205
62,317
65,183
35,81
37,116
67,509
73,195
67,250
67,165
67,571
19,246
92,151
99,335
108,175
65,498
19,313
20,555
67,620
108,578
67,169
67,24
62,1
67,395
115,61
65,732
62,637
108,446
48,692
123,666
88,629
62,277
62,309
85,23
73,714
31,540
116,523
30,592
67,292
113,381
67,746
122,147
58,703
149,141
67,270
8,615
67,306
48,607
62,297
67,182
67,359
48,410
43,176
32,726
74,202
67,95
67,736
71,228
145,118
42,343
67,730
41,58
62,414
30,471
52,60
122,709
66,486
15,443
22,683
52,11
65,424
110,211
62,291
72,485
1,533
67,404
113,242
67,515
41,680
67,521
48,272
67,481
41,159
73,589
50,568
72,167
8,140
67,110
50,559
67,403
62,342
42,16
62,501
19,139
117,206
116,426
9,405
62,503
67,341
73,27
103,212
67,331
127,686
67,684
100,641
112,631
147,252
58,505
99,344
41,355
77,314
62,447
62,495
44,474
20,624
139,357
123,483
62,398
67,712
54,367
98,98
41,706
19,164
20,2
37,54
48,406
62,347
67,619
20,418
62,420
39,490
105,665
32,632
68,451
63,676
67,352
138,366
65,163
67,370
42,59
124,580
89,237
15,325
67,350
52,502
71,362
10,664
69,90
67,544
6,660
111,26
62,663
42,380
140,327
67,170
66,584
34,130
50,449
67,91
75,421
67,587
62,55
62,389
62,135
62,174
27,154
42,66
70,121
41,265
120,104
71,253
28,48
70,638
99,640
41,279
62,588
54,552
70,92
67,214
62,53
67,39
42,642
71,662
120,187
67,263
31,724
70,601
70,400
119,636
40,466
71,99
67,234
67,13
109,68
48,430
20,439
88,339
87,123
67,393
67,748
69,290
62,56
67,693
67,10
17,29
128,597
30,128
40,127
14,222
72,287
117,12
67,647
20,477
77,594
41,476
68,289
67,354
38,258
70,557
67,394
73,560
36,241
4,35
62,262
62,348
62,148
70,563
67,89
34,590
108,301
62,160
43,94
18,138
30,454
62,530
67,319
81,346
67,546
70,361
130,516
70,271
69,535
67,332
97,239
62,168
115,67
62,437
137,541
34,5
97,387
74,369
34,464
27,657
67,634
67,31
67,113
39,86
42,628
12,750
75,436
18,310
89,667
67,18
62,4
8,669
2,120
62,293
61,161
16,232
69,491
52,654
70,411
120,668
67,616
42,729
54,562
5,462
93,305
67,374
135,208
36,484
102,231
48,595
67,511
40,655
20,227
74,260
125,8
37,97
123,9
104,401
62,547
67,460
67,107
64,21
138,166
41,538
41,554
37,184
67,181
67,564
62,468
19,40
70,185
48,478
62,75
62,87
95,304
67,63
19,397
70,649
43,43
120,428
67,431
67,606
61,336
67,408
67,519
66,574
142,520
67,233
62,22
71,673
62,312
67,109
62,217
13,581
67,386
20,413
65,243
67,733
48,659
67,365
3,215
8,517
62,558
42,687
31,17
67,689
34,299
32,596
62,356
67,455
62,28
4,648
67,44
23,744
109,249
115,108
67,450
42,244
120,324
67,677
62,682
67,650
42,337
67,264
67,268
36,700
67,561
62,674
42,32
118,351
67,651
71,345
121,432
42,114
36,551
67,173
113,416
67,672
25,88
73,444
67,115
35,77
68,82
88,225
41,177
54,514
62,266
41,52
51,276
48,611
41,625
37,79
3,102
16,438
67,180
62,326
101,708
67,524
65,402
67,83
67,645
32,146
94,456
67,565
112,513
68,685
91,76
71,329
30,585
94,6
67,506
69,122
6,388
132,322
69,247
73,445
62,254
41,608
20,375
62,465
67,392
41,591
48,303
54,197
78,308
67,45
67,80
67,508
73,727
108,294
67,702
67,721
67,273
34,137
62,489
20,302
67,144
144,191
9,196
117,482
67,643
124,448
62,566
45,618
110,715
16,384
70,412
68,440
67,156
67,526
67,248
64,722
9,691
115,531
67,452
40,492
62,349
67,363
62,675
70,119
67,368
40,124
67,740
73,274
62,62
60,390
67,612
73,542
62,275
73,216
16,256
67,219
5,549
121,149
41,688
53,577
34,285
50,131
57,425
67,204
67,626
43,528
48,84
88,469
40,51
67,753
30,209
71,296
67,50
73,221
69,245
71,646
70,545
62,671
39,614
46,320
44,467
67,282
124,101
83,194
32,199
56,602
119,207
70,409
52,178
67,129
99,251
62,617
67,527
50,373
62,330
62,38
6,15
62,470
54,311
113,704
54,739
67,49
120,679
62,745
77,103
67,353
67,193
129,288
143,429
67,423
67,300
50,284
67,36
20,487
62,280
106,461
67,569
70,155
67,112
4,718
62,579
67,734
67,37
70,192
67,457
62,210
16,656
67,556
67,376
91,321
67,441
67,42
19,582
24,575
67,30
73,213
67,377
62,33
20,65
67,385
48,419
62,696
67,69
62,333
30,105
91,316
67,475
62,295
67,499
67,697
99,134
119,459
67,427
67,586
67,145
55,143
99,751
62,238
67,610
77,106
67,132
39,286
134,223
150,752
123,117
