138,50
189,293
83,579
101,100
65,701
173,607
120,264
208,587
63,525
152,128
39,688
7,545
196,663
125,99
86,245
134,19
71,294
238,574
121,676
125,185
224,308
125,523
121,632
66,239
128,590
153,123
199,356
245,665
268,389
201,130
146,698
43,555
149,639
118,337
51,442
254,320
260,67
125,338
216,23
219,76
125,168
80,227
75,329
78,105
132,679
42,418
255,692
23,388
94,289
121,54
263,146
190,524
6,491
121,385
131,396
91,612
41,154
123,435
79,155
194,699
123,591
129,458
53,381
22,284
202,296
11,554
121,420
170,61
125,498
124,97
129,374
96,642
189,58
177,156
177,530
121,536
37,118
221,459
19,392
135,478
22,474
124,110
189,626
59,553
269,275
63,589
110,397
77,304
129,288
149,428
103,602
143,34
59,666
60,286
111,497
174,7
123,162
276,229
121,522
121,519
171,283
82,425
223,208
272,176
121,278
65,166
62,684
212,125
42,126
123,266
43,473
70,334
129,22
14,623
63,20
90,363
222,38
123,41
216,343
73,492
146,421
189,69
121,453
44,470
125,14
125,82
58,187
121,219
151,494
121,496
171,371
280,313
216,70
272,234
63,189
189,661
218,465
71,350
73,572
68,355
239,159
42,624
2,391
157,596
145,431
121,615
154,89
209,167
228,71
217,62
74,565
21,113
57,311
123,611
123,315
123,25
272,317
189,307
126,55
162,613
79,647
120,490
230,621
105,346
136,508
125,655
129,95
121,387
74,237
275,297
252,449
39,164
20,506
94,680
21,357
125,232
147,594
136,566
183,87
269,592
68,645
184,520
144,4
95,265
121,700
174,556
124,410
216,322
127,694
235,91
216,436
216,196
75,599
157,486
75,345
102,367
41,401
168,316
67,72
25,178
272,548
80,544
72,443
147,165
214,249
82,80
65,390
125,600
192,648
44,16
189,45
188,353
256,603
42,298
189,511
27,468
64,549
72,636
124,593
148,1
189,261
277,259
218,244
41,92
55,177
76,204
121,220
65,33
120,90
189,183
63,416
109,145
9,121
127,31
270,9
78,618
106,617
185,695
121,448
243,135
12,231
182,86
211,383
142,115
121,217
59,228
175,408
279,5
137,207
51,472
71,106
74,609
3,446
79,24
66,483
217,475
155,558
8,669
142,255
72,675
142,580
79,140
258,378
121,181
101,672
125,269
224,439
41,199
68,291
214,323
246,112
275,399
216,505
54,570
118,93
39,335
18,246
125,84
85,450
249,664
216,429
216,94
125,107
123,463
216,649
118,499
261,405
118,127
121,557
53,274
67,562
39,225
121,153
121,460
19,414
123,424
106,627
141,678
236,268
33,197
227,584
251,57
18,224
118,214
189,481
215,109
130,46
121,142
43,454
228,479
128,309
180,512
124,111
52,605
128,502
96,32
128,641
248,375
166,359
121,210
181,124
103,659
67,422
159,364
158,569
196,373
271,441
191,690
121,601
257,488
50,537
24,348
183,559
125,638
59,411
32,250
121,35
121,314
189,290
247,63
189,689
245,331
125,413
93,417
97,361
113,11
16,292
51,276
216,172
127,404
206,252
93,509
132,169
213,151
126,139
121,660
109,120
217,43
44,527
87,466
39,193
222,195
125,682
46,515
169,260
216,218
97,203
13,251
162,138
90,17
124,640
204,487
48,262
123,254
44,59
172,161
232,696
68,44
10,236
202,542
123,202
189,42
63,471
216,226
123,622
84,577
106,88
121,610
121,102
135,206
129,567
123,3
269,386
189,543
226,528
123,685
118,534
85,504
69,691
256,500
98,56
210,116
24,370
40,49
58,625
29,174
216,437
65,352
197,344
99,551
51,631
28,184
49,398
41,279
158,576
144,620
49,634
121,461
216,438
123,15
125,360
46,464
38,257
41,564
125,144
199,194
179,325
118,415
60,324
216,26
129,10
272,129
264,635
245,147
123,646
102,552
94,160
85,369
68,604
272,469
48,477
121,445
136,319
216,175
165,152
66,546
34,173
63,64
105,81
59,48
198,568
216,79
125,295
42,277
250,303
200,216
193,526
123,462
123,200
56,412
85,485
26,550
62,332
155,403
127,347
75,582
210,670
141,517
161,616
125,447
81,300
65,423
125,77
123,336
66,687
7,697
160,406
123,12
43,476
170,541
42,53
170,595
66,258
189,532
28,529
97,368
71,241
45,114
242,66
117,588
122,379
125,233
243,83
124,158
169,484
124,339
119,73
123,382
61,535
91,230
195,122
43,305
170,563
88,221
59,341
104,575
243,136
115,2
74,597
241,394
141,211
43,674
267,215
202,212
72,533
273,52
36,328
237,677
125,656
101,457
218,209
125,13
121,326
121,501
121,60
27,179
75,333
88,662
4,182
123,238
240,578
5,426
188,27
88,456
189,30
123,547
45,451
176,585
216,409
230,321
6,312
80,242
88,514
136,65
121,380
20,637
198,652
136,619
140,651
24,372
92,614
163,608
118,351
123,75
121,74
100,653
58,427
66,96
51,186
238,247
216,538
54,480
189,482
156,68
129,503
107,650
82,131
23,101
47,376
59,495
259,365
126,198
220,583
121,6
189,693
85,243
76,108
185,354
121,467
68,402
244,148
15,8
167,349
41,561
197,430
231,657
121,539
11,444
118,133
121,281
123,273
110,407
139,191
108,384
8,119
129,192
189,282
216,366
102,419
134,39
45,285
118,673
133,598
164,188
43,452
233,270
121,205
207,306
65,521
82,668
128,223
123,137
116,256
205,358
129,150
35,573
63,40
63,78
203,493
85,507
114,240
76,581
125,681
129,489
94,510
118,531
41,18
282,560
234,141
273,434
92,342
121,28
274,271
85,318
150,340
140,280
202,455
51,163
121,540
71,586
44,310
123,149
253,654
265,190
101,629
163,299
116,606
134,377
61,518
171,667
203,395
202,301
178,267
229,21
112,683
186,362
216,117
278,103
46,400
73,213
127,330
183,263
121,36
60,643
121,47
118,171
226,302
218,37
66,571
17,287
281,51
68,686
216,432
189,157
66,134
121,440
187,201
41,104
121,630
104,516
242,633
72,272
225,170
125,98
88,222
262,658
31,180
121,85
50,393
45,235
89,327
121,644
211,433
103,703
63,513
78,29
30,628
121,671
123,132
101,248
121,143
1,702
266,253
