62,421
64,411
10,17
10,207
51,476
12,513
51,681
53,700
48,279
51,147
38,149
53,428
10,636
10,327
10,187
51,585
51,440
53,441
51,638
51,60
51,677
51,416
53,240
53,113
51,384
53,132
10,110
7,152
37,604
51,321
12,399
10,610
53,169
51,219
10,594
51,20
53,77
51,5
51,64
51,204
51,400
51,339
12,503
53,167
51,622
22,499
53,362
53,473
51,103
10,527
53,508
10,635
10,666
51,216
12,7
8,612
51,454
10,232
51,260
51,693
10,526
38,497
12,252
51,439
51,262
53,221
51,511
53,16
12,229
53,41
51,280
38,698
51,554
51,128
4,540
51,114
51,494
10,561
53,304
53,154
48,684
51,39
51,600
53,261
10,40
10,184
51,97
27,354
51,423
53,76
12,139
34,21
12,530
25,437
53,597
51,118
51,356
51,290
10,544
3,386
10,65
51,697
51,583
51,688
12,195
35,501
7,200
42,73
53,82
51,611
53,89
39,317
51,571
51,448
53,49
10,133
53,430
51,98
51,276
53,521
35,319
10,447
51,663
53,183
3,263
38,312
34,54
51,71
47,696
53,202
53,690
51,102
51,652
38,628
38,302
51,655
48,538
10,496
51,672
9,461
10,433
51,178
10,123
8,575
51,648
10,584
51,590
53,479
51,617
53,182
51,664
51,609
51,602
51,514
39,436
10,486
51,488
51,190
53,640
51,326
53,413
53,268
53,369
10,676
51,57
53,649
51,593
51,83
51,429
53,485
53,298
51,553
38,425
51,30
53,287
45,160
51,460
51,517
53,644
10,542
39,328
51,373
51,87
51,365
10,558
39,667
51,157
10,408
53,380
51,427
10,42
53,581
52,468
10,464
51,224
51,104
53,596
53,25
53,606
51,38
53,237
51,34
53,492
51,574
1,475
38,36
51,174
10,306
13,407
5,406
32,415
12,142
51,153
53,417
53,375
51,355
43,493
53,599
51,136
10,539
51,342
13,569
56,96
51,310
51,59
51,536
10,598
10,168
51,370
53,226
41,177
51,145
53,463
53,565
23,213
53,686
51,699
51,196
53,389
51,469
10,378
10,311
10,404
10,238
10,10
70,608
51,284
64,336
53,165
10,466
53,297
51,22
53,682
56,452
53,158
44,247
10,673
53,502
50,481
51,434
51,351
51,577
51,591
10,374
51,67
53,545
53,692
51,381
48,19
53,403
10,573
53,172
10,74
10,665
10,507
51,314
59,45
53,119
51,265
51,451
53,296
10,225
10,151
51,193
53,159
19,18
51,490
48,680
53,131
51,201
41,528
10,236
12,579
37,658
53,394
51,632
51,376
51,117
53,689
25,446
53,385
51,519
53,95
51,124
10,391
51,197
38,350
69,641
53,345
51,214
51,148
51,26
9,251
51,582
10,605
53,529
51,161
20,624
51,668
10,661
51,24
10,509
53,555
53,309
53,472
51,218
51,359
51,379
50,215
12,477
53,163
10,230
42,533
10,111
53,150
51,66
10,419
29,33
51,397
48,639
48,601
51,387
53,267
10,551
53,289
38,683
10,675
11,171
38,516
53,199
51,120
10,410
47,643
51,162
51,44
51,239
28,458
12,637
53,694
65,37
10,691
51,409
6,371
10,631
51,115
10,48
10,512
38,303
51,130
51,524
53,343
49,325
51,234
51,198
51,272
53,630
10,398
51,295
53,324
51,233
51,570
19,642
53,462
51,618
53,438
51,68
53,266
9,192
51,8
58,456
53,443
55,84
10,109
53,12
10,51
9,255
53,495
53,47
51,634
51,249
35,179
12,175
51,270
51,90
10,299
51,619
51,253
51,281
53,79
53,483
51,607
53,80
51,23
53,285
51,189
51,383
51,301
3,705
53,203
48,258
51,70
38,701
51,166
10,562
51,505
38,170
51,323
51,335
51,654
51,414
36,316
11,412
51,278
51,651
10,331
51,471
51,329
53,259
51,392
51,254
51,223
10,515
53,678
12,137
48,550
53,620
51,9
51,341
58,81
14,288
51,269
51,623
22,687
51,445
12,340
53,467
33,674
53,420
34,552
51,578
51,372
53,353
51,129
51,390
10,470
51,449
48,277
51,629
51,108
58,333
54,217
53,256
51,176
10,556
51,291
51,231
53,1
22,566
51,588
10,520
51,2
39,248
53,626
14,360
51,679
51,670
10,246
51,308
10,589
53,349
25,346
51,206
51,422
51,426
53,62
51,173
51,11
10,557
51,564
10,671
51,307
51,532
51,135
21,126
53,580
23,535
51,134
51,72
53,368
10,29
51,703
53,294
51,181
51,704
56,186
53,482
51,155
26,112
53,401
64,121
51,106
10,702
30,431
53,534
10,459
51,92
51,127
53,257
53,361
51,334
12,510
38,53
53,337
40,548
38,85
51,78
10,650
51,522
51,480
51,320
23,344
51,322
10,366
51,275
51,621
10,498
10,271
10,4
10,241
48,567
53,563
48,180
51,465
51,242
53,364
46,633
38,367
51,27
10,537
13,487
51,377
53,191
10,292
38,282
51,525
61,50
10,101
2,86
51,61
53,592
51,660
10,559
51,543
51,208
51,143
10,243
51,405
49,474
53,15
38,245
51,695
53,283
51,659
51,613
51,442
10,3
16,116
63,546
71,52
51,250
51,315
10,35
51,627
51,586
11,227
51,393
51,347
51,305
51,156
51,146
53,576
51,185
24,547
51,13
53,332
51,489
53,99
51,657
51,188
51,32
51,164
51,395
10,194
12,14
8,424
15,662
51,435
53,549
53,264
48,58
10,500
51,228
48,274
53,656
13,273
66,138
10,352
51,685
60,141
53,572
53,244
53,220
10,122
53,432
51,348
51,595
53,444
51,63
53,91
51,43
53,330
53,6
53,55
51,402
17,358
14,293
4,614
51,531
51,105
10,93
53,455
51,69
31,31
53,212
51,396
10,140
10,388
53,313
10,560
10,625
53,222
10,209
51,484
51,646
51,450
51,616
51,56
53,615
18,144
68,107
38,28
51,363
51,210
48,645
53,587
51,75
51,647
57,100
67,125
53,418
51,669
51,235
53,541
51,506
10,603
51,491
48,300
51,94
53,88
51,518
53,286
51,382
51,318
53,504
10,46
51,478
51,453
51,338
51,357
51,523
53,568
36,205
37,211
39,653
53,457
