46,421
48,411
10,17
10,207
39,476
10,513
39,681
39,700
37,279
39,147
28,149
39,428
10,636
10,327
10,187
39,585
39,440
39,441
39,638
39,60
39,677
39,416
39,240
39,113
39,384
39,132
10,110
7,152
28,604
39,321
10,399
10,610
39,169
39,219
10,594
39,20
39,77
39,5
39,64
39,204
39,400
39,339
10,503
39,167
39,622
17,499
39,362
39,473
39,103
10,527
39,508
10,635
10,666
39,216
10,7
8,612
39,454
10,232
39,260
39,693
10,526
28,497
10,252
39,439
39,262
39,221
39,511
39,16
10,229
39,41
39,280
28,698
39,554
39,128
4,540
39,114
39,494
10,561
39,304
39,154
37,684
39,39
39,600
39,261
10,40
10,184
39,97
19,354
39,423
39,76
10,139
26,21
10,530
18,437
39,597
39,118
39,356
39,290
10,544
3,386
10,65
39,697
39,583
39,688
10,195
27,501
7,200
31,73
39,82
39,611
39,89
28,317
39,571
39,448
39,49
10,133
39,430
39,98
39,276
39,521
27,319
10,447
39,663
39,183
3,263
28,312
26,54
39,71
36,696
39,202
39,690
39,102
39,652
28,628
28,302
39,655
37,538
10,496
39,672
9,461
10,433
39,178
10,123
8,575
39,648
10,584
39,590
39,479
39,617
39,182
39,664
39,609
39,602
39,514
28,436
10,486
39,488
39,190
39,640
39,326
39,413
39,268
39,369
10,676
39,57
39,649
39,593
39,83
39,429
39,485
39,298
39,553
28,425
39,30
39,287
34,160
39,460
39,517
39,644
10,542
28,328
39,373
39,87
39,365
10,558
28,667
39,157
10,408
39,380
39,427
10,42
39,581
39,468
10,464
39,224
39,104
39,596
39,25
39,606
39,38
39,237
39,34
39,492
39,574
1,475
28,36
39,174
10,306
11,407
5,406
24,415
10,142
39,153
39,417
39,375
39,355
32,493
39,599
39,136
10,539
39,342
11,569
42,96
39,310
39,59
39,536
10,598
10,168
39,370
39,226
30,177
39,145
39,463
39,565
18,213
39,686
39,699
39,196
39,389
39,469
10,378
10,311
10,404
10,238
10,10
52,608
39,284
48,336
39,165
10,466
39,297
39,22
39,682
42,452
39,158
33,247
10,673
39,502
38,481
39,434
39,351
39,577
39,591
10,374
39,67
39,545
39,692
39,381
37,19
39,403
10,573
39,172
10,74
10,665
10,507
39,314
43,45
39,119
39,265
39,451
39,296
10,225
10,151
39,193
39,159
15,18
39,490
37,680
39,131
39,201
30,528
10,236
10,579
28,658
39,394
39,632
39,376
39,117
39,689
18,446
39,385
39,519
39,95
39,124
10,391
39,197
28,350
51,641
39,345
39,214
39,148
39,26
9,251
39,582
10,605
39,529
39,161
15,624
39,668
10,661
39,24
10,509
39,555
39,309
39,472
39,218
39,359
39,379
38,215
10,477
39,163
10,230
31,533
10,111
39,150
39,66
10,419
21,33
39,397
37,639
37,601
39,387
39,267
10,551
39,289
28,683
10,675
10,171
28,516
39,199
39,120
10,410
36,643
39,162
39,44
39,239
20,458
10,637
39,694
48,37
10,691
39,409
6,371
10,631
39,115
10,48
10,512
28,303
39,130
39,524
39,343
37,325
39,234
39,198
39,272
39,630
10,398
39,295
39,324
39,233
39,570
15,642
39,462
39,618
39,438
39,68
39,266
9,192
39,8
43,456
39,443
41,84
10,109
39,12
10,51
9,255
39,495
39,47
39,634
39,249
27,179
10,175
39,270
39,90
10,299
39,619
39,253
39,281
39,79
39,483
39,607
39,80
39,23
39,285
39,189
39,383
39,301
3,705
39,203
37,258
39,70
28,701
39,166
10,562
39,505
28,170
39,323
39,335
39,654
39,414
27,316
10,412
39,278
39,651
10,331
39,471
39,329
39,259
39,392
39,254
39,223
10,515
39,678
10,137
37,550
39,620
39,9
39,341
43,81
11,288
39,269
39,623
17,687
39,445
10,340
39,467
25,674
39,420
26,552
39,578
39,372
39,353
39,129
39,390
10,470
39,449
37,277
39,629
39,108
43,333
40,217
39,256
39,176
10,556
39,291
39,231
39,1
17,566
39,588
10,520
39,2
28,248
39,626
11,360
39,679
39,670
10,246
39,308
10,589
39,349
18,346
39,206
39,422
39,426
39,62
39,173
39,11
10,557
39,564
10,671
39,307
39,532
39,135
16,126
39,580
18,535
39,134
39,72
39,368
10,29
39,703
39,294
39,181
39,704
42,186
39,482
39,155
19,112
39,401
48,121
39,106
10,702
22,431
39,534
10,459
39,92
39,127
39,257
39,361
39,334
10,510
28,53
39,337
29,548
28,85
39,78
10,650
39,522
39,480
39,320
18,344
39,322
10,366
39,275
39,621
10,498
10,271
10,4
10,241
37,567
39,563
37,180
39,465
39,242
39,364
35,633
28,367
39,27
10,537
11,487
39,377
39,191
10,292
28,282
39,525
45,50
10,101
2,86
39,61
39,592
39,660
10,559
39,543
39,208
39,143
10,243
39,405
37,474
39,15
28,245
39,695
39,283
39,659
39,613
39,442
10,3
12,116
47,546
53,52
39,250
39,315
10,35
39,627
39,586
10,227
39,393
39,347
39,305
39,156
39,146
39,576
39,185
18,547
39,13
39,332
39,489
39,99
39,657
39,188
39,32
39,164
39,395
10,194
10,14
8,424
11,662
39,435
39,549
39,264
37,58
10,500
39,228
37,274
39,656
11,273
48,138
10,352
39,685
44,141
39,572
39,244
39,220
10,122
39,432
39,348
39,595
39,444
39,63
39,91
39,43
39,330
39,6
39,55
39,402
13,358
11,293
4,614
39,531
39,105
10,93
39,455
39,69
23,31
39,212
39,396
10,140
10,388
39,313
10,560
10,625
39,222
10,209
39,484
39,646
39,450
39,616
39,56
39,615
14,144
50,107
28,28
39,363
39,210
37,645
39,587
39,75
39,647
42,100
49,125
39,418
39,669
39,235
39,541
39,506
10,603
39,491
37,300
39,94
39,88
39,518
39,286
39,382
39,318
39,504
10,46
39,478
39,453
39,338
39,357
39,523
39,568
27,205
28,211
28,653
39,457
