15,307
15,518
15,190
10,422
10,622
2,230
15,494
10,7
10,371
17,500
15,749
14,497
16,534
15,711
31,19
15,717
11,635
10,627
15,742
15,713
10,203
10,463
15,583
15,747
15,323
15,496
15,723
11,690
17,661
22,670
10,70
9,701
37,639
15,358
10,283
27,399
24,510
33,158
16,609
10,150
15,710
24,391
10,737
11,550
5,188
15,453
15,472
15,567
28,738
35,236
35,529
3,434
16,14
15,593
15,699
17,278
15,235
15,71
15,25
15,605
15,382
34,630
10,46
15,473
37,435
15,603
10,644
16,604
43,172
15,152
15,201
15,153
15,720
15,340
10,741
2,269
3,731
15,298
3,488
5,41
15,378
3,458
2,480
34,743
15,705
10,255
10,576
21,229
10,479
15,396
15,442
16,633
15,383
10,78
15,218
15,548
10,189
15,133
16,261
15,111
36,20
3,267
28,281
15,328
43,678
44,415
10,318
11,142
10,504
15,522
15,681
24,572
10,707
8,259
3,96
15,200
47,3
15,125
34,372
10,695
15,613
4,220
16,694
34,162
15,573
15,72
18,512
17,539
33,73
15,407
34,433
44,179
15,379
41,507
15,698
15,598
5,532
10,315
15,360
15,525
15,338
15,735
39,725
5,226
39,728
2,100
15,553
10,543
34,93
15,74
15,257
15,658
15,537
15,34
29,57
6,493
15,653
15,334
15,126
10,85
10,621
15,600
15,240
15,570
15,198
10,224
15,171
10,417
15,623
15,157
15,136
15,186
19,64
15,716
15,719
15,536
3,364
33,652
15,599
3,47
10,205
15,317
15,183
10,81
10,116
15,509
16,195
15,250
15,165
15,571
5,246
24,151
28,335
33,175
15,498
5,313
5,555
15,620
33,578
15,169
15,24
15,1
15,395
34,61
15,732
15,637
33,446
10,692
35,666
24,629
15,277
15,309
22,23
16,714
10,540
34,523
10,592
15,292
34,381
15,746
35,147
13,703
45,141
15,270
3,615
15,306
10,607
15,297
15,182
15,359
10,410
10,176
10,726
16,202
15,95
15,736
15,228
44,118
10,343
15,730
10,58
15,414
10,471
11,60
35,709
15,486
4,443
7,683
11,11
15,424
33,211
15,291
15,485
1,533
15,404
34,242
15,515
10,680
15,521
10,272
15,481
10,159
16,589
11,568
15,167
3,140
15,110
11,559
15,403
15,342
10,16
15,501
5,139
34,206
34,426
3,405
15,503
15,341
16,27
30,212
15,331
36,686
15,684
28,641
34,631
44,252
13,505
28,344
10,355
17,314
15,447
15,495
10,474
5,624
43,357
35,483
15,398
15,712
11,367
28,98
10,706
5,164
5,2
10,54
10,406
15,347
15,619
5,418
15,420
10,490
31,665
10,632
15,451
15,676
15,352
43,366
15,163
15,370
10,59
35,580
24,237
4,325
15,350
11,502
15,362
3,664
15,90
15,544
2,660
33,26
15,663
10,380
43,327
15,170
15,584
10,130
11,449
15,91
16,421
15,587
15,55
15,389
15,135
15,174
8,154
10,66
15,121
10,265
34,104
15,253
9,48
15,638
28,640
10,279
15,588
11,552
15,92
15,214
15,53
15,39
10,642
15,662
34,187
15,263
10,724
15,601
15,400
34,636
10,466
15,99
15,234
15,13
33,68
10,430
5,439
24,339
23,123
15,393
15,748
15,290
15,56
15,693
15,10
5,29
37,597
10,128
10,127
4,222
15,287
34,12
15,647
5,477
17,594
10,476
15,289
15,354
10,258
15,557
15,394
16,560
10,241
2,35
15,262
15,348
15,148
15,563
15,89
10,590
33,301
15,160
10,94
5,138
10,454
15,530
15,319
19,346
15,546
15,361
38,516
15,271
15,535
15,332
28,239
15,168
34,67
15,437
42,541
10,5
28,387
16,369
10,464
8,657
15,634
15,31
15,113
10,86
10,628
3,750
16,436
5,310
24,667
15,18
15,4
3,669
1,120
15,293
15,161
5,232
15,491
11,654
15,411
34,668
15,616
10,729
11,562
2,462
24,305
15,374
41,208
10,484
30,231
10,595
15,511
10,655
5,227
16,260
35,8
10,97
35,9
31,401
15,547
15,460
15,107
15,21
43,166
10,538
10,554
10,184
15,181
15,564
15,468
5,40
15,185
10,478
15,75
15,87
26,304
15,63
5,397
15,649
10,43
34,428
15,431
15,606
15,336
15,408
15,519
15,574
43,520
15,233
15,22
15,673
15,312
15,109
15,217
4,581
15,386
5,413
15,243
15,733
10,659
15,365
2,215
3,517
15,558
10,687
10,17
15,689
10,299
10,596
15,356
15,455
15,28
2,648
15,44
7,744
33,249
34,108
15,450
10,244
34,324
15,677
15,682
15,650
10,337
15,264
15,268
10,700
15,561
15,674
10,32
34,351
15,651
15,345
35,432
10,114
10,551
15,173
34,416
15,672
8,88
16,444
15,115
10,77
15,82
24,225
10,177
11,514
15,266
10,52
11,276
10,611
10,625
10,79
2,102
5,438
15,180
15,326
29,708
15,524
15,402
15,83
15,645
10,146
25,456
15,565
34,513
15,685
24,76
15,329
10,585
25,6
15,506
15,122
2,388
39,322
15,247
16,445
15,254
10,608
5,375
15,465
15,392
10,591
10,303
11,197
17,308
15,45
15,80
15,508
16,727
33,294
15,702
15,721
15,273
10,137
15,489
5,302
15,144
44,191
3,196
34,482
15,643
35,448
15,566
10,618
33,715
5,384
15,412
15,440
15,156
15,526
15,248
15,722
3,691
34,531
15,452
10,492
15,349
15,363
15,675
15,119
15,368
10,124
15,740
16,274
15,62
15,390
15,612
16,542
15,275
16,216
5,256
15,219
2,549
35,149
10,688
11,577
10,285
11,131
12,425
15,204
15,626
10,528
10,84
24,469
10,51
15,753
10,209
15,296
15,50
16,221
15,245
15,646
15,545
15,671
10,614
10,320
10,467
15,282
35,101
20,194
10,199
11,602
34,207
15,409
11,178
15,129
28,251
15,617
15,527
11,373
15,330
15,38
2,15
15,470
11,311
34,704
11,739
15,49
34,679
15,745
17,103
15,353
15,193
38,288
43,429
15,423
15,300
11,284
15,36
5,487
15,280
32,461
15,569
15,155
15,112
2,718
15,579
15,734
15,37
15,192
15,457
15,210
5,656
15,556
15,376
24,321
15,441
15,42
5,582
7,575
15,30
16,213
15,377
15,33
5,65
15,385
10,419
15,696
15,69
15,333
10,105
24,316
15,475
15,295
15,499
15,697
28,134
34,459
15,427
15,586
15,145
11,143
28,751
15,238
15,610
17,106
15,132
10,286
40,223
46,752
35,117
