23,421
25,411
4,17
4,207
20,476
4,513
20,681
20,700
20,279
20,147
15,149
20,428
4,636
4,327
4,187
20,585
20,440
20,441
20,638
20,60
20,677
20,416
20,240
20,113
20,384
20,132
4,110
4,152
15,604
20,321
4,399
4,610
20,169
20,219
4,594
20,20
20,77
20,5
20,64
20,204
20,400
20,339
4,503
20,167
20,622
7,499
20,362
20,473
20,103
4,527
20,508
4,635
4,666
20,216
4,7
4,612
20,454
4,232
20,260
20,693
4,526
15,497
4,252
20,439
20,262
20,221
20,511
20,16
4,229
20,41
20,280
15,698
20,554
20,128
4,540
20,114
20,494
4,561
20,304
20,154
20,684
20,39
20,600
20,261
4,40
4,184
20,97
8,354
20,423
20,76
4,139
13,21
4,530
8,437
20,597
20,118
20,356
20,290
4,544
3,386
4,65
20,697
20,583
20,688
4,195
14,501
4,200
18,73
20,82
20,611
20,89
15,317
20,571
20,448
20,49
4,133
20,430
20,98
20,276
20,521
14,319
4,447
20,663
20,183
3,263
15,312
13,54
20,71
20,696
20,202
20,690
20,102
20,652
15,628
15,302
20,655
20,538
4,496
20,672
4,461
4,433
20,178
4,123
4,575
20,648
4,584
20,590
20,479
20,617
20,182
20,664
20,609
20,602
20,514
15,436
4,486
20,488
20,190
20,640
20,326
20,413
20,268
20,369
4,676
20,57
20,649
20,593
20,83
20,429
20,485
20,298
20,553
15,425
20,30
20,287
18,160
20,460
20,517
20,644
4,542
15,328
20,373
20,87
20,365
4,558
15,667
20,157
4,408
20,380
20,427
4,42
20,581
20,468
4,464
20,224
20,104
20,596
20,25
20,606
20,38
20,237
20,34
20,492
20,574
1,475
15,36
20,174
4,306
4,407
4,406
11,415
4,142
20,153
20,417
20,375
20,355
18,493
20,599
20,136
4,539
20,342
4,569
20,96
20,310
20,59
20,536
4,598
4,168
20,370
20,226
17,177
20,145
20,463
20,565
8,213
20,686
20,699
20,196
20,389
20,469
4,378
4,311
4,404
4,238
4,10
28,608
20,284
25,336
20,165
4,466
20,297
20,22
20,682
20,452
20,158
18,247
4,673
20,502
20,481
20,434
20,351
20,577
20,591
4,374
20,67
20,545
20,692
20,381
20,19
20,403
4,573
20,172
4,74
4,665
4,507
20,314
21,45
20,119
20,265
20,451
20,296
4,225
4,151
20,193
20,159
6,18
20,490
20,680
20,131
20,201
17,528
4,236
4,579
15,658
20,394
20,632
20,376
20,117
20,689
8,446
20,385
20,519
20,95
20,124
4,391
20,197
15,350
28,641
20,345
20,214
20,148
20,26
4,251
20,582
4,605
20,529
20,161
6,624
20,668
4,661
20,24
4,509
20,555
20,309
20,472
20,218
20,359
20,379
20,215
4,477
20,163
4,230
18,533
4,111
20,150
20,66
4,419
9,33
20,397
20,639
20,601
20,387
20,267
4,551
20,289
15,683
4,675
4,171
15,516
20,199
20,120
4,410
20,643
20,162
20,44
20,239
9,458
4,637
20,694
25,37
4,691
20,409
4,371
4,631
20,115
4,48
4,512
15,303
20,130
20,524
20,343
20,325
20,234
20,198
20,272
20,630
4,398
20,295
20,324
20,233
20,570
6,642
20,462
20,618
20,438
20,68
20,266
4,192
20,8
21,456
20,443
20,84
4,109
20,12
4,51
4,255
20,495
20,47
20,634
20,249
14,179
4,175
20,270
20,90
4,299
20,619
20,253
20,281
20,79
20,483
20,607
20,80
20,23
20,285
20,189
20,383
20,301
3,705
20,203
20,258
20,70
15,701
20,166
4,562
20,505
15,170
20,323
20,335
20,654
20,414
14,316
4,412
20,278
20,651
4,331
20,471
20,329
20,259
20,392
20,254
20,223
4,515
20,678
4,137
20,550
20,620
20,9
20,341
21,81
4,288
20,269
20,623
7,687
20,445
4,340
20,467
12,674
20,420
13,552
20,578
20,372
20,353
20,129
20,390
4,470
20,449
20,277
20,629
20,108
21,333
20,217
20,256
20,176
4,556
20,291
20,231
20,1
7,566
20,588
4,520
20,2
15,248
20,626
4,360
20,679
20,670
4,246
20,308
4,589
20,349
8,346
20,206
20,422
20,426
20,62
20,173
20,11
4,557
20,564
4,671
20,307
20,532
20,135
6,126
20,580
8,535
20,134
20,72
20,368
4,29
20,703
20,294
20,181
20,704
20,186
20,482
20,155
8,112
20,401
25,121
20,106
4,702
10,431
20,534
4,459
20,92
20,127
20,257
20,361
20,334
4,510
15,53
20,337
16,548
15,85
20,78
4,650
20,522
20,480
20,320
8,344
20,322
4,366
20,275
20,621
4,498
4,271
4,4
4,241
20,567
20,563
20,180
20,465
20,242
20,364
19,633
15,367
20,27
4,537
4,487
20,377
20,191
4,292
15,282
20,525
23,50
4,101
2,86
20,61
20,592
20,660
4,559
20,543
20,208
20,143
4,243
20,405
20,474
20,15
15,245
20,695
20,283
20,659
20,613
20,442
4,3
4,116
24,546
29,52
20,250
20,315
4,35
20,627
20,586
4,227
20,393
20,347
20,305
20,156
20,146
20,576
20,185
8,547
20,13
20,332
20,489
20,99
20,657
20,188
20,32
20,164
20,395
4,194
4,14
4,424
4,662
20,435
20,549
20,264
20,58
4,500
20,228
20,274
20,656
4,273
25,138
4,352
20,685
22,141
20,572
20,244
20,220
4,122
20,432
20,348
20,595
20,444
20,63
20,91
20,43
20,330
20,6
20,55
20,402
4,358
4,293
4,614
20,531
20,105
4,93
20,455
20,69
11,31
20,212
20,396
4,140
4,388
20,313
4,560
4,625
20,222
4,209
20,484
20,646
20,450
20,616
20,56
20,615
5,144
27,107
15,28
20,363
20,210
20,645
20,587
20,75
20,647
20,100
26,125
20,418
20,669
20,235
20,541
20,506
4,603
20,491
20,300
20,94
20,88
20,518
20,286
20,382
20,318
20,504
4,46
20,478
20,453
20,338
20,357
20,523
20,568
14,205
15,211
15,653
20,457
