55,798
56,410
37,575
56,901
29,705
56,80
56,580
56,884
66,29
56,451
56,572
63,85
56,22
7,985
56,547
56,816
56,161
7,914
56,234
79,927
56,204
56,242
6,296
56,301
7,1036
56,746
56,1074
66,656
56,393
73,883
79,512
56,791
7,802
56,843
6,254
71,356
56,114
56,1014
56,544
56,413
56,961
56,730
56,594
56,69
56,817
56,428
7,767
56,1065
56,850
7,76
56,760
56,935
56,644
56,374
56,881
54,576
56,989
56,754
56,68
56,229
56,695
28,239
23,1018
56,943
7,632
56,260
7,1062
56,861
56,655
56,1063
56,972
56,1081
56,498
56,951
56,763
56,991
56,846
41,782
36,723
56,444
56,625
56,494
31,419
7,72
56,115
11,677
58,24
59,209
7,238
56,837
56,476
56,178
56,380
56,1000
24,1075
56,939
56,287
56,667
56,578
56,27
56,262
63,762
56,128
72,790
63,528
56,1033
63,364
14,622
56,740
66,557
56,771
56,758
74,345
56,327
56,593
56,968
62,471
56,425
61,437
6,32
56,608
56,495
56,944
56,1048
56,360
56,98
74,43
56,252
56,922
56,71
56,744
56,707
56,688
56,661
7,282
18,866
56,328
56,863
55,905
56,423
78,375
56,320
56,138
56,45
56,454
78,1071
56,830
56,398
56,196
56,946
10,506
56,774
56,959
63,882
56,155
56,603
66,911
56,10
56,501
56,394
56,118
56,776
56,783
63,1020
56,106
2,480
56,674
56,1029
56,1061
56,854
56,497
56,979
56,162
56,713
56,827
56,847
56,696
56,1017
56,1013
56,650
62,8
56,250
56,399
56,913
56,187
50,335
56,152
56,909
63,182
56,39
7,230
15,122
56,245
56,490
56,317
56,452
56,6
56,321
74,134
56,848
56,435
56,1050
7,964
56,1021
53,348
56,651
7,469
56,525
56,875
74,334
56,443
56,460
63,933
12,940
56,565
24,589
2,1042
55,606
50,7
56,404
56,967
76,1077
74,676
56,34
56,163
70,395
11,521
56,958
56,315
56,897
56,896
66,121
6,353
56,279
56,825
54,396
54,388
56,426
56,996
50,742
56,1022
56,90
56,862
63,669
56,73
56,639
56,401
56,188
74,636
56,948
56,144
56,379
56,206
56,212
56,418
11,251
56,954
56,1047
56,201
56,607
61,167
56,824
56,546
56,835
66,947
56,489
56,869
56,125
56,44
56,259
56,941
21,778
55,132
74,145
56,801
56,183
56,59
41,965
56,293
56,716
56,482
56,635
56,366
7,37
56,851
50,793
56,343
73,175
56,450
6,342
56,765
56,173
56,785
56,277
56,720
56,936
56,690
74,659
24,826
56,246
56,4
56,446
21,809
64,302
56,524
53,448
56,432
56,1010
58,916
56,478
61,496
11,97
56,1034
56,995
56,624
52,605
56,683
56,743
56,484
56,441
56,769
33,852
81,468
7,717
74,642
63,1044
56,945
56,48
56,314
56,646
7,463
9,149
67,545
56,714
56,235
56,590
7,92
56,810
6,54
7,626
56,858
56,592
56,1002
56,813
56,554
60,285
24,1009
56,596
51,617
78,409
56,295
56,1058
56,955
46,523
19,671
56,1060
7,1043
56,581
56,703
56,849
1,224
56,853
56,819
56,618
72,179
56,459
6,520
7,583
56,892
56,726
56,1027
65,281
56,595
56,534
56,58
56,770
80,363
78,57
56,615
56,530
56,840
7,877
56,267
56,406
49,369
56,103
56,719
56,159
41,263
21,807
7,795
56,329
56,215
56,445
56,70
56,491
66,283
56,96
56,436
56,893
56,91
2,225
56,449
56,220
55,153
56,918
56,833
56,508
56,112
56,535
66,814
55,99
56,156
56,1032
61,258
56,976
56,424
56,300
56,888
6,1041
18,341
56,143
56,573
56,13
56,371
56,297
56,993
56,66
56,680
7,682
55,1008
56,1056
56,292
63,202
56,732
56,868
56,1028
51,307
57,319
49,666
56,427
56,81
56,42
56,313
56,461
56,243
41,376
56,19
56,75
56,1007
56,241
56,597
50,310
56,147
56,195
56,473
55,929
7,555
56,74
56,1003
56,221
56,502
56,176
56,291
56,124
56,942
56,53
56,172
56,55
56,756
56,867
63,169
56,109
41,2
47,160
56,381
56,988
56,872
74,697
56,370
55,1066
56,586
56,174
56,815
56,963
63,526
20,540
56,962
56,982
56,969
56,462
7,731
49,515
56,17
56,519
56,588
56,569
56,1052
7,417
56,483
56,51
56,384
7,477
56,999
78,1030
56,784
7,433
56,591
72,336
50,392
5,834
56,40
54,548
7,908
56,289
78,702
16,1069
56,467
56,558
56,653
56,986
56,701
56,957
56,131
56,386
56,93
56,383
56,704
74,937
56,60
7,749
61,248
56,992
56,998
56,275
74,488
56,823
56,748
7,930
56,974
56,414
78,1070
41,637
56,148
56,518
56,1083
56,11
56,692
56,829
7,745
56,77
54,165
56,208
56,582
56,1076
63,407
56,268
56,910
7,629
7,538
7,100
63,41
7,500
74,1053
56,902
56,403
56,271
78,777
56,422
7,318
63,647
56,752
56,627
6,116
56,21
56,665
63,197
56,878
66,26
56,266
56,184
56,228
56,130
60,796
63,442
56,198
78,158
56,859
56,193
56,686
56,983
56,755
56,549
56,338
56,634
56,111
56,567
50,264
56,200
11,984
26,280
56,465
56,724
8,133
56,373
56,779
56,429
56,455
63,738
7,129
78,753
74,658
7,1049
12,269
56,657
66,678
56,137
56,94
78,1051
56,180
7,973
56,923
39,168
56,82
56,672
56,1072
56,831
45,464
56,856
77,880
49,305
56,1045
63,64
56,747
56,126
56,344
56,185
20,52
56,602
56,537
63,49
56,211
63,949
56,640
74,257
56,938
56,800
7,1067
79,308
56,276
56,150
74,551
56,255
7,270
56,855
56,599
56,541
56,190
56,247
74,781
56,1078
7,351
7,294
56,231
56,950
56,38
56,710
6,1019
56,15
25,359
56,358
56,773
65,527
56,16
7,170
56,140
56,123
56,101
7,177
56,171
56,362
56,400
56,1057
63,533
66,934
56,470
7,1079
56,750
34,387
56,352
54,466
56,522
7,620
19,46
56,194
56,416
56,891
63,504
68,1035
72,1068
56,681
56,553
56,485
56,253
56,456
74,1055
56,566
61,61
46,1054
56,1024
3,142
11,797
56,994
56,664
21,926
56,408
56,330
7,899
56,727
56,735
7,864
63,439
56,997
56,431
7,405
56,218
57,457
66,1037
61,1
56,273
56,139
56,412
62,481
11,56
57,236
49,237
7,552
56,513
80,691
56,306
11,205
56,309
56,87
56,88
56,1011
56,598
56,873
56,286
56,1039
56,219
75,510
56,453
56,186
56,240
56,349
56,438
43,385
56,631
7,736
56,440
7,768
56,493
56,316
66,584
56,346
61,698
56,894
49,102
56,189
56,772
56,1073
63,571
56,107
56,643
6,641
56,472
56,105
56,486
56,684
7,154
56,722
56,213
56,885
56,556
56,562
64,434
11,1031
41,585
24,326
56,244
56,609
27,924
56,903
41,12
56,164
56,577
56,633
56,1004
40,981
56,261
56,119
56,708
11,895
7,766
74,532
7,729
56,311
44,415
56,117
56,733
78,181
38,304
56,786
56,265
56,990
56,1064
56,411
6,232
56,28
7,110
7,728
78,1026
56,157
56,397
56,966
56,9
56,616
78,579
56,764
56,685
56,372
78,673
56,333
56,757
56,915
7,876
56,808
7,628
74,709
56,354
6,475
74,917
56,699
11,78
11,919
56,890
56,389
56,932
56,474
56,447
56,794
56,278
56,543
56,788
56,887
56,223
78,210
56,564
56,274
7,325
56,1001
56,842
56,199
57,660
7,706
56,127
56,612
56,652
56,805
24,1040
11,529
56,839
50,113
78,536
56,645
43,249
56,479
56,298
1,751
56,288
56,30
56,222
56,365
56,509
63,104
7,700
42,630
56,822
7,141
41,828
56,587
56,505
56,619
63,977
61,378
56,832
56,811
7,611
56,874
79,568
56,146
56,920
63,542
7,350
56,857
69,516
11,1059
56,900
56,20
56,649
56,31
2,931
56,739
56,377
43,906
56,1046
48,226
56,36
41,928
78,323
13,970
56,83
56,322
63,689
4,79
56,1015
56,799
71,623
56,812
56,3
79,956
41,5
56,514
56,820
56,980
56,610
56,721
56,761
56,860
56,550
56,33
56,560
56,780
56,718
56,1023
56,1080
56,836
56,675
56,382
56,663
56,886
7,18
7,391
56,337
56,987
30,492
56,821
56,1006
56,865
7,804
56,203
56,838
56,725
56,1038
56,613
66,67
56,1025
56,889
56,507
32,65
22,207
56,531
56,357
56,662
14,25
56,693
78,559
6,898
56,499
7,368
61,47
56,654
56,14
56,50
56,539
56,84
7,503
56,904
56,570
66,679
56,759
56,1005
56,324
56,430
56,648
56,561
55,135
56,191
56,563
56,340
74,960
56,806
56,621
63,1012
7,687
7,953
56,952
56,284
56,458
56,89
50,331
7,737
56,604
56,290
35,233
17,23
56,120
56,339
56,35
56,978
56,367
56,775
7,420
56,841
7,668
66,574
56,818
56,511
56,925
56,332
63,151
56,256
56,871
56,907
56,844
56,741
55,734
7,712
50,312
74,803
56,600
56,845
56,227
56,787
56,86
69,108
56,975
56,192
56,214
56,614
56,921
56,517
56,1016
56,402
56,912
56,217
56,166
56,1082
79,879
56,361
56,711
56,303
56,390
66,715
56,272
56,638
56,487
56,694
56,355
56,421
56,136
56,971
63,63
56,347
56,299
56,789
56,870
56,95
56,216
7,601
56,670
1,792
56,62
