9,421
10,411
2,17
2,207
8,476
2,513
8,681
8,700
8,279
8,147
7,149
8,428
2,636
2,327
2,187
8,585
8,440
8,441
8,638
8,60
8,677
8,416
8,240
8,113
8,384
8,132
2,110
2,152
7,604
8,321
2,399
2,610
8,169
8,219
2,594
8,20
8,77
8,5
8,64
8,204
8,400
8,339
2,503
8,167
8,622
3,499
8,362
8,473
8,103
2,527
8,508
2,635
2,666
8,216
2,7
2,612
8,454
2,232
8,260
8,693
2,526
7,497
2,252
8,439
8,262
8,221
8,511
8,16
2,229
8,41
8,280
7,698
8,554
8,128
2,540
8,114
8,494
2,561
8,304
8,154
8,684
8,39
8,600
8,261
2,40
2,184
8,97
3,354
8,423
8,76
2,139
6,21
2,530
3,437
8,597
8,118
8,356
8,290
2,544
2,386
2,65
8,697
8,583
8,688
2,195
7,501
2,200
8,73
8,82
8,611
8,89
7,317
8,571
8,448
8,49
2,133
8,430
8,98
8,276
8,521
7,319
2,447
8,663
8,183
2,263
7,312
6,54
8,71
8,696
8,202
8,690
8,102
8,652
7,628
7,302
8,655
8,538
2,496
8,672
2,461
2,433
8,178
2,123
2,575
8,648
2,584
8,590
8,479
8,617
8,182
8,664
8,609
8,602
8,514
7,436
2,486
8,488
8,190
8,640
8,326
8,413
8,268
8,369
2,676
8,57
8,649
8,593
8,83
8,429
8,485
8,298
8,553
7,425
8,30
8,287
8,160
8,460
8,517
8,644
2,542
7,328
8,373
8,87
8,365
2,558
7,667
8,157
2,408
8,380
8,427
2,42
8,581
8,468
2,464
8,224
8,104
8,596
8,25
8,606
8,38
8,237
8,34
8,492
8,574
1,475
7,36
8,174
2,306
2,407
2,406
4,415
2,142
8,153
8,417
8,375
8,355
8,493
8,599
8,136
2,539
8,342
2,569
8,96
8,310
8,59
8,536
2,598
2,168
8,370
8,226
8,177
8,145
8,463
8,565
3,213
8,686
8,699
8,196
8,389
8,469
2,378
2,311
2,404
2,238
2,10
11,608
8,284
10,336
8,165
2,466
8,297
8,22
8,682
8,452
8,158
8,247
2,673
8,502
8,481
8,434
8,351
8,577
8,591
2,374
8,67
8,545
8,692
8,381
8,19
8,403
2,573
8,172
2,74
2,665
2,507
8,314
8,45
8,119
8,265
8,451
8,296
2,225
2,151
8,193
8,159
3,18
8,490
8,680
8,131
8,201
8,528
2,236
2,579
7,658
8,394
8,632
8,376
8,117
8,689
3,446
8,385
8,519
8,95
8,124
2,391
8,197
7,350
11,641
8,345
8,214
8,148
8,26
2,251
8,582
2,605
8,529
8,161
3,624
8,668
2,661
8,24
2,509
8,555
8,309
8,472
8,218
8,359
8,379
8,215
2,477
8,163
2,230
8,533
2,111
8,150
8,66
2,419
3,33
8,397
8,639
8,601
8,387
8,267
2,551
8,289
7,683
2,675
2,171
7,516
8,199
8,120
2,410
8,643
8,162
8,44
8,239
3,458
2,637
8,694
10,37
2,691
8,409
2,371
2,631
8,115
2,48
2,512
7,303
8,130
8,524
8,343
8,325
8,234
8,198
8,272
8,630
2,398
8,295
8,324
8,233
8,570
3,642
8,462
8,618
8,438
8,68
8,266
2,192
8,8
8,456
8,443
8,84
2,109
8,12
2,51
2,255
8,495
8,47
8,634
8,249
7,179
2,175
8,270
8,90
2,299
8,619
8,253
8,281
8,79
8,483
8,607
8,80
8,23
8,285
8,189
8,383
8,301
2,705
8,203
8,258
8,70
7,701
8,166
2,562
8,505
7,170
8,323
8,335
8,654
8,414
7,316
2,412
8,278
8,651
2,331
8,471
8,329
8,259
8,392
8,254
8,223
2,515
8,678
2,137
8,550
8,620
8,9
8,341
8,81
2,288
8,269
8,623
3,687
8,445
2,340
8,467
5,674
8,420
6,552
8,578
8,372
8,353
8,129
8,390
2,470
8,449
8,277
8,629
8,108
8,333
8,217
8,256
8,176
2,556
8,291
8,231
8,1
3,566
8,588
2,520
8,2
7,248
8,626
2,360
8,679
8,670
2,246
8,308
2,589
8,349
3,346
8,206
8,422
8,426
8,62
8,173
8,11
2,557
8,564
2,671
8,307
8,532
8,135
3,126
8,580
3,535
8,134
8,72
8,368
2,29
8,703
8,294
8,181
8,704
8,186
8,482
8,155
3,112
8,401
10,121
8,106
2,702
3,431
8,534
2,459
8,92
8,127
8,257
8,361
8,334
2,510
7,53
8,337
7,548
7,85
8,78
2,650
8,522
8,480
8,320
3,344
8,322
2,366
8,275
8,621
2,498
2,271
2,4
2,241
8,567
8,563
8,180
8,465
8,242
8,364
8,633
7,367
8,27
2,537
2,487
8,377
8,191
2,292
7,282
8,525
9,50
2,101
1,86
8,61
8,592
8,660
2,559
8,543
8,208
8,143
2,243
8,405
8,474
8,15
7,245
8,695
8,283
8,659
8,613
8,442
2,3
2,116
9,546
11,52
8,250
8,315
2,35
8,627
8,586
2,227
8,393
8,347
8,305
8,156
8,146
8,576
8,185
3,547
8,13
8,332
8,489
8,99
8,657
8,188
8,32
8,164
8,395
2,194
2,14
2,424
2,662
8,435
8,549
8,264
8,58
2,500
8,228
8,274
8,656
2,273
10,138
2,352
8,685
8,141
8,572
8,244
8,220
2,122
8,432
8,348
8,595
8,444
8,63
8,91
8,43
8,330
8,6
8,55
8,402
2,358
2,293
2,614
8,531
8,105
2,93
8,455
8,69
4,31
8,212
8,396
2,140
2,388
8,313
2,560
2,625
8,222
2,209
8,484
8,646
8,450
8,616
8,56
8,615
2,144
10,107
7,28
8,363
8,210
8,645
8,587
8,75
8,647
8,100
10,125
8,418
8,669
8,235
8,541
8,506
2,603
8,491
8,300
8,94
8,88
8,518
8,286
8,382
8,318
8,504
2,46
8,478
8,453
8,338
8,357
8,523
8,568
7,205
7,211
7,653
8,457
