26,564
87,532
87,151
87,452
87,372
66,475
40,422
87,539
67,476
137,88
142,593
87,210
87,507
86,78
30,596
87,65
87,509
127,220
67,99
67,165
78,279
87,84
87,196
73,310
138,406
87,521
136,296
91,12
87,79
87,407
85,16
99,303
87,558
88,23
87,625
25,392
67,340
139,4
84,216
147,365
7,209
12,515
87,56
87,437
87,562
87,234
137,120
36,546
143,627
38,351
87,495
85,371
87,529
38,344
50,395
87,439
87,145
84,149
21,277
27,519
26,482
27,161
70,300
125,366
87,110
87,584
76,606
86,187
87,350
109,294
63,308
23,53
26,347
92,283
73,43
123,213
135,607
87,360
87,173
99,223
87,465
87,45
85,585
87,413
87,536
66,218
14,158
87,321
87,200
67,621
26,569
87,81
97,224
126,111
97,66
110,493
87,114
133,46
87,178
139,212
106,113
125,487
49,469
84,89
66,115
129,13
104,135
84,333
141,8
87,500
87,597
65,97
87,555
87,228
87,592
80,44
87,280
79,622
58,603
87,5
3,259
143,570
33,57
43,619
26,22
120,17
88,510
107,3
85,561
122,69
100,324
27,260
33,553
59,383
87,281
87,291
88,82
28,26
27,479
6,602
108,342
145,315
23,85
33,363
87,236
104,30
13,498
130,29
87,225
85,524
87,313
17,468
45,573
149,198
95,626
90,444
78,580
87,238
100,335
86,533
87,289
62,176
84,586
28,245
87,591
27,249
88,471
87,599
1,168
3,620
27,33
85,528
87,282
39,401
27,192
87,269
113,35
87,51
139,2
42,298
63,136
48,214
80,385
71,560
58,359
28,292
87,615
52,484
26,550
126,257
35,480
87,429
97,556
41,92
13,425
87,117
26,409
87,322
72,554
87,472
23,450
88,445
26,514
139,325
51,263
75,217
109,527
74,68
87,604
87,440
63,14
87,160
87,104
87,587
81,577
87,456
87,108
87,631
140,448
87,629
112,618
97,301
87,581
87,39
87,497
67,58
26,364
87,397
66,163
2,424
88,458
27,339
49,382
87,150
26,361
87,31
24,457
87,540
69,582
128,567
9,172
65,490
37,434
3,83
87,253
40,346
67,415
66,129
87,511
97,52
1,594
3,167
85,202
68,34
22,137
3,605
87,231
61,127
87,600
87,537
91,410
111,544
87,288
96,116
58,305
66,183
114,215
26,595
87,338
56,156
98,508
100,157
29,21
68,118
67,461
13,67
87,75
67,624
87,24
87,428
87,199
87,208
87,206
133,502
71,28
97,261
64,74
89,278
87,19
99,247
87,394
87,90
48,20
87,473
61,9
87,489
18,275
87,37
65,226
87,357
84,6
144,229
87,266
26,248
80,86
94,504
132,105
87,571
138,242
87,112
65,417
100,311
87,299
57,254
87,274
143,535
27,181
19,464
71,211
3,71
87,370
87,393
29,513
87,408
87,389
26,486
10,334
129,287
18,239
134,427
23,184
3,285
87,319
64,63
87,566
133,387
132,551
82,542
83,270
87,447
38,531
87,314
28,265
87,185
15,119
85,134
87,549
132,380
128,295
87,258
87,162
1,193
148,250
26,286
26,430
29,93
67,572
40,222
87,95
87,377
85,271
19,155
87,412
84,264
87,272
87,462
34,557
50,159
8,131
63,312
87,80
87,32
12,290
30,390
93,579
13,306
98,375
3,608
145,388
61,496
38,146
83,107
87,399
27,207
87,518
3,70
70,96
102,101
64,559
99,128
35,141
87,177
63,221
67,262
87,609
126,474
84,267
47,483
105,543
20,188
87,354
1,491
22,1
118,268
48,189
87,326
87,416
63,598
87,197
88,73
144,235
95,125
87,203
32,435
85,227
26,494
65,61
28,91
27,355
130,304
26,530
87,545
37,421
84,526
87,132
128,432
71,588
72,139
87,610
97,523
124,438
27,171
47,481
85,419
26,166
48,384
87,317
27,62
87,175
86,60
48,232
142,630
48,343
87,454
87,418
126,449
54,164
84,186
28,138
87,520
148,201
87,331
145,72
28,143
18,403
84,255
85,576
83,237
50,517
138,36
77,273
100,356
119,616
63,323
87,15
138,374
131,485
87,601
87,613
3,414
87,362
87,318
67,522
115,455
87,329
87,297
21,506
121,512
87,400
87,59
27,477
87,345
116,501
87,568
31,152
64,195
87,376
3,147
67,276
85,42
26,373
143,87
87,628
26,293
87,534
103,525
84,611
87,552
46,405
87,590
15,182
91,436
48,441
66,443
3,503
20,433
87,398
90,368
87,55
87,459
85,233
20,103
63,617
87,124
87,538
11,153
25,499
109,205
87,180
23,194
87,50
19,341
27,54
87,381
48,423
26,243
86,548
87,174
87,246
26,7
54,358
87,133
87,123
48,144
63,367
87,191
88,391
44,48
87,505
85,332
143,488
55,121
53,386
88,320
26,170
87,252
128,589
37,256
60,378
87,470
55,244
48,402
87,251
87,352
87,169
87,230
100,632
87,369
106,41
87,140
87,612
87,327
143,241
87,516
135,49
70,122
85,563
16,541
87,492
87,316
65,302
97,411
87,11
117,442
141,623
22,575
84,109
146,219
101,614
87,204
84,100
85,179
132,38
87,460
87,25
87,466
84,309
27,47
3,10
48,578
87,633
87,40
87,379
85,453
81,142
87,77
87,565
26,27
87,353
88,451
32,154
87,148
87,420
86,328
88,106
87,467
87,349
102,240
111,426
27,547
48,583
5,307
32,337
140,348
87,284
29,98
43,336
84,330
87,94
87,396
87,446
87,190
141,64
73,102
87,18
87,126
87,463
14,478
84,76
27,130
84,431
4,404
146,574
