15,307
15,518
15,190
10,422
10,622
2,230
15,494
10,7
10,371
16,500
15,749
14,497
15,534
15,711
29,19
15,717
11,635
10,627
15,742
15,713
10,203
10,463
15,583
15,747
15,323
15,496
15,723
11,690
16,661
21,670
10,70
9,701
32,639
15,358
10,283
26,399
23,510
30,158
15,609
10,150
15,710
23,391
10,737
11,550
5,188
15,453
15,472
15,567
27,738
31,236
31,529
3,434
15,14
15,593
15,699
16,278
15,235
15,71
15,25
15,605
15,382
31,630
10,46
15,473
32,435
15,603
10,644
15,604
37,172
15,152
15,201
15,153
15,720
15,340
10,741
2,269
3,731
15,298
3,488
5,41
15,378
3,458
2,480
31,743
15,705
10,255
10,576
20,229
10,479
15,396
15,442
15,633
15,383
10,78
15,218
15,548
10,189
15,133
15,261
15,111
31,20
3,267
27,281
15,328
37,678
38,415
10,318
11,142
10,504
15,522
15,681
23,572
10,707
8,259
3,96
15,200
41,3
15,125
31,372
10,695
15,613
4,220
15,694
31,162
15,573
15,72
17,512
16,539
30,73
15,407
31,433
38,179
15,379
36,507
15,698
15,598
5,532
10,315
15,360
15,525
15,338
15,735
34,725
5,226
34,728
2,100
15,553
10,543
31,93
15,74
15,257
15,658
15,537
15,34
28,57
6,493
15,653
15,334
15,126
10,85
10,621
15,600
15,240
15,570
15,198
10,224
15,171
10,417
15,623
15,157
15,136
15,186
18,64
15,716
15,719
15,536
3,364
30,652
15,599
3,47
10,205
15,317
15,183
10,81
10,116
15,509
15,195
15,250
15,165
15,571
5,246
23,151
27,335
30,175
15,498
5,313
5,555
15,620
30,578
15,169
15,24
15,1
15,395
31,61
15,732
15,637
30,446
10,692
31,666
23,629
15,277
15,309
21,23
15,714
10,540
31,523
10,592
15,292
31,381
15,746
31,147
13,703
39,141
15,270
3,615
15,306
10,607
15,297
15,182
15,359
10,410
10,176
10,726
15,202
15,95
15,736
15,228
38,118
10,343
15,730
10,58
15,414
10,471
11,60
31,709
15,486
4,443
7,683
11,11
15,424
30,211
15,291
15,485
1,533
15,404
31,242
15,515
10,680
15,521
10,272
15,481
10,159
15,589
11,568
15,167
3,140
15,110
11,559
15,403
15,342
10,16
15,501
5,139
31,206
31,426
3,405
15,503
15,341
15,27
28,212
15,331
31,686
15,684
27,641
31,631
38,252
13,505
27,344
10,355
16,314
15,447
15,495
10,474
5,624
37,357
31,483
15,398
15,712
11,367
27,98
10,706
5,164
5,2
10,54
10,406
15,347
15,619
5,418
15,420
10,490
29,665
10,632
15,451
15,676
15,352
37,366
15,163
15,370
10,59
31,580
23,237
4,325
15,350
11,502
15,362
3,664
15,90
15,544
2,660
30,26
15,663
10,380
37,327
15,170
15,584
10,130
11,449
15,91
15,421
15,587
15,55
15,389
15,135
15,174
8,154
10,66
15,121
10,265
31,104
15,253
9,48
15,638
27,640
10,279
15,588
11,552
15,92
15,214
15,53
15,39
10,642
15,662
31,187
15,263
10,724
15,601
15,400
31,636
10,466
15,99
15,234
15,13
30,68
10,430
5,439
23,339
22,123
15,393
15,748
15,290
15,56
15,693
15,10
5,29
32,597
10,128
10,127
4,222
15,287
31,12
15,647
5,477
16,594
10,476
15,289
15,354
10,258
15,557
15,394
15,560
10,241
2,35
15,262
15,348
15,148
15,563
15,89
10,590
30,301
15,160
10,94
5,138
10,454
15,530
15,319
18,346
15,546
15,361
33,516
15,271
15,535
15,332
27,239
15,168
31,67
15,437
36,541
10,5
27,387
15,369
10,464
8,657
15,634
15,31
15,113
10,86
10,628
3,750
15,436
5,310
23,667
15,18
15,4
3,669
1,120
15,293
15,161
5,232
15,491
11,654
15,411
31,668
15,616
10,729
11,562
2,462
23,305
15,374
36,208
10,484
28,231
10,595
15,511
10,655
5,227
15,260
31,8
10,97
31,9
29,401
15,547
15,460
15,107
15,21
37,166
10,538
10,554
10,184
15,181
15,564
15,468
5,40
15,185
10,478
15,75
15,87
25,304
15,63
5,397
15,649
10,43
31,428
15,431
15,606
15,336
15,408
15,519
15,574
37,520
15,233
15,22
15,673
15,312
15,109
15,217
4,581
15,386
5,413
15,243
15,733
10,659
15,365
2,215
3,517
15,558
10,687
10,17
15,689
10,299
10,596
15,356
15,455
15,28
2,648
15,44
7,744
30,249
31,108
15,450
10,244
31,324
15,677
15,682
15,650
10,337
15,264
15,268
10,700
15,561
15,674
10,32
31,351
15,651
15,345
31,432
10,114
10,551
15,173
31,416
15,672
8,88
15,444
15,115
10,77
15,82
23,225
10,177
11,514
15,266
10,52
11,276
10,611
10,625
10,79
2,102
5,438
15,180
15,326
28,708
15,524
15,402
15,83
15,645
10,146
24,456
15,565
31,513
15,685
23,76
15,329
10,585
24,6
15,506
15,122
2,388
34,322
15,247
15,445
15,254
10,608
5,375
15,465
15,392
10,591
10,303
11,197
16,308
15,45
15,80
15,508
15,727
30,294
15,702
15,721
15,273
10,137
15,489
5,302
15,144
38,191
3,196
31,482
15,643
31,448
15,566
10,618
30,715
5,384
15,412
15,440
15,156
15,526
15,248
15,722
3,691
31,531
15,452
10,492
15,349
15,363
15,675
15,119
15,368
10,124
15,740
15,274
15,62
15,390
15,612
15,542
15,275
15,216
5,256
15,219
2,549
31,149
10,688
11,577
10,285
11,131
12,425
15,204
15,626
10,528
10,84
23,469
10,51
15,753
10,209
15,296
15,50
15,221
15,245
15,646
15,545
15,671
10,614
10,320
10,467
15,282
31,101
19,194
10,199
11,602
31,207
15,409
11,178
15,129
27,251
15,617
15,527
11,373
15,330
15,38
2,15
15,470
11,311
31,704
11,739
15,49
31,679
15,745
16,103
15,353
15,193
33,288
37,429
15,423
15,300
11,284
15,36
5,487
15,280
29,461
15,569
15,155
15,112
2,718
15,579
15,734
15,37
15,192
15,457
15,210
5,656
15,556
15,376
23,321
15,441
15,42
5,582
7,575
15,30
15,213
15,377
15,33
5,65
15,385
10,419
15,696
15,69
15,333
10,105
23,316
15,475
15,295
15,499
15,697
27,134
31,459
15,427
15,586
15,145
11,143
27,751
15,238
15,610
16,106
15,132
10,286
35,223
40,752
31,117
