62,307
64,518
61,190
40,422
38,622
7,230
61,494
43,7
44,371
70,500
57,749
54,497
67,534
61,711
96,19
57,717
49,635
40,627
61,742
61,713
32,203
30,463
57,583
62,747
61,323
64,496
57,723
48,690
71,661
78,670
36,70
27,701
120,639
61,358
37,283
88,399
84,510
103,158
66,609
33,150
61,710
82,391
31,737
50,550
18,188
61,453
61,472
55,567
91,738
115,236
115,529
8,434
66,14
64,593
63,699
70,278
61,235
57,71
64,25
57,605
57,382
109,630
34,46
61,473
120,435
65,603
38,644
67,604
131,172
61,152
61,201
61,153
61,720
61,340
33,741
6,269
8,731
61,298
9,488
18,41
60,378
8,458
4,480
107,743
61,705
36,255
33,576
76,229
37,479
64,396
63,442
66,633
61,383
37,78
57,218
61,548
43,189
64,133
67,261
61,111
118,20
12,267
91,281
65,328
132,678
137,415
32,318
47,142
30,504
57,522
61,681
83,572
36,707
24,259
8,96
60,200
142,3
57,125
111,372
40,695
65,613
13,220
69,694
111,162
61,573
61,72
72,512
71,539
99,73
63,407
106,433
139,179
61,379
128,507
65,698
61,598
18,532
38,315
57,360
57,525
57,338
61,735
125,725
18,226
123,728
5,100
57,553
37,543
105,93
61,74
60,257
61,658
61,537
65,34
93,57
19,493
61,653
61,334
57,126
37,85
39,621
61,600
64,240
64,570
60,198
32,224
57,171
38,417
62,623
63,157
61,136
61,186
74,64
65,716
60,719
57,536
8,364
99,652
61,599
11,47
32,205
57,317
60,183
32,81
33,116
61,509
66,195
61,250
61,165
61,571
18,246
84,151
91,335
100,175
60,498
18,313
18,555
61,620
100,578
61,169
61,24
57,1
61,395
107,61
60,732
57,637
100,446
43,692
115,666
80,629
57,277
57,309
77,23
66,714
29,540
108,523
28,592
61,292
105,381
61,746
114,147
53,703
140,141
61,270
8,615
61,306
43,607
57,297
61,182
61,359
43,410
39,176
30,726
67,202
61,95
61,736
64,228
136,118
38,343
61,730
37,58
57,414
28,471
47,60
114,709
60,486
14,443
20,683
47,11
60,424
102,211
57,291
65,485
1,533
61,404
105,242
61,515
37,680
61,521
43,272
61,481
37,159
66,589
45,568
65,167
8,140
61,110
45,559
61,403
57,342
38,16
57,501
18,139
109,206
108,426
9,405
57,503
61,341
66,27
95,212
61,331
119,686
61,684
92,641
104,631
138,252
53,505
91,344
37,355
70,314
57,447
57,495
40,474
18,624
130,357
115,483
57,398
61,712
49,367
90,98
37,706
18,164
18,2
33,54
43,406
57,347
61,619
18,418
57,420
35,490
97,665
30,632
62,451
58,676
61,352
130,366
60,163
61,370
38,59
116,580
81,237
14,325
61,350
47,502
64,362
10,664
63,90
61,544
6,660
103,26
57,663
38,380
131,327
61,170
60,584
31,130
45,449
61,91
68,421
61,587
57,55
57,389
57,135
57,174
25,154
38,66
64,121
37,265
112,104
64,253
26,48
64,638
91,640
37,279
57,588
49,552
64,92
61,214
57,53
61,39
38,642
64,662
112,187
61,263
29,724
64,601
64,400
111,636
36,466
64,99
61,234
61,13
101,68
43,430
18,439
80,339
79,123
61,393
61,748
63,290
57,56
61,693
61,10
16,29
120,597
28,128
36,127
13,222
65,287
109,12
61,647
18,477
70,594
37,476
62,289
61,354
34,258
64,557
61,394
66,560
32,241
4,35
57,262
57,348
57,148
64,563
61,89
31,590
100,301
57,160
39,94
17,138
28,454
57,530
61,319
73,346
61,546
64,361
122,516
64,271
63,535
61,332
89,239
57,168
107,67
57,437
129,541
31,5
89,387
67,369
31,464
25,657
61,634
61,31
61,113
35,86
38,628
12,750
68,436
17,310
81,667
61,18
57,4
8,669
2,120
57,293
56,161
15,232
63,491
47,654
64,411
112,668
61,616
38,729
49,562
5,462
85,305
61,374
127,208
32,484
94,231
43,595
61,511
36,655
18,227
67,260
117,8
33,97
115,9
96,401
57,547
61,460
61,107
59,21
130,166
37,538
37,554
33,184
61,181
61,564
57,468
18,40
64,185
43,478
57,75
57,87
87,304
61,63
18,397
64,649
39,43
112,428
61,431
61,606
56,336
61,408
61,519
60,574
133,520
61,233
57,22
64,673
57,312
61,109
57,217
13,581
61,386
18,413
60,243
61,733
43,659
61,365
3,215
8,517
57,558
38,687
29,17
61,689
31,299
30,596
57,356
61,455
57,28
4,648
61,44
21,744
101,249
107,108
61,450
38,244
112,324
61,677
57,682
61,650
38,337
61,264
61,268
32,700
61,561
57,674
38,32
110,351
61,651
64,345
113,432
38,114
32,551
61,173
105,416
61,672
23,88
66,444
61,115
32,77
62,82
80,225
37,177
49,514
57,266
37,52
46,276
43,611
37,625
33,79
3,102
15,438
61,180
57,326
93,708
61,524
60,402
61,83
61,645
30,146
86,456
61,565
104,513
62,685
83,76
64,329
28,585
86,6
61,506
63,122
6,388
124,322
63,247
66,445
57,254
37,608
18,375
57,465
61,392
37,591
43,303
49,197
71,308
61,45
61,80
61,508
66,727
100,294
61,702
61,721
61,273
31,137
57,489
18,302
61,144
135,191
9,196
109,482
61,643
116,448
57,566
41,618
102,715
15,384
64,412
62,440
61,156
61,526
61,248
59,722
9,691
107,531
61,452
36,492
57,349
61,363
57,675
64,119
61,368
36,124
61,740
66,274
57,62
55,390
61,612
66,542
57,275
66,216
15,256
61,219
5,549
113,149
37,688
48,577
31,285
45,131
52,425
61,204
61,626
39,528
43,84
80,469
36,51
61,753
28,209
64,296
61,50
66,221
63,245
64,646
64,545
57,671
35,614
42,320
40,467
61,282
116,101
75,194
30,199
51,602
111,207
64,409
47,178
61,129
91,251
57,617
61,527
45,373
57,330
57,38
6,15
57,470
49,311
105,704
49,739
61,49
112,679
57,745
70,103
61,353
61,193
121,288
134,429
61,423
61,300
45,284
61,36
18,487
57,280
98,461
61,569
64,155
61,112
4,718
57,579
61,734
61,37
64,192
61,457
57,210
15,656
61,556
61,376
83,321
61,441
61,42
18,582
22,575
61,30
66,213
61,377
57,33
18,65
61,385
43,419
57,696
61,69
57,333
28,105
83,316
61,475
57,295
61,499
61,697
91,134
111,459
61,427
61,586
61,145
50,143
91,751
57,238
61,610
70,106
61,132
35,286
126,223
141,752
115,117
