5,661
6,1045
5,845
5,943
5,19
5,1007
5,529
5,582
5,245
5,70
4,959
5,917
5,381
4,130
5,220
5,325
5,58
5,212
5,672
5,1051
5,568
5,564
5,1015
5,781
2,1108
5,924
5,448
3,969
5,125
5,1047
5,870
5,332
5,466
5,188
5,1091
5,541
5,153
5,983
5,1113
5,300
5,236
5,352
5,1072
5,532
5,309
5,454
4,645
5,1012
5,1080
5,504
4,1020
5,668
5,389
6,1023
5,221
5,839
5,627
5,98
4,974
5,1096
5,78
5,988
5,259
5,430
3,1018
6,322
5,402
5,772
4,403
5,800
5,74
5,633
5,339
5,1021
5,589
5,906
3,386
5,497
4,1062
5,357
5,767
5,301
5,795
5,796
5,651
5,283
5,306
5,976
5,435
5,416
5,30
5,656
5,975
5,88
5,86
5,1119
5,1041
5,918
5,330
9,686
5,13
5,869
5,955
2,683
5,610
5,216
5,35
2,342
5,262
5,292
5,714
5,272
5,496
5,937
1,565
5,63
1,289
5,328
5,827
5,1057
2,482
5,298
5,499
5,1010
5,29
5,821
5,23
6,36
5,360
5,436
5,569
1,535
5,468
5,741
5,903
5,785
5,296
5,788
5,794
5,982
6,546
5,234
5,539
5,780
5,495
5,590
5,119
5,464
5,542
5,742
5,1087
3,92
5,249
1,673
5,510
5,773
5,106
5,462
5,792
5,1016
5,992
5,160
5,347
3,629
5,1089
5,175
5,443
5,545
5,614
5,145
5,1000
5,952
5,609
5,786
5,358
5,71
5,485
5,494
5,1048
2,769
5,1100
5,604
5,12
5,928
5,498
5,1026
6,933
5,846
5,862
6,797
5,755
1,1044
5,174
5,970
5,782
5,690
5,385
5,812
5,240
1,947
6,225
5,849
5,1076
5,15
5,178
4,193
5,893
5,637
5,1111
3,916
5,689
5,1092
5,371
5,362
5,183
5,603
6,704
6,994
5,995
5,156
5,413
3,359
1,1046
5,543
5,914
5,688
5,68
5,202
5,151
5,138
5,528
5,660
5,133
5,577
5,61
5,675
4,287
4,428
5,1093
5,367
5,980
4,263
5,483
5,380
5,516
10,920
5,1013
5,155
5,885
5,343
5,575
5,22
5,76
5,479
5,843
5,401
5,815
5,404
5,874
5,438
5,653
5,168
5,314
5,808
5,87
5,484
5,440
5,1058
5,967
5,291
5,824
5,9
5,270
5,126
5,787
5,1053
6,60
5,771
5,101
5,320
5,214
5,33
5,470
5,676
5,418
1,818
5,853
5,157
5,1099
5,275
5,267
5,269
5,763
5,195
4,973
5,143
5,80
5,105
5,912
5,444
5,866
2,857
5,647
5,930
5,606
5,682
5,476
2,1088
5,747
5,73
5,75
5,186
6,599
5,285
5,445
5,702
6,311
5,957
5,159
5,748
5,667
5,394
5,613
5,960
5,290
5,829
5,113
5,327
5,602
5,149
2,209
5,353
1,46
5,399
5,945
5,527
5,181
5,396
5,801
4,958
5,208
5,366
5,764
5,446
5,759
5,941
5,997
5,1107
5,749
10,931
5,856
5,392
5,57
5,254
5,579
6,987
5,316
5,687
5,774
5,148
5,266
5,82
5,826
5,895
1,956
5,118
5,85
5,1008
5,41
5,894
5,662
4,789
5,880
5,4
5,1005
1,459
4,256
6,433
5,944
5,642
5,835
5,882
5,517
5,524
5,329
5,566
1,228
5,1106
5,1033
5,730
5,907
5,1098
1,1042
5,761
5,754
5,909
5,913
5,109
5,95
5,410
5,368
5,243
5,50
5,205
5,737
5,1090
5,232
1,278
5,34
5,929
5,1024
5,776
5,507
5,442
5,49
5,140
5,146
5,555
5,318
5,341
3,790
5,513
1,204
5,1049
5,258
5,573
5,805
5,708
5,695
5,457
5,199
4,103
5,94
5,972
5,692
5,891
5,836
5,405
4,522
5,182
5,191
5,585
5,873
5,425
5,276
5,584
5,757
5,230
5,1073
5,576
5,592
5,398
5,848
5,158
5,750
5,1068
5,634
5,1
5,552
6,850
5,758
5,1071
5,966
5,43
5,250
5,406
7,1035
5,112
4,649
5,307
4,493
5,173
4,429
6,1036
5,293
5,503
5,1067
6,703
5,491
5,833
6,1003
5,624
5,390
5,147
5,407
6,163
5,310
1,411
5,768
4,312
5,1040
5,122
5,194
5,694
5,544
5,593
5,538
5,261
5,315
6,550
6,1104
5,431
5,623
5,685
5,852
5,570
5,858
5,896
5,281
5,1056
5,953
5,233
5,678
5,170
2,583
5,571
5,134
5,321
5,939
5,144
5,299
5,99
5,334
5,1011
5,990
5,834
5,709
5,458
5,863
5,657
3,652
5,699
5,727
1,346
5,777
5,536
6,72
5,211
5,631
5,872
5,382
5,530
5,420
5,297
5,3
5,1081
5,842
2,1050
3,556
5,62
5,102
5,253
2,1074
5,337
5,1054
5,400
3,520
3,492
5,559
5,344
4,179
4,197
5,596
5,419
5,89
5,923
5,712
5,901
5,255
5,641
5,323
5,489
5,594
5,294
5,828
5,91
5,373
4,823
5,414
2,525
5,227
5,26
5,167
5,1009
5,696
5,241
1,526
5,717
5,224
5,137
5,165
5,932
5,1022
5,902
5,391
5,716
6,93
5,244
5,274
5,911
5,251
5,1029
5,1014
5,640
5,762
5,512
5,618
5,706
5,926
5,807
5,1094
5,900
5,177
5,409
6,456
5,351
5,1027
5,415
5,632
5,574
6,32
5,264
5,617
5,338
5,96
5,18
5,819
5,1061
5,508
1,655
5,114
5,940
5,783
5,427
1,90
6,239
5,934
4,31
5,480
5,1075
5,644
5,847
5,17
5,273
5,288
5,455
5,81
5,950
5,383
4,235
5,611
5,265
5,304
6,48
5,319
5,1082
5,691
4,936
5,825
5,551
5,169
5,369
4,129
5,1102
6,1001
6,659
5,441
5,27
5,809
2,523
2,875
5,505
5,260
5,892
5,282
5,733
2,1052
5,161
1,424
1,586
5,44
5,626
5,461
5,284
5,451
5,52
5,397
5,379
5,136
5,198
5,518
5,5
5,984
5,213
5,925
5,324
6,37
4,120
5,10
6,938
6,725
5,370
5,608
5,107
4,268
5,740
2,600
5,326
5,897
5,674
4,111
5,463
6,810
5,572
5,888
5,110
5,84
4,229
5,616
4,625
5,271
5,775
5,728
6,1097
5,765
4,64
5,417
5,395
4,820
5,1070
6,567
2,760
5,628
6,39
1,1069
10,1085
5,954
6,142
5,477
5,905
5,746
5,1039
5,948
3,965
5,363
5,511
5,345
5,968
5,908
5,998
6,743
5,38
4,722
5,305
5,375
1,595
5,45
5,620
5,83
5,196
5,1083
5,123
5,540
5,779
5,355
5,336
5,24
5,412
5,591
5,832
5,961
5,139
5,739
5,981
5,831
5,844
5,639
1,509
5,877
5,710
5,851
5,841
5,648
3,581
5,487
5,257
5,560
5,1095
5,899
5,919
4,472
5,135
3,20
5,646
5,643
5,502
5,127
4,533
4,1112
5,817
5,721
5,989
8,876
5,619
5,1101
5,1028
5,986
5,475
5,770
5,951
4,16
5,979
5,519
4,813
5,840
5,669
5,124
5,598
5,860
5,723
5,185
1,806
5,889
5,1006
5,116
5,171
5,868
5,303
5,189
1,437
5,946
5,226
5,203
5,607
5,554
5,605
10,150
5,354
5,752
5,588
5,890
5,612
5,985
5,361
5,247
5,563
5,172
5,715
5,1004
5,962
5,1055
5,348
5,279
1,166
3,252
5,162
5,364
5,450
2,7
5,184
5,55
5,514
5,719
4,861
3,8
5,426
4,816
5,131
5,6
5,878
6,280
5,452
5,349
5,248
5,1002
5,207
5,1066
5,991
4,693
5,465
2,453
5,97
6,506
6,681
5,42
8,1019
4,388
5,434
5,601
5,949
5,67
5,215
5,447
5,1043
5,53
5,422
5,1109
8,838
5,684
5,176
5,335
5,219
5,766
2,745
5,622
5,21
5,1037
5,802
5,40
3,56
5,1059
5,231
5,804
5,1110
3,384
5,664
5,521
5,449
5,547
5,374
8,964
1,460
5,713
5,478
5,883
5,378
2,738
5,1060
5,190
5,734
5,731
5,884
5,128
5,701
1,665
5,654
5,1084
5,1103
5,317
5,201
5,724
4,597
5,356
5,621
5,700
5,313
5,54
5,66
5,751
5,615
5,996
5,141
5,218
5,1030
5,1063
5,1025
5,636
5,217
5,500
5,1038
5,187
5,486
7,871
6,501
5,277
5,697
5,481
5,666
5,2
5,474
4,537
5,864
5,473
5,237
5,14
5,1114
3,720
4,1079
5,705
5,1077
5,978
5,578
5,753
5,471
5,51
5,562
5,372
5,432
5,238
5,887
5,561
5,726
4,993
5,798
5,867
6,242
5,1032
5,638
1,658
5,698
5,791
5,729
5,47
5,340
5,469
5,650
5,942
5,663
5,206
5,1116
5,295
5,814
5,1065
5,1078
5,11
5,439
2,718
5,879
5,971
5,711
5,799
5,69
5,59
5,490
6,79
5,811
5,377
5,803
5,921
6,898
3,886
4,1117
5,467
1,963
5,100
5,736
5,246
6,837
5,350
5,408
5,999
5,534
5,1064
5,778
5,223
5,200
5,1034
5,423
5,365
5,393
5,756
5,115
5,1086
5,117
5,679
5,935
5,630
5,830
5,635
6,286
5,735
5,333
6,680
1,387
4,376
5,488
5,154
5,854
5,132
5,822
5,192
5,587
5,922
5,553
5,881
5,515
4,732
4,904
4,1115
5,25
5,104
5,707
5,670
6,331
5,1017
1,302
5,108
5,859
5,677
5,927
5,580
5,671
5,121
5,548
5,180
5,308
5,152
5,28
5,784
5,1031
5,865
5,557
6,531
5,793
3,77
5,222
5,65
5,558
5,915
5,910
5,1118
5,210
5,164
4,855
2,1105
4,744
7,549
3,421
5,977
