10,661
13,1045
10,845
10,943
10,19
10,1007
10,529
10,582
10,245
10,70
9,959
10,917
10,381
8,130
10,220
10,325
10,58
10,212
10,672
10,1051
10,568
10,564
10,1015
10,781
5,1108
10,924
10,448
7,969
10,125
10,1047
10,870
10,332
10,466
10,188
10,1091
10,541
10,153
10,983
10,1113
10,300
10,236
10,352
10,1072
10,532
10,309
10,454
8,645
10,1012
10,1080
10,504
8,1020
10,668
10,389
12,1023
10,221
10,839
10,627
10,98
9,974
10,1096
10,78
10,988
10,259
10,430
7,1018
12,322
10,402
10,772
9,403
10,800
10,74
10,633
10,339
10,1021
10,589
10,906
7,386
10,497
9,1062
10,357
10,767
10,301
10,795
10,796
10,651
10,283
10,306
10,976
10,435
10,416
10,30
10,656
10,975
10,88
10,86
10,1119
10,1041
10,918
10,330
17,686
10,13
10,869
10,955
5,683
10,610
10,216
10,35
5,342
10,262
10,292
10,714
10,272
10,496
10,937
2,565
10,63
2,289
10,328
10,827
10,1057
5,482
10,298
10,499
10,1010
10,29
10,821
10,23
12,36
10,360
10,436
10,569
1,535
10,468
10,741
10,903
10,785
10,296
10,788
10,794
10,982
13,546
10,234
10,539
10,780
10,495
10,590
10,119
10,464
10,542
10,742
10,1087
7,92
10,249
3,673
10,510
10,773
10,106
10,462
10,792
10,1016
10,992
10,160
10,347
6,629
10,1089
10,175
10,443
10,545
10,614
10,145
10,1000
10,952
10,609
10,786
10,358
10,71
10,485
10,494
10,1048
5,769
10,1100
10,604
10,12
10,928
10,498
10,1026
13,933
10,846
10,862
12,797
10,755
1,1044
10,174
10,970
10,782
10,690
10,385
10,812
10,240
2,947
12,225
10,849
10,1076
10,15
10,178
9,193
10,893
10,637
10,1111
6,916
10,689
10,1092
10,371
10,362
10,183
10,603
13,704
13,994
10,995
10,156
10,413
7,359
2,1046
10,543
10,914
10,688
10,68
10,202
10,151
10,138
10,528
10,660
10,133
10,577
10,61
10,675
8,287
8,428
10,1093
10,367
10,980
8,263
10,483
10,380
10,516
18,920
10,1013
10,155
10,885
10,343
10,575
10,22
10,76
10,479
10,843
10,401
10,815
10,404
10,874
10,438
10,653
10,168
10,314
10,808
10,87
10,484
10,440
10,1058
10,967
10,291
10,824
10,9
10,270
10,126
10,787
10,1053
13,60
10,771
10,101
10,320
10,214
10,33
10,470
10,676
10,418
3,818
10,853
10,157
10,1099
10,275
10,267
10,269
10,763
10,195
9,973
10,143
10,80
10,105
10,912
10,444
10,866
5,857
10,647
10,930
10,606
10,682
10,476
5,1088
10,747
10,73
10,75
10,186
12,599
10,285
10,445
10,702
12,311
10,957
10,159
10,748
10,667
10,394
10,613
10,960
10,290
10,829
10,113
10,327
10,602
10,149
5,209
10,353
3,46
10,399
10,945
10,527
10,181
10,396
10,801
8,958
10,208
10,366
10,764
10,446
10,759
10,941
10,997
10,1107
10,749
19,931
10,856
10,392
10,57
10,254
10,579
12,987
10,316
10,687
10,774
10,148
10,266
10,82
10,826
10,895
2,956
10,118
10,85
10,1008
10,41
10,894
10,662
8,789
10,880
11,4
10,1005
3,459
9,256
12,433
10,944
10,642
10,835
10,882
10,517
10,524
10,329
10,566
3,228
10,1106
10,1033
10,730
10,907
10,1098
2,1042
10,761
10,754
10,909
10,913
10,109
10,95
10,410
10,368
10,243
10,50
10,205
10,737
10,1090
10,232
2,278
10,34
10,929
10,1024
10,776
10,507
10,442
10,49
10,140
10,146
10,555
10,318
10,341
6,790
10,513
2,204
10,1049
10,258
10,573
10,805
10,708
10,695
10,457
10,199
8,103
10,94
10,972
10,692
10,891
10,836
10,405
9,522
10,182
10,191
10,585
10,873
10,425
10,276
10,584
10,757
10,230
10,1073
10,576
10,592
10,398
10,848
10,158
10,750
10,1068
10,634
10,1
10,552
12,850
10,758
10,1071
10,966
10,43
10,250
10,406
14,1035
10,112
8,649
10,307
8,493
10,173
8,429
13,1036
10,293
10,503
10,1067
12,703
10,491
10,833
13,1003
10,624
10,390
10,147
10,407
13,163
10,310
3,411
10,768
9,312
10,1040
10,122
10,194
10,694
10,544
10,593
10,538
10,261
10,315
13,550
13,1104
10,431
10,623
10,685
10,852
10,570
10,858
10,896
10,281
10,1056
10,953
10,233
10,678
10,170
5,583
10,571
10,134
10,321
10,939
10,144
10,299
10,99
10,334
10,1011
10,990
10,834
10,709
10,458
10,863
10,657
7,652
10,699
10,727
2,346
10,777
10,536
13,72
10,211
10,631
10,872
10,382
10,530
10,420
10,297
10,3
10,1081
10,842
5,1050
6,556
10,62
10,102
10,253
5,1074
10,337
10,1054
10,400
7,520
7,492
10,559
10,344
8,179
8,197
10,596
10,419
10,89
10,923
10,712
10,901
10,255
10,641
10,323
10,489
10,594
10,294
10,828
10,91
10,373
8,823
10,414
5,525
10,227
10,26
10,167
10,1009
10,696
10,241
1,526
10,717
10,224
10,137
10,165
10,932
10,1022
10,902
10,391
10,716
12,93
10,244
10,274
10,911
10,251
10,1029
10,1014
10,640
10,762
10,512
10,618
10,706
10,926
10,807
10,1094
10,900
10,177
10,409
12,456
10,351
10,1027
10,415
10,632
10,574
12,32
10,264
10,617
10,338
10,96
10,18
10,819
10,1061
10,508
3,655
10,114
10,940
10,783
10,427
3,90
13,239
10,934
8,31
10,480
10,1075
10,644
10,847
10,17
10,273
10,288
10,455
10,81
10,950
10,383
8,235
10,611
10,265
10,304
12,48
10,319
10,1082
10,691
8,936
10,825
10,551
10,169
10,369
8,129
10,1102
12,1001
13,659
10,441
10,27
10,809
5,523
5,875
10,505
10,260
10,892
10,282
10,733
5,1052
10,161
3,424
3,586
10,44
10,626
10,461
10,284
10,451
10,52
10,397
10,379
10,136
10,198
10,518
10,5
10,984
10,213
10,925
10,324
13,37
8,120
10,10
12,938
12,725
10,370
10,608
10,107
8,268
10,740
5,600
10,326
10,897
10,674
9,111
10,463
12,810
10,572
10,888
10,110
10,84
9,229
10,616
8,625
10,271
10,775
10,728
12,1097
10,765
8,64
10,417
10,395
8,820
10,1070
12,567
5,760
10,628
12,39
3,1069
18,1085
10,954
12,142
10,477
10,905
10,746
10,1039
10,948
6,965
10,363
10,511
10,345
10,968
10,908
10,998
12,743
10,38
8,722
10,305
10,375
2,595
10,45
10,620
10,83
10,196
10,1083
10,123
10,540
10,779
10,355
10,336
10,24
10,412
10,591
10,832
10,961
10,139
10,739
10,981
10,831
10,844
10,639
2,509
10,877
10,710
10,851
10,841
10,648
7,581
10,487
10,257
10,560
10,1095
10,899
10,919
8,472
10,135
7,20
10,646
10,643
10,502
10,127
8,533
9,1112
10,817
10,721
10,989
16,876
10,619
10,1101
10,1028
10,986
10,475
10,770
10,951
9,16
10,979
10,519
9,813
10,840
10,669
10,124
10,598
10,860
10,723
10,185
1,806
10,889
10,1006
10,116
10,171
10,868
10,303
10,189
3,437
10,946
10,226
10,203
10,607
10,554
10,605
18,150
10,354
10,752
10,588
10,890
10,612
10,985
10,361
10,247
10,563
10,172
10,715
10,1004
10,962
10,1055
10,348
10,279
1,166
6,252
10,162
10,364
10,450
5,7
10,184
10,55
10,514
10,719
8,861
7,8
10,426
8,816
10,131
10,6
10,878
13,280
10,452
10,349
10,248
10,1002
10,207
10,1066
10,991
9,693
10,465
5,453
10,97
12,506
12,681
10,42
16,1019
8,388
10,434
10,601
10,949
10,67
10,215
10,447
10,1043
10,53
10,422
10,1109
16,838
10,684
10,176
10,335
10,219
10,766
5,745
10,622
10,21
10,1037
10,802
10,40
6,56
10,1059
10,231
10,804
10,1110
7,384
10,664
10,521
10,449
10,547
10,374
16,964
4,460
10,713
10,478
10,883
10,378
5,738
10,1060
10,190
10,734
10,731
10,884
10,128
10,701
3,665
10,654
10,1084
10,1103
10,317
10,201
10,724
8,597
10,356
10,621
10,700
10,313
10,54
10,66
10,751
10,615
10,996
10,141
10,218
10,1030
10,1063
10,1025
10,636
10,217
10,500
10,1038
10,187
10,486
15,871
12,501
10,277
10,697
10,481
10,666
10,2
10,474
9,537
10,864
10,473
10,237
10,14
10,1114
6,720
8,1079
10,705
10,1077
10,978
10,578
10,753
10,471
10,51
10,562
10,372
10,432
10,238
10,887
10,561
10,726
8,993
10,798
10,867
13,242
10,1032
10,638
2,658
10,698
10,791
10,729
10,47
10,340
10,469
10,650
10,942
10,663
10,206
10,1116
10,295
10,814
10,1065
10,1078
10,11
10,439
5,718
10,879
10,971
10,711
10,799
10,69
10,59
10,490
13,79
10,811
10,377
10,803
10,921
13,898
7,886
8,1117
10,467
2,963
10,100
10,736
10,246
13,837
10,350
10,408
10,999
10,534
10,1064
10,778
10,223
10,200
10,1034
10,423
10,365
10,393
10,756
10,115
10,1086
10,117
10,679
10,935
10,630
10,830
10,635
12,286
10,735
10,333
13,680
2,387
9,376
10,488
10,154
10,854
10,132
10,822
10,192
10,587
10,922
10,553
10,881
10,515
8,732
9,904
8,1115
10,25
10,104
10,707
10,670
12,331
10,1017
2,302
10,108
10,859
10,677
10,927
10,580
10,671
10,121
10,548
10,180
10,308
10,152
10,28
10,784
10,1031
10,865
10,557
12,531
10,793
6,77
10,222
10,65
10,558
10,915
10,910
10,1118
10,210
10,164
8,855
5,1105
9,744
14,549
6,421
10,977
