27,564
94,532
94,151
94,452
94,372
71,475
44,422
94,539
72,476
145,88
150,593
94,210
94,507
93,78
33,596
94,65
94,509
135,220
72,99
72,165
83,279
94,84
94,196
78,310
146,406
94,521
144,296
98,12
94,79
94,407
92,16
106,303
94,558
95,23
94,625
26,392
72,340
147,4
90,216
157,365
7,209
12,515
94,56
94,437
94,562
94,234
145,120
40,546
151,627
42,351
94,495
91,371
94,529
42,344
55,395
94,439
94,145
90,149
22,277
28,519
27,482
28,161
75,300
133,366
94,110
94,584
81,606
93,187
94,350
117,294
68,308
24,53
27,347
99,283
78,43
131,213
143,607
94,360
94,173
106,223
94,465
94,45
92,585
94,413
94,536
71,218
14,158
94,321
94,200
72,621
27,569
94,81
104,224
134,111
104,66
118,493
94,114
141,46
94,178
147,212
114,113
133,487
54,469
90,89
71,115
137,13
112,135
90,333
149,8
94,500
94,597
70,97
94,555
94,228
94,592
85,44
94,280
84,622
63,603
94,5
3,259
151,570
36,57
47,619
27,22
128,17
95,510
115,3
91,561
130,69
108,324
28,260
36,553
64,383
94,281
94,291
95,82
30,26
28,479
6,602
116,342
154,315
24,85
36,363
94,236
112,30
13,498
138,29
94,225
92,524
94,313
17,468
49,573
159,198
102,626
97,444
83,580
94,238
108,335
93,533
94,289
67,176
90,586
29,245
94,591
28,249
95,471
94,599
1,168
3,620
28,33
92,528
94,282
43,401
28,192
94,269
121,35
94,51
147,2
46,298
68,136
53,214
86,385
76,560
63,359
30,292
94,615
57,484
27,550
134,257
39,480
94,429
104,556
45,92
13,425
94,117
27,409
94,322
77,554
94,472
24,450
95,445
27,514
147,325
56,263
80,217
117,527
79,68
94,604
94,440
68,14
94,160
94,104
94,587
87,577
94,456
94,108
94,631
148,448
94,629
120,618
104,301
94,581
94,39
94,497
72,58
27,364
94,397
71,163
2,424
95,458
28,339
54,382
94,150
27,361
94,31
25,457
94,540
74,582
136,567
9,172
70,490
41,434
3,83
94,253
44,346
72,415
71,129
94,511
104,52
1,594
3,167
91,202
73,34
23,137
3,605
94,231
66,127
94,600
94,537
98,410
119,544
94,288
103,116
63,305
71,183
122,215
27,595
94,338
61,156
105,508
108,157
31,21
73,118
72,461
13,67
94,75
72,624
94,24
94,428
94,199
94,208
94,206
141,502
76,28
104,261
69,74
96,278
94,19
106,247
94,394
94,90
53,20
94,473
66,9
94,489
18,275
94,37
70,226
94,357
90,6
152,229
94,266
27,248
85,86
101,504
140,105
94,571
146,242
94,112
70,417
108,311
94,299
62,254
94,274
151,535
28,181
19,464
76,211
3,71
94,370
94,393
32,513
94,408
94,389
27,486
10,334
137,287
18,239
142,427
24,184
3,285
94,319
69,63
94,566
141,387
140,551
88,542
89,270
94,447
42,531
94,314
29,265
94,185
15,119
91,134
94,549
140,380
136,295
94,258
94,162
1,193
158,250
27,286
27,430
31,93
72,572
44,222
94,95
94,377
92,271
19,155
94,412
90,264
94,272
94,462
37,557
55,159
8,131
68,312
94,80
94,32
12,290
33,390
100,579
13,306
105,375
3,608
153,388
66,496
42,146
89,107
94,399
28,207
94,518
3,70
75,96
110,101
69,559
107,128
38,141
94,177
68,221
72,262
94,609
134,474
90,267
51,483
113,543
21,188
94,354
1,491
23,1
126,268
53,189
94,326
94,416
68,598
94,197
95,73
152,235
102,125
94,203
35,435
91,227
27,494
70,61
29,91
28,355
138,304
27,530
94,545
41,421
90,526
94,132
136,432
76,588
77,139
94,610
104,523
132,438
28,171
51,481
92,419
27,166
53,384
94,317
28,62
94,175
93,60
53,232
150,630
52,343
94,454
94,418
134,449
59,164
90,186
29,138
94,520
158,201
94,331
153,72
29,143
18,403
90,255
92,576
89,237
55,517
146,36
82,273
108,356
127,616
68,323
94,15
146,374
139,485
94,601
94,613
3,414
94,362
94,318
72,522
123,455
94,329
94,297
22,506
129,512
94,400
94,59
28,477
94,345
124,501
94,568
34,152
69,195
94,376
3,147
72,276
92,42
27,373
151,87
94,628
27,293
94,534
111,525
90,611
94,552
50,405
94,590
15,182
98,436
52,441
71,443
3,503
21,433
94,398
97,368
94,55
94,459
91,233
21,103
68,617
94,124
94,538
11,153
26,499
117,205
94,180
24,194
94,50
20,341
28,54
94,381
53,423
27,243
93,548
94,174
94,246
27,7
59,358
94,133
94,123
53,144
68,367
94,191
95,391
48,48
94,505
92,332
151,488
60,121
58,386
95,320
27,170
94,252
136,589
41,256
65,378
94,470
60,244
53,402
94,251
94,352
94,169
94,230
108,632
94,369
114,41
94,140
94,612
94,327
151,241
94,516
143,49
75,122
92,563
16,541
94,492
94,316
70,302
104,411
94,11
125,442
149,623
23,575
90,109
156,219
109,614
94,204
90,100
92,179
140,38
94,460
94,25
94,466
90,309
28,47
3,10
53,578
94,633
94,40
94,379
91,453
87,142
94,77
94,565
27,27
94,353
95,451
35,154
94,148
94,420
93,328
95,106
94,467
94,349
110,240
119,426
28,547
53,583
5,307
35,337
148,348
94,284
31,98
47,336
90,330
94,94
94,396
94,446
94,190
149,64
78,102
94,18
94,126
94,463
14,478
90,76
28,130
90,431
4,404
155,574
