4,564
8,532
8,151
8,452
8,372
8,475
5,422
8,539
8,476
16,88
16,593
8,210
8,507
8,78
4,596
8,65
8,509
13,220
8,99
8,165
8,279
8,84
8,196
8,310
16,406
8,521
16,296
8,12
8,79
8,407
8,16
9,303
8,558
8,23
8,625
4,392
8,340
16,4
8,216
16,365
1,209
3,515
8,56
8,437
8,562
8,234
16,120
5,546
16,627
5,351
8,495
8,371
8,529
5,344
5,395
8,439
8,145
8,149
3,277
4,519
4,482
4,161
8,300
13,366
8,110
8,584
8,606
8,187
8,350
9,294
8,308
4,53
4,347
8,283
8,43
12,213
16,607
8,360
8,173
9,223
8,465
8,45
8,585
8,413
8,536
8,218
3,158
8,321
8,200
8,621
4,569
8,81
9,224
13,111
9,66
9,493
8,114
14,46
8,178
16,212
9,113
13,487
5,469
8,89
8,115
14,13
9,135
8,333
16,8
8,500
8,597
8,97
8,555
8,228
8,592
8,44
8,280
8,622
7,603
8,5
1,259
16,570
5,57
5,619
4,22
12,17
8,510
9,3
8,561
12,69
9,324
4,260
5,553
7,383
8,281
8,291
8,82
4,26
4,479
1,602
9,342
16,315
4,85
5,363
8,236
9,30
3,498
14,29
8,225
8,524
8,313
3,468
5,573
17,198
9,626
8,444
8,580
8,238
9,335
8,533
8,289
7,176
8,586
4,245
8,591
4,249
8,471
8,599
1,168
1,620
4,33
8,528
8,282
5,401
4,192
8,269
9,35
8,51
16,2
5,298
8,136
5,214
8,385
8,560
7,359
4,292
8,615
6,484
4,550
13,257
5,480
8,429
9,556
5,92
3,425
8,117
4,409
8,322
8,554
8,472
4,450
8,445
4,514
16,325
5,263
8,217
9,527
8,68
8,604
8,440
8,14
8,160
8,104
8,587
8,577
8,456
8,108
8,631
16,448
8,629
9,618
9,301
8,581
8,39
8,497
8,58
4,364
8,397
8,163
1,424
8,458
4,339
5,382
8,150
4,361
8,31
4,457
8,540
8,582
14,567
2,172
8,490
5,434
1,83
8,253
5,346
8,415
8,129
8,511
9,52
1,594
1,167
8,202
8,34
4,137
1,605
8,231
7,127
8,600
8,537
8,410
9,544
8,288
9,116
7,305
8,183
10,215
4,595
8,338
7,156
9,508
9,157
4,21
8,118
8,461
3,67
8,75
8,624
8,24
8,428
8,199
8,208
8,206
14,502
8,28
9,261
8,74
8,278
8,19
9,247
8,394
8,90
5,20
8,473
7,9
8,489
3,275
8,37
8,226
8,357
8,6
16,229
8,266
4,248
8,86
9,504
14,105
8,571
16,242
8,112
8,417
9,311
8,299
7,254
8,274
16,535
4,181
3,464
8,211
1,71
8,370
8,393
4,513
8,408
8,389
4,486
2,334
14,287
3,239
15,427
4,184
1,285
8,319
8,63
8,566
14,387
14,551
8,542
8,270
8,447
5,531
8,314
4,265
8,185
3,119
8,134
8,549
14,380
14,295
8,258
8,162
1,193
17,250
4,286
4,430
4,93
8,572
5,222
8,95
8,377
8,271
3,155
8,412
8,264
8,272
8,462
5,557
5,159
1,131
8,312
8,80
8,32
3,290
4,390
9,579
3,306
9,375
1,608
16,388
7,496
5,146
8,107
8,399
4,207
8,518
1,70
8,96
9,101
8,559
9,128
5,141
8,177
8,221
8,262
8,609
13,474
8,267
5,483
9,543
3,188
8,354
1,491
4,1
11,268
5,189
8,326
8,416
8,598
8,197
8,73
16,235
9,125
8,203
4,435
8,227
4,494
8,61
4,91
4,355
14,304
4,530
8,545
5,421
8,526
8,132
14,432
8,588
8,139
8,610
9,523
12,438
4,171
5,481
8,419
4,166
5,384
8,317
4,62
8,175
8,60
5,232
16,630
5,343
8,454
8,418
13,449
7,164
8,186
4,138
8,520
17,201
8,331
16,72
4,143
3,403
8,255
8,576
8,237
5,517
16,36
8,273
9,356
12,616
8,323
8,15
16,374
14,485
8,601
8,613
1,414
8,362
8,318
8,522
10,455
8,329
8,297
3,506
12,512
8,400
8,59
4,477
8,345
10,501
8,568
4,152
8,195
8,376
1,147
8,276
8,42
4,373
16,87
8,628
4,293
8,534
9,525
8,611
8,552
5,405
8,590
3,182
8,436
5,441
8,443
1,503
3,433
8,398
8,368
8,55
8,459
8,233
3,103
8,617
8,124
8,538
2,153
4,499
9,205
8,180
4,194
8,50
3,341
4,54
8,381
5,423
4,243
8,548
8,174
8,246
4,7
7,358
8,133
8,123
5,144
8,367
8,191
8,391
5,48
8,505
8,332
16,488
7,121
6,386
8,320
4,170
8,252
14,589
5,256
7,378
8,470
7,244
5,402
8,251
8,352
8,169
8,230
9,632
8,369
9,41
8,140
8,612
8,327
16,241
8,516
16,49
8,122
8,563
3,541
8,492
8,316
8,302
9,411
8,11
11,442
16,623
4,575
8,109
16,219
9,614
8,204
8,100
8,179
14,38
8,460
8,25
8,466
8,309
4,47
1,10
5,578
8,633
8,40
8,379
8,453
8,142
8,77
8,565
4,27
8,353
8,451
4,154
8,148
8,420
8,328
8,106
8,467
8,349
9,240
9,426
4,547
5,583
1,307
4,337
16,348
8,284
4,98
5,336
8,330
8,94
8,396
8,446
8,190
16,64
8,102
8,18
8,126
8,463
3,478
8,76
4,130
8,431
1,404
16,574
