23,307
23,518
23,190
16,422
15,622
3,230
23,494
17,7
17,371
26,500
23,749
22,497
25,534
23,711
44,19
23,717
18,635
16,627
23,742
23,713
14,203
14,463
23,583
23,747
23,323
23,496
23,723
18,690
26,661
32,670
15,70
12,701
53,639
23,358
15,283
39,399
36,510
47,158
24,609
14,150
23,710
35,391
14,737
18,550
7,188
23,453
23,472
23,567
40,738
50,236
50,529
4,434
24,14
23,593
23,699
26,278
23,235
23,71
23,25
23,605
23,382
49,630
14,46
23,473
53,435
23,603
15,644
25,604
60,172
23,152
23,201
23,153
23,720
23,340
14,741
3,269
4,731
23,298
4,488
7,41
23,378
4,458
2,480
48,743
23,705
15,255
14,576
31,229
15,479
23,396
23,442
24,633
23,383
15,78
23,218
23,548
17,189
23,133
25,261
23,111
52,20
4,267
40,281
23,328
60,678
64,415
14,318
18,142
14,504
23,522
23,681
36,572
15,707
11,259
4,96
23,200
68,3
23,125
49,372
16,695
23,613
5,220
25,694
49,162
23,573
23,72
27,512
26,539
46,73
23,407
48,433
65,179
23,379
58,507
23,698
23,598
7,532
15,315
23,360
23,525
23,338
23,735
55,725
7,226
55,728
2,100
23,553
15,543
48,93
23,74
23,257
23,658
23,537
23,34
42,57
8,493
23,653
23,334
23,126
15,85
16,621
23,600
23,240
23,570
23,198
14,224
23,171
15,417
23,623
23,157
23,136
23,186
29,64
23,716
23,719
23,536
4,364
46,652
23,599
4,47
14,205
23,317
23,183
14,81
14,116
23,509
24,195
23,250
23,165
23,571
7,246
36,151
40,335
46,175
23,498
7,313
7,555
23,620
46,578
23,169
23,24
23,1
23,395
48,61
23,732
23,637
46,446
17,692
50,666
34,629
23,277
23,309
32,23
24,714
13,540
49,523
13,592
23,292
48,381
23,746
50,147
21,703
66,141
23,270
4,615
23,306
17,607
23,297
23,182
23,359
17,410
16,176
14,726
25,202
23,95
23,736
23,228
63,118
15,343
23,730
15,58
23,414
13,471
18,60
50,709
23,486
5,443
9,683
18,11
23,424
47,211
23,291
23,485
1,533
23,404
48,242
23,515
15,680
23,521
17,272
23,481
15,159
24,589
18,568
23,167
4,140
23,110
18,559
23,403
23,342
15,16
23,501
7,139
49,206
49,426
4,405
23,503
23,341
24,27
43,212
23,331
52,686
23,684
41,641
48,631
65,252
21,505
40,344
15,355
26,314
23,447
23,495
16,474
7,624
60,357
50,483
23,398
23,712
18,367
40,98
15,706
7,164
7,2
14,54
17,406
23,347
23,619
7,418
23,420
15,490
44,665
14,632
23,451
23,676
23,352
60,366
23,163
23,370
15,59
51,580
34,237
5,325
23,350
18,502
23,362
4,664
23,90
23,544
3,660
47,26
23,663
15,380
60,327
23,170
23,584
14,130
18,449
23,91
25,421
23,587
23,55
23,389
23,135
23,174
11,154
15,66
23,121
15,265
49,104
23,253
12,48
23,638
40,640
15,279
23,588
18,552
23,92
23,214
23,53
23,39
15,642
23,662
49,187
23,263
13,724
23,601
23,400
49,636
15,466
23,99
23,234
23,13
47,68
17,430
7,439
34,339
33,123
23,393
23,748
23,290
23,56
23,693
23,10
6,29
53,597
13,128
15,127
5,222
23,287
49,12
23,647
7,477
26,594
15,476
23,289
23,354
14,258
23,557
23,394
24,560
14,241
2,35
23,262
23,348
23,148
23,563
23,89
14,590
46,301
23,160
16,94
6,138
13,454
23,530
23,319
28,346
23,546
23,361
54,516
23,271
23,535
23,332
40,239
23,168
48,67
23,437
59,541
14,5
40,387
25,369
14,464
11,657
23,634
23,31
23,113
15,86
15,628
4,750
25,436
6,310
34,667
23,18
23,4
4,669
1,120
23,293
23,161
6,232
23,491
18,654
23,411
49,668
23,616
15,729
18,562
2,462
36,305
23,374
57,208
14,484
43,231
17,595
23,511
15,655
7,227
25,260
51,8
14,97
50,9
44,401
23,547
23,460
23,107
23,21
60,166
15,538
15,554
14,184
23,181
23,564
23,468
7,40
23,185
17,478
23,75
23,87
38,304
23,63
7,397
23,649
16,43
49,428
23,431
23,606
23,336
23,408
23,519
23,574
61,520
23,233
23,22
23,673
23,312
23,109
23,217
5,581
23,386
7,413
23,243
23,733
17,659
23,365
2,215
4,517
23,558
15,687
13,17
23,689
14,299
14,596
23,356
23,455
23,28
2,648
23,44
9,744
47,249
48,108
23,450
15,244
49,324
23,677
23,682
23,650
15,337
23,264
23,268
14,700
23,561
23,674
15,32
49,351
23,651
23,345
50,432
15,114
14,551
23,173
48,416
23,672
11,88
24,444
23,115
14,77
23,82
34,225
15,177
18,514
23,266
15,52
18,276
17,611
15,625
14,79
2,102
6,438
23,180
23,326
42,708
23,524
23,402
23,83
23,645
14,146
37,456
23,565
48,513
23,685
36,76
23,329
13,585
37,6
23,506
23,122
3,388
55,322
23,247
24,445
23,254
15,608
7,375
23,465
23,392
15,591
17,303
18,197
26,308
23,45
23,80
23,508
24,727
46,294
23,702
23,721
23,273
14,137
23,489
7,302
23,144
63,191
4,196
49,482
23,643
51,448
23,566
16,618
47,715
6,384
23,412
23,440
23,156
23,526
23,248
23,722
4,691
48,531
23,452
15,492
23,349
23,363
23,675
23,119
23,368
15,124
23,740
24,274
23,62
23,390
23,612
24,542
23,275
24,216
6,256
23,219
2,549
50,149
15,688
18,577
14,285
18,131
20,425
23,204
23,626
16,528
17,84
34,469
15,51
23,753
13,209
23,296
23,50
24,221
23,245
23,646
23,545
23,671
15,614
16,320
16,467
23,282
51,101
30,194
14,199
19,602
49,207
23,409
18,178
23,129
40,251
23,617
23,527
18,373
23,330
23,38
3,15
23,470
18,311
48,704
18,739
23,49
49,679
23,745
26,103
23,353
23,193
54,288
62,429
23,423
23,300
18,284
23,36
7,487
23,280
45,461
23,569
23,155
23,112
2,718
23,579
23,734
23,37
23,192
23,457
23,210
6,656
23,556
23,376
36,321
23,441
23,42
7,582
10,575
23,30
24,213
23,377
23,33
7,65
23,385
17,419
23,696
23,69
23,333
13,105
36,316
23,475
23,295
23,499
23,697
40,134
49,459
23,427
23,586
23,145
18,143
40,751
23,238
23,610
26,106
23,132
15,286
56,223
67,752
50,117
