18,564
54,532
54,151
54,452
54,372
44,475
28,422
54,539
44,476
88,88
90,593
54,210
54,507
54,78
20,596
54,65
54,509
81,220
44,99
44,165
51,279
54,84
54,196
47,310
89,406
54,521
87,296
58,12
54,79
54,407
54,16
61,303
54,558
55,23
54,625
17,392
44,340
89,4
54,216
92,365
6,209
11,515
54,56
54,437
54,562
54,234
88,120
25,546
90,627
26,351
54,495
54,371
54,529
26,344
31,395
54,439
54,145
54,149
15,277
18,519
18,482
18,161
46,300
79,366
54,110
54,584
50,606
54,187
54,350
66,294
43,308
16,53
18,347
58,283
47,43
77,213
87,607
54,360
54,173
61,223
54,465
54,45
54,585
54,413
54,536
44,218
12,158
54,321
54,200
44,621
18,569
54,81
60,224
80,111
60,66
67,493
54,114
85,46
54,178
89,212
64,113
79,487
31,469
54,89
44,115
83,13
63,135
54,333
90,8
54,500
54,597
44,97
54,555
54,228
54,592
52,44
54,280
51,622
38,603
54,5
2,259
90,570
23,57
30,619
18,22
74,17
55,510
64,3
54,561
76,69
61,324
18,260
23,553
39,383
54,281
54,291
55,82
18,26
18,479
5,602
65,342
91,315
16,85
23,363
54,236
63,30
11,498
83,29
54,225
54,524
54,313
13,468
30,573
93,198
60,626
57,444
51,580
54,238
61,335
54,533
54,289
42,176
54,586
18,245
54,591
18,249
55,471
54,599
1,168
2,620
18,33
54,528
54,282
27,401
18,192
54,269
69,35
54,51
89,2
29,298
43,136
31,214
52,385
46,560
38,359
18,292
54,615
33,484
18,550
80,257
24,480
54,429
60,556
29,92
11,425
54,117
18,409
54,322
47,554
54,472
16,450
55,445
18,514
89,325
32,263
49,217
66,527
48,68
54,604
54,440
43,14
54,160
54,104
54,587
52,577
54,456
54,108
54,631
90,448
54,629
69,618
60,301
54,581
54,39
54,497
44,58
18,364
54,397
44,163
1,424
55,458
18,339
31,382
54,150
18,361
54,31
16,457
54,540
45,582
82,567
8,172
44,490
26,434
2,83
54,253
28,346
44,415
44,129
54,511
60,52
1,594
2,167
54,202
44,34
16,137
2,605
54,231
41,127
54,600
54,537
58,410
68,544
54,288
60,116
38,305
44,183
70,215
18,595
54,338
36,156
60,508
61,157
19,21
44,118
44,461
11,67
54,75
44,624
54,24
54,428
54,199
54,208
54,206
85,502
46,28
60,261
43,74
56,278
54,19
61,247
54,394
54,90
31,20
54,473
41,9
54,489
14,275
54,37
44,226
54,357
54,6
90,229
54,266
18,248
52,86
59,504
85,105
54,571
89,242
54,112
44,417
61,311
54,299
37,254
54,274
90,535
18,181
14,464
46,211
2,71
54,370
54,393
19,513
54,408
54,389
18,486
9,334
83,287
14,239
86,427
16,184
2,285
54,319
43,63
54,566
85,387
85,551
53,542
54,270
54,447
26,531
54,314
18,265
54,185
13,119
54,134
54,549
85,380
82,295
54,258
54,162
1,193
93,250
18,286
18,430
19,93
44,572
28,222
54,95
54,377
54,271
14,155
54,412
54,264
54,272
54,462
23,557
31,159
7,131
43,312
54,80
54,32
11,290
20,390
59,579
11,306
60,375
2,608
91,388
41,496
26,146
54,107
54,399
18,207
54,518
2,70
46,96
62,101
43,559
61,128
24,141
54,177
43,221
44,262
54,609
80,474
54,267
31,483
63,543
15,188
54,354
1,491
16,1
73,268
31,189
54,326
54,416
43,598
54,197
55,73
90,235
60,125
54,203
22,435
54,227
18,494
44,61
18,91
18,355
83,304
18,530
54,545
26,421
54,526
54,132
82,432
46,588
47,139
54,610
60,523
78,438
18,171
31,481
54,419
18,166
31,384
54,317
18,62
54,175
54,60
31,232
90,630
31,343
54,454
54,418
80,449
35,164
54,186
18,138
54,520
93,201
54,331
91,72
18,143
14,403
54,255
54,576
54,237
31,517
89,36
50,273
61,356
74,616
43,323
54,15
89,374
84,485
54,601
54,613
2,414
54,362
54,318
44,522
70,455
54,329
54,297
15,506
75,512
54,400
54,59
18,477
54,345
71,501
54,568
21,152
43,195
54,376
2,147
44,276
54,42
18,373
90,87
54,628
18,293
54,534
62,525
54,611
54,552
30,405
54,590
13,182
58,436
31,441
44,443
2,503
15,433
54,398
57,368
54,55
54,459
54,233
15,103
43,617
54,124
54,538
10,153
17,499
66,205
54,180
16,194
54,50
14,341
18,54
54,381
31,423
18,243
54,548
54,174
54,246
18,7
35,358
54,133
54,123
31,144
43,367
54,191
55,391
30,48
54,505
54,332
90,488
36,121
34,386
55,320
18,170
54,252
82,589
26,256
40,378
54,470
36,244
31,402
54,251
54,352
54,169
54,230
61,632
54,369
64,41
54,140
54,612
54,327
90,241
54,516
87,49
46,122
54,563
13,541
54,492
54,316
44,302
60,411
54,11
72,442
90,623
16,575
54,109
92,219
61,614
54,204
54,100
54,179
85,38
54,460
54,25
54,466
54,309
18,47
2,10
31,578
54,633
54,40
54,379
54,453
52,142
54,77
54,565
18,27
54,353
55,451
22,154
54,148
54,420
54,328
55,106
54,467
54,349
62,240
68,426
18,547
31,583
4,307
22,337
90,348
54,284
19,98
30,336
54,330
54,94
54,396
54,446
54,190
90,64
47,102
54,18
54,126
54,463
12,478
54,76
18,130
54,431
3,404
92,574
