15,13
25,442
15,83
13,295
4,248
15,271
15,92
49,108
36,202
15,63
15,249
15,117
15,504
15,393
15,561
12,321
15,499
15,211
15,156
15,115
15,490
15,180
46,178
74,472
71,562
7,522
15,198
15,389
15,199
15,443
44,146
25,96
15,39
15,125
73,18
15,151
74,290
15,330
15,87
15,33
15,148
15,200
15,195
15,101
65,19
15,560
15,59
74,300
49,568
15,56
15,571
48,564
15,325
15,419
15,15
15,139
15,501
15,174
15,299
15,261
15,528
15,536
15,401
28,279
15,44
15,276
15,143
15,489
15,109
15,418
17,291
14,349
59,386
15,40
15,530
34,238
15,46
15,545
15,467
15,245
44,404
15,244
15,378
15,29
15,67
5,252
15,274
15,574
15,89
47,516
28,293
15,327
15,283
15,533
28,119
15,370
77,458
15,68
15,88
74,465
15,285
15,227
28,331
15,50
73,7
24,237
26,557
15,303
15,317
15,449
15,144
15,339
50,188
15,537
15,413
15,3
15,230
57,166
15,394
64,155
74,20
25,372
15,240
68,366
15,203
15,583
15,513
15,11
74,487
74,258
15,269
20,579
17,322
54,414
15,53
75,152
50,556
74,255
15,131
37,243
15,420
15,368
15,221
15,428
73,553
15,316
72,491
15,278
54,65
15,286
15,55
15,233
15,78
12,215
15,205
15,254
81,409
22,532
52,494
25,69
15,51
58,448
19,423
15,266
15,512
15,567
73,481
15,171
15,326
15,460
15,34
62,228
26,466
15,391
66,430
74,94
74,196
15,14
1,62
15,367
74,85
27,114
2,190
4,297
12,566
15,197
15,492
15,546
15,432
15,17
74,505
69,98
52,153
53,441
15,488
15,426
15,82
15,123
15,523
15,559
66,102
15,577
15,425
35,187
15,485
13,270
15,439
28,495
15,581
79,400
15,476
28,586
70,582
15,515
15,79
7,507
15,236
15,584
9,585
15,410
15,306
29,218
15,304
15,38
28,264
67,578
15,496
15,21
25,74
15,379
15,84
27,315
15,344
54,207
15,61
15,360
15,161
15,540
15,555
15,334
69,453
73,93
15,470
15,422
15,259
15,329
14,445
15,30
15,12
15,47
22,10
15,455
48,575
15,169
15,75
15,164
32,484
15,345
15,314
13,347
15,301
11,373
21,446
15,380
70,570
15,362
15,313
15,294
15,355
15,337
15,231
30,58
12,142
15,440
23,22
15,563
34,569
15,526
15,268
76,165
46,376
17,214
15,28
27,60
15,552
15,424
15,220
74,408
80,57
15,1
15,310
15,309
15,308
15,551
15,403
74,333
15,128
69,451
15,377
15,381
15,421
3,77
15,27
15,209
10,6
15,104
9,371
15,170
15,311
15,267
15,127
21,292
15,256
15,474
15,412
15,186
15,235
55,54
62,398
17,239
15,547
15,99
3,110
31,572
15,287
15,340
15,66
21,223
15,135
15,396
15,41
69,116
15,411
15,438
17,111
40,189
15,541
12,224
15,250
15,42
74,415
69,479
16,549
15,454
15,168
15,36
15,358
54,80
15,346
56,141
73,539
80,406
15,511
77,43
15,217
15,356
72,70
15,246
57,126
15,353
61,529
15,112
68,150
77,343
7,500
15,508
15,335
15,133
34,71
15,282
15,417
15,473
15,320
74,247
71,514
15,72
15,431
15,427
15,405
15,4
15,206
35,260
7,390
6,16
38,273
15,338
45,154
57,185
15,464
12,395
15,475
61,163
15,263
15,312
18,328
15,251
8,158
15,275
74,132
15,565
15,219
67,307
15,305
15,262
14,32
15,122
59,2
15,229
15,160
15,502
15,558
15,573
15,456
15,106
15,26
30,383
17,365
15,216
15,517
15,503
15,397
15,384
15,86
15,534
15,5
15,184
14,435
15,302
60,554
15,323
14,183
15,179
74,64
74,542
4,208
40,103
74,95
15,548
15,225
15,212
15,461
15,91
15,182
74,284
15,232
15,173
61,107
15,531
15,222
61,521
15,518
41,416
15,272
15,324
15,257
24,277
33,525
15,76
75,369
15,480
28,457
42,204
69,382
12,520
15,49
15,8
15,497
73,543
60,527
15,52
46,253
15,23
17,281
15,471
18,90
15,509
63,538
75,137
15,113
33,159
15,193
82,194
39,348
15,149
15,134
39,234
15,318
15,462
15,506
15,580
15,436
15,336
67,452
15,31
15,81
15,387
49,140
78,9
15,385
17,483
15,486
25,350
8,130
15,177
15,341
42,576
15,433
17,129
51,288
59,524
15,181
15,176
15,437
14,399
15,296
15,588
8,544
29,191
72,121
35,48
29,138
15,24
15,434
74,374
34,37
15,535
49,100
15,550
15,444
15,136
29,459
15,478
15,468
4,105
74,145
15,351
15,167
51,35
15,242
15,147
15,357
28,519
49,280
74,298
15,192
15,332
15,342
28,463
15,241
74,363
15,124
15,375
15,25
3,265
15,213
15,226
15,493
25,402
15,201
15,175
15,45
15,120
15,172
15,319
20,477
15,354
15,97
15,364
15,407
15,510
15,73
15,429
25,469
15,447
15,361
74,450
15,392
15,359
15,118
43,388
15,162
15,352
15,289
15,157
15,210
15,498
83,482
74,587
