11,564
33,532
33,151
33,452
33,372
27,475
17,422
33,539
27,476
59,88
60,593
33,210
33,507
33,78
13,596
33,65
33,509
52,220
27,99
27,165
31,279
33,84
33,196
29,310
59,406
33,521
58,296
36,12
33,79
33,407
33,16
38,303
33,558
34,23
33,625
11,392
27,340
59,4
33,216
62,365
3,209
7,515
33,56
33,437
33,562
33,234
59,120
16,546
60,627
17,351
33,495
33,371
33,529
17,344
19,395
33,439
33,145
33,149
10,277
11,519
11,482
11,161
28,300
51,366
33,110
33,584
31,606
33,187
33,350
42,294
27,308
11,53
11,347
36,283
29,43
49,213
58,607
33,360
33,173
38,223
33,465
33,45
33,585
33,413
33,536
27,218
7,158
33,321
33,200
27,621
11,569
33,81
38,224
51,111
38,66
42,493
33,114
56,46
33,178
59,212
41,113
51,487
19,469
33,89
27,115
54,13
40,135
33,333
60,8
33,500
33,597
27,97
33,555
33,228
33,592
32,44
33,280
31,622
25,603
33,5
1,259
60,570
15,57
19,619
11,22
47,17
34,510
41,3
33,561
49,69
38,324
11,260
15,553
25,383
33,281
33,291
34,82
11,26
11,479
3,602
41,342
61,315
11,85
15,363
33,236
40,30
7,498
54,29
33,225
33,524
33,313
8,468
19,573
63,198
38,626
35,444
31,580
33,238
38,335
33,533
33,289
26,176
33,586
11,245
33,591
11,249
34,471
33,599
1,168
1,620
11,33
33,528
33,282
17,401
11,192
33,269
43,35
33,51
59,2
18,298
27,136
19,214
32,385
28,560
25,359
11,292
33,615
21,484
11,550
51,257
15,480
33,429
38,556
18,92
7,425
33,117
11,409
33,322
29,554
33,472
11,450
34,445
11,514
59,325
20,263
30,217
42,527
29,68
33,604
33,440
27,14
33,160
33,104
33,587
32,577
33,456
33,108
33,631
60,448
33,629
43,618
38,301
33,581
33,39
33,497
27,58
11,364
33,397
27,163
1,424
34,458
11,339
19,382
33,150
11,361
33,31
11,457
33,540
27,582
53,567
4,172
27,490
17,434
1,83
33,253
17,346
27,415
27,129
33,511
38,52
1,594
1,167
33,202
27,34
11,137
1,605
33,231
26,127
33,600
33,537
36,410
43,544
33,288
38,116
25,305
27,183
44,215
11,595
33,338
23,156
38,508
38,157
12,21
27,118
27,461
7,67
33,75
27,624
33,24
33,428
33,199
33,208
33,206
56,502
28,28
38,261
27,74
34,278
33,19
38,247
33,394
33,90
19,20
33,473
26,9
33,489
9,275
33,37
27,226
33,357
33,6
60,229
33,266
11,248
32,86
37,504
56,105
33,571
59,242
33,112
27,417
38,311
33,299
24,254
33,274
60,535
11,181
9,464
28,211
1,71
33,370
33,393
12,513
33,408
33,389
11,486
5,334
54,287
9,239
57,427
11,184
1,285
33,319
27,63
33,566
56,387
56,551
32,542
33,270
33,447
17,531
33,314
11,265
33,185
8,119
33,134
33,549
56,380
53,295
33,258
33,162
1,193
63,250
11,286
11,430
12,93
27,572
17,222
33,95
33,377
33,271
9,155
33,412
33,264
33,272
33,462
15,557
19,159
3,131
27,312
33,80
33,32
7,290
13,390
37,579
7,306
38,375
1,608
61,388
26,496
17,146
33,107
33,399
11,207
33,518
1,70
28,96
39,101
27,559
38,128
15,141
33,177
27,221
27,262
33,609
51,474
33,267
19,483
40,543
10,188
33,354
1,491
11,1
46,268
19,189
33,326
33,416
27,598
33,197
34,73
60,235
38,125
33,203
14,435
33,227
11,494
27,61
11,91
11,355
54,304
11,530
33,545
17,421
33,526
33,132
53,432
28,588
29,139
33,610
38,523
50,438
11,171
19,481
33,419
11,166
19,384
33,317
11,62
33,175
33,60
19,232
60,630
19,343
33,454
33,418
51,449
23,164
33,186
11,138
33,520
63,201
33,331
61,72
11,143
9,403
33,255
33,576
33,237
19,517
59,36
31,273
38,356
47,616
27,323
33,15
59,374
55,485
33,601
33,613
1,414
33,362
33,318
27,522
44,455
33,329
33,297
10,506
48,512
33,400
33,59
11,477
33,345
44,501
33,568
13,152
27,195
33,376
1,147
27,276
33,42
11,373
60,87
33,628
11,293
33,534
39,525
33,611
33,552
19,405
33,590
8,182
36,436
19,441
27,443
1,503
10,433
33,398
35,368
33,55
33,459
33,233
10,103
27,617
33,124
33,538
6,153
11,499
42,205
33,180
11,194
33,50
9,341
11,54
33,381
19,423
11,243
33,548
33,174
33,246
11,7
23,358
33,133
33,123
19,144
27,367
33,191
34,391
19,48
33,505
33,332
60,488
23,121
22,386
34,320
11,170
33,252
53,589
17,256
25,378
33,470
23,244
19,402
33,251
33,352
33,169
33,230
38,632
33,369
41,41
33,140
33,612
33,327
60,241
33,516
58,49
28,122
33,563
8,541
33,492
33,316
27,302
38,411
33,11
45,442
60,623
11,575
33,109
62,219
38,614
33,204
33,100
33,179
56,38
33,460
33,25
33,466
33,309
11,47
1,10
19,578
33,633
33,40
33,379
33,453
32,142
33,77
33,565
11,27
33,353
34,451
14,154
33,148
33,420
33,328
34,106
33,467
33,349
39,240
43,426
11,547
19,583
3,307
14,337
60,348
33,284
12,98
19,336
33,330
33,94
33,396
33,446
33,190
60,64
29,102
33,18
33,126
33,463
7,478
33,76
11,130
33,431
2,404
62,574
