28,661
38,1045
28,845
28,943
28,19
29,1007
29,529
29,582
28,245
28,70
22,959
28,917
28,381
18,130
28,220
28,325
28,58
28,212
28,672
28,1051
31,568
28,564
28,1015
28,781
11,1108
28,924
28,448
15,969
28,125
28,1047
28,870
28,332
28,466
28,188
28,1091
28,541
28,153
28,983
28,1113
31,300
28,236
29,352
28,1072
28,532
28,309
28,454
20,645
28,1012
28,1080
28,504
18,1020
28,668
29,389
34,1023
29,221
31,839
28,627
28,98
23,974
28,1096
28,78
28,988
28,259
28,430
15,1018
34,322
29,402
28,772
23,403
28,800
28,74
28,633
28,339
28,1021
28,589
28,906
15,386
28,497
21,1062
28,357
28,767
28,301
28,795
28,796
28,651
28,283
28,306
28,976
28,435
28,416
28,30
28,656
28,975
28,88
28,86
28,1119
29,1041
28,918
28,330
46,686
28,13
28,869
28,955
11,683
28,610
28,216
28,35
10,342
28,262
28,292
28,714
28,272
28,496
28,937
3,565
27,63
4,289
28,328
28,827
28,1057
9,482
28,298
28,499
28,1010
28,29
28,821
28,23
36,36
28,360
28,436
29,569
2,535
28,468
28,741
28,903
28,785
28,296
28,788
28,794
28,982
37,546
28,234
28,539
28,780
28,495
28,590
28,119
28,464
28,542
26,742
28,1087
15,92
28,249
5,673
28,510
28,773
28,106
28,462
28,792
28,1016
28,992
29,160
28,347
13,629
28,1089
29,175
28,443
28,545
28,614
28,145
27,1000
26,952
28,609
28,786
28,358
30,71
28,485
28,494
28,1048
8,769
28,1100
28,604
28,12
29,928
27,498
28,1026
38,933
28,846
26,862
36,797
28,755
1,1044
28,174
28,970
28,782
28,690
28,385
28,812
28,240
3,947
35,225
28,849
26,1076
28,15
28,178
22,193
29,893
28,637
28,1111
13,916
28,689
28,1092
28,371
28,362
29,183
28,603
37,704
37,994
31,995
28,156
28,413
15,359
3,1046
28,543
28,914
26,688
28,68
28,202
28,151
28,138
24,528
28,660
28,133
28,577
28,61
28,675
18,287
18,428
28,1093
28,367
28,980
19,263
28,483
28,380
28,516
47,920
26,1013
29,155
28,885
28,343
28,575
29,22
28,76
28,479
28,843
28,401
28,815
28,404
28,874
28,438
28,653
28,168
28,314
28,808
28,87
28,484
28,440
28,1058
28,967
28,291
28,824
28,9
28,270
28,126
28,787
28,1053
38,60
28,771
29,101
29,320
28,214
28,33
28,470
28,676
28,418
6,818
28,853
28,157
28,1099
28,275
28,267
28,269
28,763
28,195
22,973
28,143
28,80
28,105
28,912
28,444
28,866
11,857
26,647
28,930
28,606
28,682
28,476
8,1088
28,747
28,73
28,75
28,186
34,599
28,285
28,445
28,702
35,311
28,957
28,159
28,748
28,667
28,394
28,613
28,960
28,290
28,829
28,113
28,327
28,602
28,149
11,209
28,353
6,46
28,399
31,945
28,527
28,181
28,396
28,801
20,958
28,208
28,366
28,764
28,446
28,759
28,941
28,997
29,1107
29,749
49,931
28,856
28,392
28,57
26,254
28,579
35,987
28,316
28,687
28,774
28,148
26,266
28,82
28,826
29,895
3,956
28,118
28,85
28,1008
28,41
28,894
28,662
18,789
28,880
33,4
28,1005
5,459
21,256
36,433
28,944
28,642
28,835
28,882
28,517
24,524
28,329
28,566
5,228
29,1106
28,1033
28,730
28,907
28,1098
3,1042
28,761
28,754
28,909
28,913
28,109
28,95
28,410
28,368
28,243
28,50
28,205
28,737
28,1090
28,232
3,278
28,34
28,929
28,1024
28,776
28,507
28,442
28,49
28,140
28,146
28,555
28,318
28,341
14,790
29,513
3,204
28,1049
28,258
29,573
28,805
28,708
28,695
28,457
28,199
18,103
28,94
29,972
28,692
28,891
26,836
28,405
22,522
28,182
28,191
28,585
28,873
28,425
28,276
28,584
29,757
28,230
25,1073
29,576
28,592
29,398
29,848
28,158
28,750
28,1068
28,634
28,1
28,552
36,850
28,758
28,1071
28,966
28,43
29,250
28,406
40,1035
28,112
20,649
28,307
18,493
28,173
18,429
39,1036
28,293
28,503
28,1067
36,703
28,491
28,833
38,1003
28,624
28,390
28,147
28,407
38,163
28,310
5,411
28,768
21,312
28,1040
28,122
28,194
28,694
28,544
28,593
28,538
28,261
28,315
37,550
38,1104
28,431
28,623
28,685
28,852
29,570
28,858
28,896
28,281
28,1056
28,953
28,233
28,678
29,170
11,583
28,571
28,134
28,321
28,939
28,144
24,299
28,99
28,334
28,1011
28,990
28,834
28,709
28,458
28,863
28,657
15,652
28,699
28,727
3,346
28,777
28,536
39,72
28,211
28,631
28,872
28,382
28,530
28,420
28,297
28,3
28,1081
32,842
9,1050
14,556
28,62
28,102
28,253
11,1074
26,337
28,1054
28,400
15,520
15,492
28,559
28,344
18,179
18,197
26,596
28,419
28,89
28,923
28,712
28,901
28,255
28,641
28,323
28,489
28,594
28,294
28,828
28,91
28,373
18,823
28,414
12,525
28,227
28,26
28,167
28,1009
28,696
28,241
1,526
26,717
28,224
28,137
28,165
28,932
28,1022
28,902
28,391
28,716
35,93
28,244
28,274
28,911
29,251
28,1029
28,1014
28,640
26,762
28,512
26,618
28,706
28,926
28,807
28,1094
26,900
28,177
28,409
34,456
28,351
28,1027
28,415
28,632
28,574
35,32
31,264
28,617
28,338
28,96
28,18
28,819
28,1061
28,508
6,655
28,114
28,940
28,783
28,427
6,90
37,239
28,934
19,31
28,480
28,1075
28,644
28,847
28,17
28,273
28,288
28,455
28,81
28,950
28,383
20,235
28,611
28,265
28,304
35,48
28,319
28,1082
28,691
19,936
28,825
28,551
28,169
28,369
17,129
24,1102
36,1001
38,659
28,441
28,27
28,809
11,523
9,875
28,505
28,260
28,892
28,282
28,733
10,1052
28,161
6,424
5,586
29,44
28,626
28,461
29,284
28,451
28,52
28,397
28,379
28,136
28,198
28,518
28,5
29,984
28,213
28,925
28,324
38,37
19,120
28,10
35,938
36,725
28,370
28,608
28,107
18,268
28,740
11,600
28,326
28,897
28,674
23,111
28,463
36,810
28,572
26,888
28,110
28,84
22,229
29,616
18,625
28,271
28,775
28,728
35,1097
28,765
18,64
28,417
28,395
20,820
28,1070
36,567
11,760
28,628
36,39
6,1069
47,1085
28,954
36,142
28,477
28,905
28,746
28,1039
28,948
14,965
31,363
28,511
28,345
28,968
28,908
28,998
34,743
26,38
18,722
28,305
28,375
3,595
28,45
28,620
28,83
28,196
28,1083
28,123
28,540
28,779
28,355
31,336
28,24
28,412
28,591
28,832
28,961
28,139
28,739
28,981
28,831
28,844
28,639
3,509
28,877
28,710
28,851
28,841
28,648
15,581
28,487
28,257
28,560
28,1095
28,899
28,919
20,472
28,135
15,20
28,646
28,643
28,502
28,127
19,533
23,1112
28,817
28,721
31,989
43,876
24,619
28,1101
27,1028
28,986
28,475
28,770
28,951
21,16
28,979
28,519
22,813
28,840
29,669
28,124
28,598
28,860
28,723
28,185
2,806
28,889
28,1006
28,116
28,171
28,868
28,303
28,189
6,437
28,946
28,226
28,203
28,607
28,554
28,605
48,150
29,354
28,752
28,588
28,890
28,612
28,985
28,361
28,247
28,563
28,172
28,715
28,1004
28,962
28,1055
28,348
28,279
2,166
13,252
28,162
28,364
28,450
10,7
28,184
29,55
28,514
28,719
18,861
15,8
28,426
19,816
27,131
28,6
28,878
38,280
28,452
28,349
28,248
28,1002
28,207
28,1066
29,991
22,693
28,465
11,453
28,97
36,506
36,681
28,42
45,1019
18,388
28,434
27,601
26,949
28,67
28,215
28,447
28,1043
28,53
28,422
28,1109
44,838
28,684
28,176
28,335
28,219
28,766
11,745
28,622
28,21
28,1037
28,802
28,40
13,56
28,1059
28,231
28,804
28,1110
16,384
28,664
28,521
28,449
28,547
28,374
43,964
7,460
28,713
28,478
28,883
28,378
10,738
28,1060
28,190
28,734
28,731
28,884
28,128
28,701
6,665
28,654
28,1084
28,1103
28,317
28,201
28,724
17,597
28,356
28,621
28,700
26,313
28,54
28,66
29,751
28,615
28,996
28,141
28,218
28,1030
28,1063
28,1025
28,636
28,217
28,500
28,1038
28,187
26,486
42,871
36,501
28,277
28,697
28,481
28,666
28,2
28,474
22,537
28,864
28,473
28,237
28,14
28,1114
14,720
18,1079
28,705
28,1077
28,978
28,578
28,753
28,471
26,51
28,562
28,372
28,432
28,238
28,887
29,561
28,726
18,993
28,798
28,867
37,242
28,1032
28,638
3,658
28,698
28,791
29,729
28,47
26,340
28,469
27,650
28,942
28,663
28,206
28,1116
28,295
28,814
28,1065
28,1078
28,11
28,439
11,718
28,879
29,971
28,711
28,799
28,69
28,59
28,490
37,79
28,811
28,377
28,803
28,921
37,898
15,886
19,1117
28,467
3,963
28,100
28,736
31,246
37,837
28,350
28,408
28,999
28,534
29,1064
28,778
28,223
28,200
28,1034
28,423
28,365
28,393
28,756
28,115
28,1086
28,117
29,679
28,935
28,630
28,830
31,635
36,286
28,735
28,333
37,680
3,387
22,376
29,488
28,154
28,854
28,132
28,822
28,192
28,587
28,922
28,553
28,881
28,515
18,732
22,904
18,1115
28,25
28,104
28,707
28,670
35,331
28,1017
3,302
28,108
28,859
28,677
28,927
28,580
28,671
28,121
28,548
28,180
28,308
28,152
28,28
28,784
28,1031
28,865
28,557
35,531
28,793
13,77
28,222
28,65
28,558
29,915
24,910
28,1118
28,210
28,164
18,855
11,1105
22,744
41,549
13,421
28,977
