2,564
6,532
6,151
6,452
6,372
6,475
3,422
6,539
6,476
13,88
13,593
6,210
6,507
6,78
2,596
6,65
6,509
10,220
6,99
6,165
6,279
6,84
6,196
6,310
13,406
6,521
13,296
6,12
6,79
6,407
6,16
7,303
6,558
6,23
6,625
2,392
6,340
13,4
6,216
13,365
1,209
2,515
6,56
6,437
6,562
6,234
13,120
3,546
13,627
3,351
6,495
6,371
6,529
3,344
3,395
6,439
6,145
6,149
2,277
2,519
2,482
2,161
6,300
10,366
6,110
6,584
6,606
6,187
6,350
7,294
6,308
2,53
2,347
6,283
6,43
10,213
13,607
6,360
6,173
7,223
6,465
6,45
6,585
6,413
6,536
6,218
2,158
6,321
6,200
6,621
2,569
6,81
7,224
10,111
7,66
7,493
6,114
11,46
6,178
13,212
7,113
10,487
3,469
6,89
6,115
11,13
7,135
6,333
13,8
6,500
6,597
6,97
6,555
6,228
6,592
6,44
6,280
6,622
5,603
6,5
1,259
13,570
3,57
3,619
2,22
10,17
6,510
7,3
6,561
10,69
7,324
2,260
3,553
5,383
6,281
6,291
6,82
2,26
2,479
1,602
7,342
13,315
2,85
3,363
6,236
7,30
2,498
11,29
6,225
6,524
6,313
2,468
3,573
14,198
7,626
6,444
6,580
6,238
7,335
6,533
6,289
5,176
6,586
2,245
6,591
2,249
6,471
6,599
1,168
1,620
2,33
6,528
6,282
3,401
2,192
6,269
7,35
6,51
13,2
3,298
6,136
3,214
6,385
6,560
5,359
2,292
6,615
4,484
2,550
10,257
3,480
6,429
7,556
3,92
2,425
6,117
2,409
6,322
6,554
6,472
2,450
6,445
2,514
13,325
3,263
6,217
7,527
6,68
6,604
6,440
6,14
6,160
6,104
6,587
6,577
6,456
6,108
6,631
13,448
6,629
7,618
7,301
6,581
6,39
6,497
6,58
2,364
6,397
6,163
1,424
6,458
2,339
3,382
6,150
2,361
6,31
2,457
6,540
6,582
11,567
1,172
6,490
3,434
1,83
6,253
3,346
6,415
6,129
6,511
7,52
1,594
1,167
6,202
6,34
2,137
1,605
6,231
5,127
6,600
6,537
6,410
7,544
6,288
7,116
5,305
6,183
8,215
2,595
6,338
5,156
7,508
7,157
2,21
6,118
6,461
2,67
6,75
6,624
6,24
6,428
6,199
6,208
6,206
11,502
6,28
7,261
6,74
6,278
6,19
7,247
6,394
6,90
3,20
6,473
5,9
6,489
2,275
6,37
6,226
6,357
6,6
13,229
6,266
2,248
6,86
7,504
11,105
6,571
13,242
6,112
6,417
7,311
6,299
5,254
6,274
13,535
2,181
2,464
6,211
1,71
6,370
6,393
2,513
6,408
6,389
2,486
1,334
11,287
2,239
12,427
2,184
1,285
6,319
6,63
6,566
11,387
11,551
6,542
6,270
6,447
3,531
6,314
2,265
6,185
2,119
6,134
6,549
11,380
11,295
6,258
6,162
1,193
14,250
2,286
2,430
2,93
6,572
3,222
6,95
6,377
6,271
2,155
6,412
6,264
6,272
6,462
3,557
3,159
1,131
6,312
6,80
6,32
2,290
2,390
7,579
2,306
7,375
1,608
13,388
5,496
3,146
6,107
6,399
2,207
6,518
1,70
6,96
7,101
6,559
7,128
3,141
6,177
6,221
6,262
6,609
10,474
6,267
3,483
7,543
2,188
6,354
1,491
2,1
9,268
3,189
6,326
6,416
6,598
6,197
6,73
13,235
7,125
6,203
2,435
6,227
2,494
6,61
2,91
2,355
11,304
2,530
6,545
3,421
6,526
6,132
11,432
6,588
6,139
6,610
7,523
10,438
2,171
3,481
6,419
2,166
3,384
6,317
2,62
6,175
6,60
3,232
13,630
3,343
6,454
6,418
10,449
5,164
6,186
2,138
6,520
14,201
6,331
13,72
2,143
2,403
6,255
6,576
6,237
3,517
13,36
6,273
7,356
10,616
6,323
6,15
13,374
11,485
6,601
6,613
1,414
6,362
6,318
6,522
8,455
6,329
6,297
2,506
10,512
6,400
6,59
2,477
6,345
8,501
6,568
2,152
6,195
6,376
1,147
6,276
6,42
2,373
13,87
6,628
2,293
6,534
7,525
6,611
6,552
3,405
6,590
2,182
6,436
3,441
6,443
1,503
2,433
6,398
6,368
6,55
6,459
6,233
2,103
6,617
6,124
6,538
1,153
2,499
7,205
6,180
2,194
6,50
2,341
2,54
6,381
3,423
2,243
6,548
6,174
6,246
2,7
5,358
6,133
6,123
3,144
6,367
6,191
6,391
3,48
6,505
6,332
13,488
5,121
4,386
6,320
2,170
6,252
11,589
3,256
5,378
6,470
5,244
3,402
6,251
6,352
6,169
6,230
7,632
6,369
7,41
6,140
6,612
6,327
13,241
6,516
13,49
6,122
6,563
2,541
6,492
6,316
6,302
7,411
6,11
9,442
13,623
2,575
6,109
13,219
7,614
6,204
6,100
6,179
11,38
6,460
6,25
6,466
6,309
2,47
1,10
3,578
6,633
6,40
6,379
6,453
6,142
6,77
6,565
2,27
6,353
6,451
2,154
6,148
6,420
6,328
6,106
6,467
6,349
7,240
7,426
2,547
3,583
1,307
2,337
13,348
6,284
2,98
3,336
6,330
6,94
6,396
6,446
6,190
13,64
6,102
6,18
6,126
6,463
2,478
6,76
2,130
6,431
1,404
13,574
