9,307
9,518
9,190
6,422
6,622
2,230
9,494
6,7
6,371
9,500
9,749
8,497
9,534
9,711
16,19
9,717
6,635
6,627
9,742
9,713
6,203
6,463
9,583
9,747
9,323
9,496
9,723
6,690
9,661
12,670
6,70
6,701
18,639
9,358
6,283
14,399
13,510
16,158
9,609
6,150
9,710
13,391
6,737
6,550
3,188
9,453
9,472
9,567
14,738
17,236
17,529
2,434
9,14
9,593
9,699
9,278
9,235
9,71
9,25
9,605
9,382
17,630
6,46
9,473
18,435
9,603
6,644
9,604
21,172
9,152
9,201
9,153
9,720
9,340
6,741
2,269
2,731
9,298
2,488
3,41
9,378
2,458
2,480
17,743
9,705
6,255
6,576
11,229
6,479
9,396
9,442
9,633
9,383
6,78
9,218
9,548
6,189
9,133
9,261
9,111
17,20
2,267
14,281
9,328
21,678
22,415
6,318
6,142
6,504
9,522
9,681
13,572
6,707
5,259
2,96
9,200
25,3
9,125
17,372
6,695
9,613
2,220
9,694
17,162
9,573
9,72
9,512
9,539
16,73
9,407
17,433
22,179
9,379
20,507
9,698
9,598
3,532
6,315
9,360
9,525
9,338
9,735
19,725
3,226
19,728
2,100
9,553
6,543
17,93
9,74
9,257
9,658
9,537
9,34
15,57
3,493
9,653
9,334
9,126
6,85
6,621
9,600
9,240
9,570
9,198
6,224
9,171
6,417
9,623
9,157
9,136
9,186
10,64
9,716
9,719
9,536
2,364
16,652
9,599
2,47
6,205
9,317
9,183
6,81
6,116
9,509
9,195
9,250
9,165
9,571
3,246
13,151
14,335
16,175
9,498
3,313
3,555
9,620
16,578
9,169
9,24
9,1
9,395
17,61
9,732
9,637
16,446
6,692
17,666
13,629
9,277
9,309
12,23
9,714
6,540
17,523
6,592
9,292
17,381
9,746
17,147
8,703
23,141
9,270
2,615
9,306
6,607
9,297
9,182
9,359
6,410
6,176
6,726
9,202
9,95
9,736
9,228
22,118
6,343
9,730
6,58
9,414
6,471
6,60
17,709
9,486
2,443
4,683
6,11
9,424
16,211
9,291
9,485
1,533
9,404
17,242
9,515
6,680
9,521
6,272
9,481
6,159
9,589
6,568
9,167
2,140
9,110
6,559
9,403
9,342
6,16
9,501
3,139
17,206
17,426
2,405
9,503
9,341
9,27
15,212
9,331
17,686
9,684
14,641
17,631
22,252
8,505
14,344
6,355
9,314
9,447
9,495
6,474
3,624
21,357
17,483
9,398
9,712
6,367
14,98
6,706
3,164
3,2
6,54
6,406
9,347
9,619
3,418
9,420
6,490
16,665
6,632
9,451
9,676
9,352
21,366
9,163
9,370
6,59
17,580
13,237
2,325
9,350
6,502
9,362
2,664
9,90
9,544
2,660
16,26
9,663
6,380
21,327
9,170
9,584
6,130
6,449
9,91
9,421
9,587
9,55
9,389
9,135
9,174
5,154
6,66
9,121
6,265
17,104
9,253
6,48
9,638
14,640
6,279
9,588
6,552
9,92
9,214
9,53
9,39
6,642
9,662
17,187
9,263
6,724
9,601
9,400
17,636
6,466
9,99
9,234
9,13
16,68
6,430
3,439
13,339
12,123
9,393
9,748
9,290
9,56
9,693
9,10
3,29
18,597
6,128
6,127
2,222
9,287
17,12
9,647
3,477
9,594
6,476
9,289
9,354
6,258
9,557
9,394
9,560
6,241
2,35
9,262
9,348
9,148
9,563
9,89
6,590
16,301
9,160
6,94
3,138
6,454
9,530
9,319
10,346
9,546
9,361
18,516
9,271
9,535
9,332
14,239
9,168
17,67
9,437
20,541
6,5
14,387
9,369
6,464
5,657
9,634
9,31
9,113
6,86
6,628
2,750
9,436
3,310
13,667
9,18
9,4
2,669
1,120
9,293
9,161
3,232
9,491
6,654
9,411
17,668
9,616
6,729
6,562
2,462
13,305
9,374
20,208
6,484
15,231
6,595
9,511
6,655
3,227
9,260
17,8
6,97
17,9
16,401
9,547
9,460
9,107
9,21
21,166
6,538
6,554
6,184
9,181
9,564
9,468
3,40
9,185
6,478
9,75
9,87
14,304
9,63
3,397
9,649
6,43
17,428
9,431
9,606
9,336
9,408
9,519
9,574
21,520
9,233
9,22
9,673
9,312
9,109
9,217
2,581
9,386
3,413
9,243
9,733
6,659
9,365
2,215
2,517
9,558
6,687
6,17
9,689
6,299
6,596
9,356
9,455
9,28
2,648
9,44
4,744
16,249
17,108
9,450
6,244
17,324
9,677
9,682
9,650
6,337
9,264
9,268
6,700
9,561
9,674
6,32
17,351
9,651
9,345
17,432
6,114
6,551
9,173
17,416
9,672
5,88
9,444
9,115
6,77
9,82
13,225
6,177
6,514
9,266
6,52
6,276
6,611
6,625
6,79
2,102
3,438
9,180
9,326
15,708
9,524
9,402
9,83
9,645
6,146
13,456
9,565
17,513
9,685
13,76
9,329
6,585
13,6
9,506
9,122
2,388
19,322
9,247
9,445
9,254
6,608
3,375
9,465
9,392
6,591
6,303
6,197
9,308
9,45
9,80
9,508
9,727
16,294
9,702
9,721
9,273
6,137
9,489
3,302
9,144
22,191
2,196
17,482
9,643
17,448
9,566
6,618
16,715
3,384
9,412
9,440
9,156
9,526
9,248
9,722
2,691
17,531
9,452
6,492
9,349
9,363
9,675
9,119
9,368
6,124
9,740
9,274
9,62
9,390
9,612
9,542
9,275
9,216
3,256
9,219
2,549
17,149
6,688
6,577
6,285
6,131
7,425
9,204
9,626
6,528
6,84
13,469
6,51
9,753
6,209
9,296
9,50
9,221
9,245
9,646
9,545
9,671
6,614
6,320
6,467
9,282
17,101
10,194
6,199
6,602
17,207
9,409
6,178
9,129
14,251
9,617
9,527
6,373
9,330
9,38
2,15
9,470
6,311
17,704
6,739
9,49
17,679
9,745
9,103
9,353
9,193
18,288
21,429
9,423
9,300
6,284
9,36
3,487
9,280
16,461
9,569
9,155
9,112
2,718
9,579
9,734
9,37
9,192
9,457
9,210
3,656
9,556
9,376
13,321
9,441
9,42
3,582
4,575
9,30
9,213
9,377
9,33
3,65
9,385
6,419
9,696
9,69
9,333
6,105
13,316
9,475
9,295
9,499
9,697
14,134
17,459
9,427
9,586
9,145
6,143
14,751
9,238
9,610
9,106
9,132
6,286
19,223
24,752
17,117
