9,798
9,410
8,575
9,901
5,705
9,80
9,580
9,884
9,29
9,451
9,572
9,85
9,22
2,985
9,547
9,816
9,161
2,914
9,234
10,927
9,204
9,242
2,296
9,301
2,1036
9,746
9,1074
9,656
9,393
10,883
10,512
9,791
2,802
9,843
2,254
10,356
9,114
9,1014
9,544
9,413
9,961
9,730
9,594
9,69
9,817
9,428
2,767
9,1065
9,850
2,76
9,760
9,935
9,644
9,374
9,881
9,576
9,989
9,754
9,68
9,229
9,695
4,239
3,1018
9,943
2,632
9,260
2,1062
9,861
9,655
9,1063
9,972
9,1081
9,498
9,951
9,763
9,991
9,846
9,782
7,723
9,444
9,625
9,494
6,419
2,72
9,115
2,677
9,24
9,209
2,238
9,837
9,476
9,178
9,380
9,1000
3,1075
9,939
9,287
9,667
9,578
9,27
9,262
9,762
9,128
10,790
9,528
9,1033
9,364
2,622
9,740
9,557
9,771
9,758
10,345
9,327
9,593
9,968
9,471
9,425
9,437
2,32
9,608
9,495
9,944
9,1048
9,360
9,98
10,43
9,252
9,922
9,71
9,744
9,707
9,688
9,661
2,282
3,866
9,328
9,863
9,905
9,423
10,375
9,320
9,138
9,45
9,454
10,1071
9,830
9,398
9,196
9,946
2,506
9,774
9,959
9,882
9,155
9,603
9,911
9,10
9,501
9,394
9,118
9,776
9,783
9,1020
9,106
1,480
9,674
9,1029
9,1061
9,854
9,497
9,979
9,162
9,713
9,827
9,847
9,696
9,1017
9,1013
9,650
9,8
9,250
9,399
9,913
9,187
9,335
9,152
9,909
9,182
9,39
2,230
2,122
9,245
9,490
9,317
9,452
9,6
9,321
10,134
9,848
9,435
9,1050
2,964
9,1021
9,348
9,651
2,469
9,525
9,875
10,334
9,443
9,460
9,933
2,940
9,565
3,589
1,1042
9,606
9,7
9,404
9,967
10,1077
10,676
9,34
9,163
10,395
2,521
9,958
9,315
9,897
9,896
9,121
2,353
9,279
9,825
9,396
9,388
9,426
9,996
9,742
9,1022
9,90
9,862
9,669
9,73
9,639
9,401
9,188
10,636
9,948
9,144
9,379
9,206
9,212
9,418
2,251
9,954
9,1047
9,201
9,607
9,167
9,824
9,546
9,835
9,947
9,489
9,869
9,125
9,44
9,259
9,941
3,778
9,132
10,145
9,801
9,183
9,59
9,965
9,293
9,716
9,482
9,635
9,366
2,37
9,851
9,793
9,343
10,175
9,450
2,342
9,765
9,173
9,785
9,277
9,720
9,936
9,690
10,659
3,826
9,246
9,4
9,446
3,809
9,302
9,524
9,448
9,432
9,1010
9,916
9,478
9,496
2,97
9,1034
9,995
9,624
9,605
9,683
9,743
9,484
9,441
9,769
6,852
11,468
2,717
10,642
9,1044
9,945
9,48
9,314
9,646
2,463
2,149
9,545
9,714
9,235
9,590
2,92
9,810
2,54
2,626
9,858
9,592
9,1002
9,813
9,554
9,285
3,1009
9,596
9,617
10,409
9,295
9,1058
9,955
9,523
3,671
9,1060
2,1043
9,581
9,703
9,849
1,224
9,853
9,819
9,618
10,179
9,459
2,520
2,583
9,892
9,726
9,1027
9,281
9,595
9,534
9,58
9,770
10,363
10,57
9,615
9,530
9,840
2,877
9,267
9,406
9,369
9,103
9,719
9,159
9,263
3,807
2,795
9,329
9,215
9,445
9,70
9,491
9,283
9,96
9,436
9,893
9,91
1,225
9,449
9,220
9,153
9,918
9,833
9,508
9,112
9,535
9,814
9,99
9,156
9,1032
9,258
9,976
9,424
9,300
9,888
2,1041
3,341
9,143
9,573
9,13
9,371
9,297
9,993
9,66
9,680
2,682
9,1008
9,1056
9,292
9,202
9,732
9,868
9,1028
9,307
9,319
9,666
9,427
9,81
9,42
9,313
9,461
9,243
9,376
9,19
9,75
9,1007
9,241
9,597
9,310
9,147
9,195
9,473
9,929
2,555
9,74
9,1003
9,221
9,502
9,176
9,291
9,124
9,942
9,53
9,172
9,55
9,756
9,867
9,169
9,109
9,2
9,160
9,381
9,988
9,872
10,697
9,370
9,1066
9,586
9,174
9,815
9,963
9,526
3,540
9,962
9,982
9,969
9,462
2,731
9,515
9,17
9,519
9,588
9,569
9,1052
2,417
9,483
9,51
9,384
2,477
9,999
10,1030
9,784
2,433
9,591
10,336
9,392
2,834
9,40
9,548
2,908
9,289
10,702
2,1069
9,467
9,558
9,653
9,986
9,701
9,957
9,131
9,386
9,93
9,383
9,704
10,937
9,60
2,749
9,248
9,992
9,998
9,275
10,488
9,823
9,748
2,930
9,974
9,414
10,1070
9,637
9,148
9,518
9,1083
9,11
9,692
9,829
2,745
9,77
9,165
9,208
9,582
9,1076
9,407
9,268
9,910
2,629
2,538
2,100
9,41
2,500
10,1053
9,902
9,403
9,271
10,777
9,422
2,318
9,647
9,752
9,627
2,116
9,21
9,665
9,197
9,878
9,26
9,266
9,184
9,228
9,130
9,796
9,442
9,198
10,158
9,859
9,193
9,686
9,983
9,755
9,549
9,338
9,634
9,111
9,567
9,264
9,200
2,984
4,280
9,465
9,724
2,133
9,373
9,779
9,429
9,455
9,738
2,129
10,753
10,658
2,1049
2,269
9,657
9,678
9,137
9,94
10,1051
9,180
2,973
9,923
8,168
9,82
9,672
9,1072
9,831
9,464
9,856
10,880
9,305
9,1045
9,64
9,747
9,126
9,344
9,185
3,52
9,602
9,537
9,49
9,211
9,949
9,640
10,257
9,938
9,800
2,1067
10,308
9,276
9,150
10,551
9,255
2,270
9,855
9,599
9,541
9,190
9,247
10,781
9,1078
2,351
2,294
9,231
9,950
9,38
9,710
2,1019
9,15
4,359
9,358
9,773
9,527
9,16
2,170
9,140
9,123
9,101
2,177
9,171
9,362
9,400
9,1057
9,533
9,934
9,470
2,1079
9,750
6,387
9,352
9,466
9,522
2,620
3,46
9,194
9,416
9,891
9,504
9,1035
10,1068
9,681
9,553
9,485
9,253
9,456
10,1055
9,566
9,61
9,1054
9,1024
1,142
2,797
9,994
9,664
3,926
9,408
9,330
2,899
9,727
9,735
2,864
9,439
9,997
9,431
2,405
9,218
9,457
9,1037
9,1
9,273
9,139
9,412
9,481
2,56
9,236
9,237
2,552
9,513
10,691
9,306
2,205
9,309
9,87
9,88
9,1011
9,598
9,873
9,286
9,1039
9,219
10,510
9,453
9,186
9,240
9,349
9,438
9,385
9,631
2,736
9,440
2,768
9,493
9,316
9,584
9,346
9,698
9,894
9,102
9,189
9,772
9,1073
9,571
9,107
9,643
2,641
9,472
9,105
9,486
9,684
2,154
9,722
9,213
9,885
9,556
9,562
9,434
2,1031
9,585
3,326
9,244
9,609
4,924
9,903
9,12
9,164
9,577
9,633
9,1004
8,981
9,261
9,119
9,708
2,895
2,766
10,532
2,729
9,311
9,415
9,117
9,733
10,181
8,304
9,786
9,265
9,990
9,1064
9,411
2,232
9,28
2,110
2,728
10,1026
9,157
9,397
9,966
9,9
9,616
10,579
9,764
9,685
9,372
10,673
9,333
9,757
9,915
2,876
9,808
2,628
10,709
9,354
2,475
10,917
9,699
2,78
2,919
9,890
9,389
9,932
9,474
9,447
9,794
9,278
9,543
9,788
9,887
9,223
10,210
9,564
9,274
2,325
9,1001
9,842
9,199
9,660
2,706
9,127
9,612
9,652
9,805
3,1040
2,529
9,839
9,113
10,536
9,645
9,249
9,479
9,298
1,751
9,288
9,30
9,222
9,365
9,509
9,104
2,700
9,630
9,822
2,141
9,828
9,587
9,505
9,619
9,977
9,378
9,832
9,811
2,611
9,874
10,568
9,146
9,920
9,542
2,350
9,857
10,516
2,1059
9,900
9,20
9,649
9,31
1,931
9,739
9,377
9,906
9,1046
9,226
9,36
9,928
10,323
2,970
9,83
9,322
9,689
2,79
9,1015
9,799
10,623
9,812
9,3
10,956
9,5
9,514
9,820
9,980
9,610
9,721
9,761
9,860
9,550
9,33
9,560
9,780
9,718
9,1023
9,1080
9,836
9,675
9,382
9,663
9,886
2,18
2,391
9,337
9,987
5,492
9,821
9,1006
9,865
2,804
9,203
9,838
9,725
9,1038
9,613
9,67
9,1025
9,889
9,507
6,65
3,207
9,531
9,357
9,662
2,25
9,693
10,559
2,898
9,499
2,368
9,47
9,654
9,14
9,50
9,539
9,84
2,503
9,904
9,570
9,679
9,759
9,1005
9,324
9,430
9,648
9,561
9,135
9,191
9,563
9,340
10,960
9,806
9,621
9,1012
2,687
2,953
9,952
9,284
9,458
9,89
9,331
2,737
9,604
9,290
7,233
2,23
9,120
9,339
9,35
9,978
9,367
9,775
2,420
9,841
2,668
9,574
9,818
9,511
9,925
9,332
9,151
9,256
9,871
9,907
9,844
9,741
9,734
2,712
9,312
10,803
9,600
9,845
9,227
9,787
9,86
10,108
9,975
9,192
9,214
9,614
9,921
9,517
9,1016
9,402
9,912
9,217
9,166
9,1082
10,879
9,361
9,711
9,303
9,390
9,715
9,272
9,638
9,487
9,694
9,355
9,421
9,136
9,971
9,63
9,347
9,299
9,789
9,870
9,95
9,216
2,601
9,670
1,792
9,62
