11,876
56,323
11,808
11,836
11,109
11,992
11,40
31,214
11,320
11,216
39,554
11,32
11,434
11,68
11,447
11,117
11,957
11,664
40,645
11,1032
11,427
11,668
11,340
38,888
11,505
11,342
44,170
11,360
11,330
11,891
11,287
11,1063
38,278
11,970
11,913
11,682
11,972
11,654
11,243
11,419
11,266
11,141
11,739
11,828
1,319
11,380
11,501
11,916
11,293
11,908
38,968
11,364
38,1076
11,658
11,730
11,47
11,306
33,571
11,722
11,296
11,871
11,446
44,387
11,77
21,963
11,366
11,1056
11,1089
11,173
11,971
11,846
11,678
11,897
27,816
11,1017
38,939
11,308
51,561
1,921
11,202
11,748
11,17
11,583
11,70
11,404
11,529
11,1009
11,852
11,787
13,1000
10,414
38,85
11,494
39,98
38,814
11,585
11,378
11,185
11,488
31,254
25,316
11,261
11,1012
11,149
31,745
16,262
11,524
38,268
11,270
11,448
38,339
38,207
11,646
34,450
11,934
25,178
11,684
11,399
25,28
11,99
38,917
11,246
39,784
11,1027
31,406
11,424
11,652
38,482
31,914
11,1030
11,826
11,827
11,245
11,12
11,299
11,562
11,423
11,283
38,203
11,525
11,769
11,979
11,647
11,159
38,783
11,998
11,679
30,29
11,721
11,73
11,560
11,800
4,744
11,749
11,142
11,81
11,1052
11,1072
11,703
38,490
31,620
11,631
38,1037
11,956
11,1008
11,1071
11,162
11,210
11,523
11,305
10,38
11,499
11,535
11,55
11,1069
46,747
11,1088
11,1082
11,929
11,1
24,742
11,23
11,536
11,579
11,187
11,297
11,750
11,39
11,157
11,215
11,115
11,756
11,665
11,978
38,983
14,773
11,75
26,1059
11,697
11,41
11,303
11,568
11,1002
11,941
11,660
11,731
11,107
11,417
31,875
11,186
11,1084
40,1020
11,411
11,812
11,223
11,97
11,96
30,442
25,588
11,355
11,151
45,251
11,344
11,405
5,902
11,1014
31,623
11,946
27,779
11,233
38,926
11,767
11,5
38,509
11,774
11,889
11,644
11,72
11,666
11,880
11,272
11,648
11,489
11,843
11,612
11,1004
23,782
30,291
11,179
11,589
11,503
11,1053
11,729
11,34
11,943
11,763
11,858
11,363
39,346
11,250
11,418
11,596
11,952
11,977
38,496
11,553
11,847
11,1054
11,211
11,694
11,59
11,240
25,1041
11,985
11,361
11,960
11,260
11,539
11,771
38,1085
38,50
11,1083
11,918
38,996
11,518
11,1077
11,415
38,236
40,298
11,1060
11,574
11,691
11,903
38,274
11,362
11,436
11,840
11,878
11,777
11,801
11,522
11,60
11,237
38,313
11,1003
11,1013
11,899
11,639
11,217
36,877
11,630
11,1044
11,166
11,923
11,1023
11,391
11,822
38,607
11,35
11,208
11,549
25,760
11,988
44,622
38,656
17,605
11,942
39,147
11,230
11,636
11,540
11,425
11,56
38,629
38,3
11,235
11,172
44,1022
11,348
11,124
11,311
11,904
58,420
11,354
11,794
11,394
22,527
11,781
47,189
11,200
11,825
11,1016
32,174
11,820
11,659
11,728
23,716
11,22
11,228
11,866
11,441
11,993
11,920
11,21
11,66
11,86
38,445
11,437
11,621
11,7
38,10
39,528
11,573
38,375
11,786
11,359
11,37
11,755
11,707
11,110
11,388
38,500
8,864
11,184
8,837
11,1078
11,671
11,403
11,127
38,557
11,947
11,146
45,845
11,422
38,241
11,392
11,197
38,862
11,52
11,674
11,628
11,282
11,102
11,62
11,351
11,155
11,949
11,807
38,958
38,1058
11,961
11,13
38,604
11,440
11,932
11,276
11,14
11,477
11,704
11,705
11,582
11,861
11,317
11,772
11,255
11,472
11,651
48,26
11,758
42,898
11,713
11,617
60,580
11,257
38,504
11,712
11,42
11,400
11,759
11,113
11,865
11,643
3,1048
1,4
11,633
11,594
11,87
11,754
11,873
11,80
11,20
38,206
11,1051
11,134
11,765
11,641
19,271
11,36
11,802
11,275
11,82
41,57
11,132
11,842
11,397
39,806
57,133
11,692
11,429
11,137
45,1074
11,1086
11,193
11,256
11,793
11,44
11,726
27,269
11,369
11,156
1,483
11,699
11,451
11,401
30,188
11,833
38,104
11,1031
11,1034
11,15
38,969
11,461
38,279
11,819
42,408
11,46
38,890
6,689
11,796
11,667
11,103
11,199
11,736
11,811
11,154
39,650
10,285
38,201
11,995
28,999
19,592
15,329
11,460
38,635
11,695
11,204
11,986
11,120
11,1042
38,884
11,601
11,1040
11,723
11,164
11,332
11,126
11,881
11,412
11,473
11,67
11,1036
11,224
11,158
11,517
11,761
11,407
25,521
11,43
11,426
11,476
11,140
38,590
25,1018
11,513
38,295
38,277
11,855
1,718
11,711
1,242
11,373
10,183
11,1001
11,900
38,1062
11,776
11,365
38,938
38,829
11,680
11,544
11,1047
45,474
11,627
21,331
38,785
11,69
11,421
23,396
35,676
11,973
25,31
11,226
11,1025
38,859
20,470
11,131
38,49
11,1055
11,386
10,459
11,300
11,135
11,177
11,449
11,1024
38,152
11,834
11,653
11,18
38,465
11,530
11,167
11,602
38,901
11,818
38,951
11,854
38,61
8,844
11,301
11,502
11,657
11,850
11,714
11,191
11,823
11,286
11,531
12,683
38,911
11,267
11,584
11,624
5,143
11,6
11,516
3,130
59,290
11,486
11,194
11,609
11,661
11,606
11,88
27,333
11,839
11,315
11,464
11,577
11,376
11,886
11,48
11,54
11,706
11,688
11,431
38,1073
11,479
11,389
11,841
1,738
11,1079
11,940
11,492
11,598
11,118
11,321
1,377
11,309
11,350
11,1068
11,439
11,907
25,463
11,122
11,1091
11,987
11,232
11,709
11,640
25,64
63,144
11,637
11,9
11,790
11,997
11,252
25,982
11,84
11,817
39,244
38,93
11,370
37,1007
11,25
10,532
11,89
11,337
11,150
38,169
11,953
11,213
11,402
31,734
44,249
11,469
11,264
11,670
38,879
11,165
11,919
11,741
11,821
11,458
38,263
11,564
11,632
11,1065
8,71
38,698
37,906
11,368
11,16
11,533
11,954
11,805
40,352
11,455
25,857
11,307
11,292
11,341
11,556
30,693
11,1080
38,475
11,327
38,345
1,519
11,168
11,944
11,379
38,534
14,180
11,593
11,551
11,192
11,930
11,182
11,515
38,634
11,356
11,136
11,870
11,1029
38,138
11,586
11,238
11,384
11,567
11,358
38,1081
11,964
11,1061
44,336
11,454
11,753
11,922
11,967
11,541
38,432
11,239
11,896
11,190
11,727
19,616
11,810
11,603
11,253
11,860
55,1064
11,740
38,456
11,438
11,804
11,614
11,314
11,608
38,526
11,872
11,538
11,768
11,416
42,312
11,1006
11,937
42,205
11,220
1,733
11,484
11,851
11,687
11,547
11,735
11,613
11,1015
11,468
38,258
11,795
11,945
27,453
11,887
11,30
11,1045
11,302
38,1066
44,966
45,381
11,989
11,480
11,791
1,975
11,788
11,1057
11,766
11,974
11,935
38,83
11,751
11,221
11,625
54,175
11,955
38,610
11,581
11,962
11,677
11,552
11,171
11,507
11,91
11,874
38,90
11,700
11,600
11,383
11,385
11,883
38,832
42,725
9,196
11,512
11,225
18,615
11,498
11,1087
47,106
11,618
11,443
11,153
11,720
11,649
11,481
11,642
11,444
11,780
38,45
31,548
11,550
11,803
11,79
39,893
11,326
11,835
61,322
11,710
11,885
11,662
11,273
11,537
11,101
38,543
11,1043
11,116
11,669
49,572
38,905
38,910
11,119
11,219
11,655
11,198
10,74
11,981
11,792
11,229
11,1021
11,626
11,948
11,478
39,976
8,181
11,927
25,510
11,1039
11,247
11,569
11,357
11,925
11,1035
38,347
2,1050
40,65
39,565
11,757
11,511
11,457
11,576
11,797
11,1067
11,611
11,936
11,395
25,33
11,334
11,869
11,520
38,145
25,546
11,195
31,950
11,294
11,325
38,892
11,163
11,752
11,743
11,435
11,491
11,789
11,770
11,578
52,984
22,558
11,1049
29,824
43,559
11,493
11,696
38,545
11,318
62,863
11,599
11,281
38,108
11,288
11,830
11,915
11,690
11,815
11,719
11,335
11,595
11,265
11,304
11,280
27,737
11,514
38,160
11,587
11,95
11,231
11,76
11,717
11,367
11,390
11,139
40,111
11,1070
11,809
10,234
11,1019
11,497
38,1028
11,413
11,980
11,597
11,965
11,764
11,638
11,121
11,701
11,1010
11,1033
24,1011
11,673
11,681
11,92
38,487
27,732
11,53
11,555
38,112
11,508
11,848
11,374
11,398
11,566
53,542
38,382
11,991
11,410
39,452
11,284
11,1038
11,51
11,591
11,909
11,724
11,371
11,24
11,868
11,575
50,128
11,931
11,409
11,372
11,1075
38,506
38,1026
11,466
11,895
11,994
11,11
11,94
11,882
11,259
38,672
11,123
27,853
11,328
11,289
11,959
11,19
39,894
11,708
38,212
11,675
11,702
11,462
11,798
38,686
11,27
22,338
11,63
11,746
38,324
23,775
11,778
11,495
11,831
25,430
11,928
11,799
31,393
11,471
11,222
38,563
22,310
11,570
11,176
11,227
11,1046
11,161
11,8
11,100
11,849
11,125
11,912
11,685
11,209
11,129
11,105
11,1090
11,248
38,485
11,218
11,715
38,148
11,353
11,114
11,58
11,349
39,838
11,428
11,867
11,467
11,2
11,762
11,813
11,78
11,1005
11,924
11,990
11,619
7,343
11,433
11,933
30,856
11,663
