32,421
34,411
5,17
5,207
27,476
5,513
27,681
27,700
25,279
27,147
18,149
27,428
5,636
5,327
5,187
27,585
27,440
27,441
27,638
27,60
27,677
27,416
27,240
27,113
27,384
27,132
5,110
5,152
18,604
27,321
5,399
5,610
27,169
27,219
5,594
27,20
27,77
27,5
27,64
27,204
27,400
27,339
5,503
27,167
27,622
9,499
27,362
27,473
27,103
5,527
27,508
5,635
5,666
27,216
5,7
5,612
27,454
5,232
27,260
27,693
5,526
18,497
5,252
27,439
27,262
27,221
27,511
27,16
5,229
27,41
27,280
18,698
27,554
27,128
4,540
27,114
27,494
5,561
27,304
27,154
25,684
27,39
27,600
27,261
5,40
5,184
27,97
10,354
27,423
27,76
5,139
16,21
5,530
10,437
27,597
27,118
27,356
27,290
5,544
3,386
5,65
27,697
27,583
27,688
5,195
17,501
5,200
21,73
27,82
27,611
27,89
18,317
27,571
27,448
27,49
5,133
27,430
27,98
27,276
27,521
17,319
5,447
27,663
27,183
3,263
18,312
16,54
27,71
25,696
27,202
27,690
27,102
27,652
18,628
18,302
27,655
25,538
5,496
27,672
5,461
5,433
27,178
5,123
5,575
27,648
5,584
27,590
27,479
27,617
27,182
27,664
27,609
27,602
27,514
18,436
5,486
27,488
27,190
27,640
27,326
27,413
27,268
27,369
5,676
27,57
27,649
27,593
27,83
27,429
27,485
27,298
27,553
18,425
27,30
27,287
23,160
27,460
27,517
27,644
5,542
18,328
27,373
27,87
27,365
5,558
18,667
27,157
5,408
27,380
27,427
5,42
27,581
27,468
5,464
27,224
27,104
27,596
27,25
27,606
27,38
27,237
27,34
27,492
27,574
1,475
18,36
27,174
5,306
5,407
5,406
14,415
5,142
27,153
27,417
27,375
27,355
21,493
27,599
27,136
5,539
27,342
5,569
29,96
27,310
27,59
27,536
5,598
5,168
27,370
27,226
20,177
27,145
27,463
27,565
10,213
27,686
27,699
27,196
27,389
27,469
5,378
5,311
5,404
5,238
5,10
37,608
27,284
34,336
27,165
5,466
27,297
27,22
27,682
29,452
27,158
22,247
5,673
27,502
26,481
27,434
27,351
27,577
27,591
5,374
27,67
27,545
27,692
27,381
25,19
27,403
5,573
27,172
5,74
5,665
5,507
27,314
30,45
27,119
27,265
27,451
27,296
5,225
5,151
27,193
27,159
8,18
27,490
25,680
27,131
27,201
20,528
5,236
5,579
18,658
27,394
27,632
27,376
27,117
27,689
10,446
27,385
27,519
27,95
27,124
5,391
27,197
18,350
37,641
27,345
27,214
27,148
27,26
5,251
27,582
5,605
27,529
27,161
8,624
27,668
5,661
27,24
5,509
27,555
27,309
27,472
27,218
27,359
27,379
26,215
5,477
27,163
5,230
21,533
5,111
27,150
27,66
5,419
12,33
27,397
25,639
25,601
27,387
27,267
5,551
27,289
18,683
5,675
5,171
18,516
27,199
27,120
5,410
25,643
27,162
27,44
27,239
11,458
5,637
27,694
34,37
5,691
27,409
5,371
5,631
27,115
5,48
5,512
18,303
27,130
27,524
27,343
25,325
27,234
27,198
27,272
27,630
5,398
27,295
27,324
27,233
27,570
8,642
27,462
27,618
27,438
27,68
27,266
5,192
27,8
30,456
27,443
28,84
5,109
27,12
5,51
5,255
27,495
27,47
27,634
27,249
17,179
5,175
27,270
27,90
5,299
27,619
27,253
27,281
27,79
27,483
27,607
27,80
27,23
27,285
27,189
27,383
27,301
3,705
27,203
25,258
27,70
18,701
27,166
5,562
27,505
18,170
27,323
27,335
27,654
27,414
17,316
5,412
27,278
27,651
5,331
27,471
27,329
27,259
27,392
27,254
27,223
5,515
27,678
5,137
25,550
27,620
27,9
27,341
30,81
5,288
27,269
27,623
9,687
27,445
5,340
27,467
15,674
27,420
16,552
27,578
27,372
27,353
27,129
27,390
5,470
27,449
25,277
27,629
27,108
30,333
27,217
27,256
27,176
5,556
27,291
27,231
27,1
9,566
27,588
5,520
27,2
18,248
27,626
5,360
27,679
27,670
5,246
27,308
5,589
27,349
10,346
27,206
27,422
27,426
27,62
27,173
27,11
5,557
27,564
5,671
27,307
27,532
27,135
8,126
27,580
10,535
27,134
27,72
27,368
5,29
27,703
27,294
27,181
27,704
29,186
27,482
27,155
10,112
27,401
34,121
27,106
5,702
13,431
27,534
5,459
27,92
27,127
27,257
27,361
27,334
5,510
18,53
27,337
19,548
18,85
27,78
5,650
27,522
27,480
27,320
10,344
27,322
5,366
27,275
27,621
5,498
5,271
5,4
5,241
25,567
27,563
25,180
27,465
27,242
27,364
24,633
18,367
27,27
5,537
5,487
27,377
27,191
5,292
18,282
27,525
32,50
5,101
2,86
27,61
27,592
27,660
5,559
27,543
27,208
27,143
5,243
27,405
25,474
27,15
18,245
27,695
27,283
27,659
27,613
27,442
5,3
6,116
33,546
38,52
27,250
27,315
5,35
27,627
27,586
5,227
27,393
27,347
27,305
27,156
27,146
27,576
27,185
10,547
27,13
27,332
27,489
27,99
27,657
27,188
27,32
27,164
27,395
5,194
5,14
5,424
5,662
27,435
27,549
27,264
25,58
5,500
27,228
25,274
27,656
5,273
34,138
5,352
27,685
31,141
27,572
27,244
27,220
5,122
27,432
27,348
27,595
27,444
27,63
27,91
27,43
27,330
27,6
27,55
27,402
6,358
5,293
4,614
27,531
27,105
5,93
27,455
27,69
14,31
27,212
27,396
5,140
5,388
27,313
5,560
5,625
27,222
5,209
27,484
27,646
27,450
27,616
27,56
27,615
7,144
36,107
18,28
27,363
27,210
25,645
27,587
27,75
27,647
29,100
35,125
27,418
27,669
27,235
27,541
27,506
5,603
27,491
25,300
27,94
27,88
27,518
27,286
27,382
27,318
27,504
5,46
27,478
27,453
27,338
27,357
27,523
27,568
17,205
18,211
18,653
27,457
