2,13
2,442
2,83
2,295
1,248
2,271
2,92
5,108
4,202
2,63
2,249
2,117
2,504
2,393
2,561
2,321
2,499
2,211
2,156
2,115
2,490
2,180
5,178
11,472
11,562
1,522
2,198
2,389
2,199
2,443
4,146
2,96
2,39
2,125
11,18
2,151
11,290
2,330
2,87
2,33
2,148
2,200
2,195
2,101
11,19
2,560
2,59
11,300
5,568
2,56
2,571
5,564
2,325
2,419
2,15
2,139
2,501
2,174
2,299
2,261
2,528
2,536
2,401
3,279
2,44
2,276
2,143
2,489
2,109
2,418
2,291
2,349
10,386
2,40
2,530
3,238
2,46
2,545
2,467
2,245
4,404
2,244
2,378
2,29
2,67
1,252
2,274
2,574
2,89
5,516
3,293
2,327
2,283
2,533
3,119
2,370
11,458
2,68
2,88
11,465
2,285
2,227
3,331
2,50
11,7
2,237
3,557
2,303
2,317
2,449
2,144
2,339
5,188
2,537
2,413
2,3
2,230
8,166
2,394
11,155
11,20
2,372
2,240
11,366
2,203
2,583
2,513
2,11
11,487
11,258
2,269
2,579
2,322
6,414
2,53
11,152
5,556
11,255
2,131
4,243
2,420
2,368
2,221
2,428
11,553
2,316
11,491
2,278
6,65
2,286
2,55
2,233
2,78
2,215
2,205
2,254
12,409
2,532
5,494
2,69
2,51
9,448
2,423
2,266
2,512
2,567
11,481
2,171
2,326
2,460
2,34
11,228
3,466
2,391
11,430
11,94
11,196
2,14
1,62
2,367
11,85
3,114
1,190
1,297
2,566
2,197
2,492
2,546
2,432
2,17
11,505
11,98
5,153
5,441
2,488
2,426
2,82
2,123
2,523
2,559
11,102
2,577
2,425
3,187
2,485
2,270
2,439
3,495
2,581
12,400
2,476
3,586
11,582
2,515
2,79
1,507
2,236
2,584
2,585
2,410
2,306
3,218
2,304
2,38
3,264
11,578
2,496
2,21
2,74
2,379
2,84
3,315
2,344
6,207
2,61
2,360
2,161
2,540
2,555
2,334
11,453
11,93
2,470
2,422
2,259
2,329
2,445
2,30
2,12
2,47
2,10
2,455
5,575
2,169
2,75
2,164
3,484
2,345
2,314
2,347
2,301
2,373
2,446
2,380
11,570
2,362
2,313
2,294
2,355
2,337
2,231
3,58
2,142
2,440
2,22
2,563
3,569
2,526
2,268
11,165
5,376
2,214
2,28
3,60
2,552
2,424
2,220
11,408
12,57
2,1
2,310
2,309
2,308
2,551
2,403
11,333
2,128
11,451
2,377
2,381
2,421
1,77
2,27
2,209
2,6
2,104
2,371
2,170
2,311
2,267
2,127
2,292
2,256
2,474
2,412
2,186
2,235
6,54
11,398
2,239
2,547
2,99
1,110
3,572
2,287
2,340
2,66
2,223
2,135
2,396
2,41
11,116
2,411
2,438
2,111
4,189
2,541
2,224
2,250
2,42
11,415
11,479
2,549
2,454
2,168
2,36
2,358
6,80
2,346
7,141
11,539
12,406
2,511
11,43
2,217
2,356
11,70
2,246
8,126
2,353
10,529
2,112
11,150
11,343
1,500
2,508
2,335
2,133
3,71
2,282
2,417
2,473
2,320
11,247
11,514
2,72
2,431
2,427
2,405
2,4
2,206
3,260
1,390
1,16
4,273
2,338
4,154
8,185
2,464
2,395
2,475
10,163
2,263
2,312
2,328
2,251
1,158
2,275
11,132
2,565
2,219
11,307
2,305
2,262
2,32
2,122
10,2
2,229
2,160
2,502
2,558
2,573
2,456
2,106
2,26
3,383
2,365
2,216
2,517
2,503
2,397
2,384
2,86
2,534
2,5
2,184
2,435
2,302
10,554
2,323
2,183
2,179
11,64
11,542
1,208
4,103
11,95
2,548
2,225
2,212
2,461
2,91
2,182
11,284
2,232
2,173
10,107
2,531
2,222
10,521
2,518
4,416
2,272
2,324
2,257
2,277
3,525
2,76
11,369
2,480
3,457
4,204
11,382
2,520
2,49
2,8
2,497
11,543
10,527
2,52
5,253
2,23
2,281
2,471
2,90
2,509
11,538
11,137
2,113
3,159
2,193
13,194
4,348
2,149
2,134
4,234
2,318
2,462
2,506
2,580
2,436
2,336
11,452
2,31
2,81
2,387
5,140
12,9
2,385
2,483
2,486
2,350
1,130
2,177
2,341
4,576
2,433
2,129
5,288
10,524
2,181
2,176
2,437
2,399
2,296
2,588
1,544
3,191
11,121
3,48
3,138
2,24
2,434
11,374
3,37
2,535
5,100
2,550
2,444
2,136
3,459
2,478
2,468
1,105
11,145
2,351
2,167
5,35
2,242
2,147
2,357
3,519
5,280
11,298
2,192
2,332
2,342
3,463
2,241
11,363
2,124
2,375
2,25
1,265
2,213
2,226
2,493
2,402
2,201
2,175
2,45
2,120
2,172
2,319
2,477
2,354
2,97
2,364
2,407
2,510
2,73
2,429
2,469
2,447
2,361
11,450
2,392
2,359
2,118
4,388
2,162
2,352
2,289
2,157
2,210
2,498
14,482
11,587
