102,50
142,293
64,579
78,100
51,701
130,607
92,264
156,587
51,525
113,128
35,688
7,545
147,663
94,99
67,245
99,19
55,294
181,574
93,676
94,185
168,308
94,523
93,632
52,239
96,590
114,123
149,356
186,665
205,389
150,130
107,698
39,555
110,639
91,337
44,442
192,320
197,67
94,338
161,23
163,76
94,168
62,227
58,329
61,105
98,679
38,418
193,692
21,388
72,289
93,54
200,146
143,524
6,491
93,385
97,396
70,612
37,154
93,435
61,155
146,699
93,591
96,458
45,381
20,284
151,296
11,554
93,420
128,61
94,498
94,97
96,374
74,642
142,58
134,156
134,530
93,536
33,118
165,459
18,392
100,478
20,474
94,110
142,626
49,553
206,275
51,589
84,397
60,304
96,288
110,428
80,602
105,34
49,666
49,286
85,497
131,7
93,162
213,229
93,522
93,519
128,283
63,425
167,208
209,176
93,278
51,166
50,684
158,125
38,126
93,266
39,473
54,334
96,22
14,623
51,20
70,363
166,38
93,41
161,343
57,492
107,421
142,69
93,453
39,470
94,14
94,82
48,187
93,219
112,494
93,496
128,371
217,313
161,70
209,234
51,189
142,661
162,465
55,350
57,572
53,355
181,159
38,624
2,391
117,596
106,431
93,615
115,89
156,167
171,71
162,62
57,565
19,113
47,311
93,611
93,315
93,25
209,317
142,307
95,55
120,613
61,647
92,490
173,621
82,346
101,508
94,655
96,95
93,387
57,237
212,297
191,449
35,164
19,506
72,680
19,357
94,232
108,594
101,566
139,87
206,592
53,645
139,520
106,4
73,265
93,700
131,556
94,410
161,322
95,694
178,91
161,436
161,196
58,599
117,486
58,345
79,367
37,401
126,316
53,72
23,178
209,548
62,544
56,443
108,165
160,249
63,80
51,390
94,600
145,648
39,16
142,45
142,353
194,603
38,298
142,511
24,468
51,549
56,636
94,593
109,1
142,261
214,259
162,244
37,92
46,177
59,204
93,220
51,33
92,90
142,183
51,416
83,145
9,121
95,31
207,9
61,618
82,617
140,695
93,448
184,135
12,231
138,86
158,383
105,115
93,217
49,228
132,408
216,5
101,207
44,472
55,106
57,609
3,446
61,24
52,483
162,475
116,558
8,669
105,255
56,675
105,580
61,140
195,378
93,181
78,672
94,269
168,439
37,199
53,291
160,323
186,112
212,399
161,505
46,570
91,93
35,335
18,246
94,84
66,450
188,664
161,429
161,94
94,107
93,463
161,649
91,499
198,405
91,127
93,557
45,274
53,562
35,225
93,153
93,460
18,414
93,424
82,627
104,678
179,268
30,197
170,584
190,57
18,224
91,214
142,481
160,109
96,46
93,142
39,454
171,479
96,309
137,512
94,111
44,605
96,502
74,32
96,641
187,375
124,359
93,210
137,124
80,659
53,422
118,364
118,569
147,373
208,441
144,690
93,601
194,488
43,537
22,348
139,559
94,638
49,411
29,250
93,35
93,314
142,290
187,63
142,689
186,331
94,413
72,417
75,361
87,11
16,292
44,276
161,172
95,404
154,252
72,509
98,169
159,151
95,139
93,660
83,120
162,43
39,527
68,466
35,193
166,195
94,682
41,515
127,260
161,218
75,203
13,251
120,138
70,17
94,640
152,487
41,262
93,254
39,59
129,161
175,696
53,44
10,236
151,542
93,202
142,42
51,471
161,226
93,622
65,577
82,88
93,610
93,102
100,206
96,567
93,3
206,386
142,543
169,528
93,685
91,534
66,504
54,691
194,500
75,56
157,116
22,370
36,49
48,625
26,174
161,437
51,352
148,344
76,551
44,631
25,184
42,398
37,279
118,576
106,620
42,634
93,461
161,438
93,15
94,360
41,464
34,257
37,564
94,144
149,194
136,325
91,415
49,324
161,26
96,10
209,129
201,635
186,147
93,646
79,552
72,160
66,369
53,604
209,469
41,477
93,445
101,319
161,175
123,152
52,546
31,173
51,64
82,81
49,48
148,568
161,79
94,295
38,277
189,303
149,216
145,526
93,462
93,200
47,412
66,485
23,550
50,332
116,403
95,347
58,582
157,670
104,517
119,616
94,447
62,300
51,423
94,77
93,336
52,687
7,697
119,406
93,12
39,476
128,541
38,53
128,595
52,258
142,532
25,529
75,368
55,241
40,114
183,66
90,588
93,379
94,233
184,83
94,158
127,484
94,339
91,73
93,382
50,535
70,230
146,122
39,305
128,563
69,221
49,341
81,575
184,136
88,2
57,597
182,394
104,211
39,674
204,215
151,212
56,533
210,52
32,328
180,677
94,656
78,457
162,209
94,13
93,326
93,501
93,60
24,179
58,333
69,662
4,182
93,238
182,578
5,426
142,27
69,456
142,30
93,547
40,451
133,585
161,409
173,321
6,312
62,242
69,514
101,65
93,380
19,637
148,652
101,619
103,651
22,372
71,614
121,608
91,351
93,75
93,74
77,653
48,427
52,96
44,186
181,247
161,538
46,480
142,482
116,68
96,503
83,650
63,131
21,101
41,376
49,495
196,365
95,198
164,583
93,6
142,693
66,243
59,108
140,354
93,467
53,402
185,148
15,8
125,349
37,561
148,430
174,657
93,539
11,444
91,133
93,281
93,273
84,407
102,191
83,384
8,119
96,192
142,282
161,366
79,419
99,39
40,285
91,673
98,598
122,188
39,452
176,270
93,205
155,306
51,521
63,668
96,223
93,137
89,256
153,358
96,150
32,573
51,40
51,78
152,493
66,507
87,240
59,581
94,681
96,489
72,510
91,531
37,18
219,560
177,141
210,434
71,342
93,28
211,271
66,318
111,340
103,280
151,455
44,163
93,540
55,586
39,310
93,149
192,654
202,190
78,629
121,299
89,606
99,377
50,518
128,667
152,395
151,301
135,267
172,21
86,683
141,362
161,117
215,103
41,400
57,213
95,330
139,263
93,36
49,643
93,47
91,171
169,302
162,37
52,571
17,287
218,51
53,686
161,432
142,157
52,134
93,440
141,201
37,104
93,630
81,516
183,633
56,272
168,170
94,98
69,222
199,658
28,180
93,85
43,393
40,235
69,327
93,644
158,433
80,703
51,513
61,29
27,628
93,671
93,132
78,248
93,143
1,702
203,253
