9,13
16,442
9,83
8,295
2,248
9,271
9,92
32,108
25,202
9,63
9,249
9,117
9,504
9,393
9,561
7,321
9,499
9,211
9,156
9,115
9,490
9,180
30,178
50,472
49,562
4,522
9,198
9,389
9,199
9,443
29,146
16,96
9,39
9,125
50,18
9,151
50,290
9,330
9,87
9,33
9,148
9,200
9,195
9,101
45,19
9,560
9,59
50,300
32,568
9,56
9,571
31,564
9,325
9,419
9,15
9,139
9,501
9,174
9,299
9,261
9,528
9,536
9,401
19,279
9,44
9,276
9,143
9,489
9,109
9,418
9,291
8,349
41,386
9,40
9,530
23,238
9,46
9,545
9,467
9,245
29,404
9,244
9,378
9,29
9,67
3,252
9,274
9,574
9,89
30,516
19,293
9,327
9,283
9,533
19,119
9,370
52,458
9,68
9,88
50,465
9,285
9,227
19,331
9,50
50,7
15,237
17,557
9,303
9,317
9,449
9,144
9,339
33,188
9,537
9,413
9,3
9,230
39,166
9,394
45,155
50,20
16,372
9,240
48,366
9,203
9,583
9,513
9,11
50,487
50,258
9,269
12,579
9,322
37,414
9,53
50,152
33,556
50,255
9,131
25,243
9,420
9,368
9,221
9,428
50,553
9,316
50,491
9,278
37,65
9,286
9,55
9,233
9,78
7,215
9,205
9,254
56,409
13,532
35,494
16,69
9,51
40,448
11,423
9,266
9,512
9,567
50,481
9,171
9,326
9,460
9,34
43,228
17,466
9,391
46,430
50,94
50,196
9,14
1,62
9,367
50,85
18,114
1,190
2,297
7,566
9,197
9,492
9,546
9,432
9,17
50,505
48,98
35,153
36,441
9,488
9,426
9,82
9,123
9,523
9,559
46,102
9,577
9,425
24,187
9,485
8,270
9,439
19,495
9,581
54,400
9,476
19,586
49,582
9,515
9,79
4,507
9,236
9,584
5,585
9,410
9,306
20,218
9,304
9,38
19,264
47,578
9,496
9,21
16,74
9,379
9,84
18,315
9,344
37,207
9,61
9,360
9,161
9,540
9,555
9,334
48,453
50,93
9,470
9,422
9,259
9,329
8,445
9,30
9,12
9,47
13,10
9,455
31,575
9,169
9,75
9,164
22,484
9,345
9,314
8,347
9,301
6,373
13,446
9,380
49,570
9,362
9,313
9,294
9,355
9,337
9,231
20,58
7,142
9,440
14,22
9,563
23,569
9,526
9,268
51,165
30,376
9,214
9,28
18,60
9,552
9,424
9,220
50,408
55,57
9,1
9,310
9,309
9,308
9,551
9,403
50,333
9,128
48,451
9,377
9,381
9,421
2,77
9,27
9,209
5,6
9,104
5,371
9,170
9,311
9,267
9,127
13,292
9,256
9,474
9,412
9,186
9,235
37,54
43,398
9,239
9,547
9,99
2,110
21,572
9,287
9,340
9,66
13,223
9,135
9,396
9,41
48,116
9,411
9,438
9,111
27,189
9,541
7,224
9,250
9,42
50,415
48,479
9,549
9,454
9,168
9,36
9,358
37,80
9,346
38,141
50,539
55,406
9,511
52,43
9,217
9,356
50,70
9,246
39,126
9,353
42,529
9,112
48,150
52,343
4,500
9,508
9,335
9,133
23,71
9,282
9,417
9,473
9,320
50,247
49,514
9,72
9,431
9,427
9,405
9,4
9,206
24,260
4,390
3,16
25,273
9,338
29,154
39,185
9,464
7,395
9,475
42,163
9,263
9,312
10,328
9,251
4,158
9,275
50,132
9,565
9,219
47,307
9,305
9,262
8,32
9,122
41,2
9,229
9,160
9,502
9,558
9,573
9,456
9,106
9,26
20,383
9,365
9,216
9,517
9,503
9,397
9,384
9,86
9,534
9,5
9,184
8,435
9,302
41,554
9,323
8,183
9,179
50,64
50,542
2,208
27,103
50,95
9,548
9,225
9,212
9,461
9,91
9,182
50,284
9,232
9,173
42,107
9,531
9,222
42,521
9,518
27,416
9,272
9,324
9,257
15,277
23,525
9,76
50,369
9,480
19,457
28,204
48,382
7,520
9,49
9,8
9,497
50,543
41,527
9,52
30,253
9,23
9,281
9,471
10,90
9,509
44,538
50,137
9,113
23,159
9,193
57,194
26,348
9,149
9,134
26,234
9,318
9,462
9,506
9,580
9,436
9,336
47,452
9,31
9,81
9,387
32,140
53,9
9,385
9,483
9,486
16,350
4,130
9,177
9,341
28,576
9,433
9,129
34,288
41,524
9,181
9,176
9,437
8,399
9,296
9,588
4,544
20,191
50,121
24,48
20,138
9,24
9,434
50,374
23,37
9,535
32,100
9,550
9,444
9,136
20,459
9,478
9,468
2,105
50,145
9,351
9,167
34,35
9,242
9,147
9,357
19,519
32,280
50,298
9,192
9,332
9,342
19,463
9,241
50,363
9,124
9,375
9,25
2,265
9,213
9,226
9,493
16,402
9,201
9,175
9,45
9,120
9,172
9,319
12,477
9,354
9,97
9,364
9,407
9,510
9,73
9,429
16,469
9,447
9,361
50,450
9,392
9,359
9,118
28,388
9,162
9,352
9,289
9,157
9,210
9,498
58,482
50,587
