51,307
53,518
51,190
35,422
34,622
7,230
51,494
37,7
38,371
59,500
49,749
47,497
56,534
51,711
82,19
49,717
42,635
35,627
51,742
51,713
29,203
27,463
49,583
51,747
51,323
53,496
49,723
42,690
60,661
66,670
33,70
25,701
102,639
51,358
34,283
75,399
72,510
88,158
55,609
30,150
51,710
70,391
28,737
43,550
17,188
51,453
51,472
48,567
78,738
98,236
98,529
8,434
55,14
53,593
52,699
59,278
51,235
49,71
53,25
49,605
49,382
93,630
31,46
51,473
102,435
54,603
34,644
56,604
111,172
51,152
51,201
51,153
51,720
51,340
30,741
6,269
8,731
51,298
8,488
17,41
51,378
8,458
4,480
91,743
51,705
33,255
30,576
65,229
34,479
53,396
52,442
55,633
51,383
34,78
49,218
51,548
37,189
53,133
56,261
51,111
101,20
11,267
78,281
54,328
111,678
116,415
29,318
41,142
27,504
49,522
51,681
71,572
33,707
22,259
8,96
51,200
121,3
49,125
94,372
35,695
54,613
12,220
58,694
94,162
51,573
51,72
61,512
60,539
85,73
52,407
90,433
118,179
51,379
108,507
54,698
51,598
17,532
34,315
49,360
49,525
49,338
51,735
105,725
17,226
104,728
5,100
49,553
34,543
89,93
51,74
51,257
51,658
51,537
54,34
80,57
18,493
51,653
51,334
49,126
34,85
35,621
51,600
53,240
53,570
51,198
29,224
49,171
34,417
51,623
52,157
51,136
51,186
63,64
54,716
51,719
49,536
8,364
85,652
51,599
10,47
29,205
49,317
51,183
29,81
30,116
51,509
55,195
51,250
51,165
51,571
17,246
72,151
78,335
86,175
51,498
17,313
17,555
51,620
86,578
51,169
51,24
49,1
51,395
91,61
51,732
49,637
86,446
37,692
98,666
68,629
49,277
49,309
66,23
55,714
26,540
92,523
26,592
51,292
89,381
51,746
97,147
46,703
119,141
51,270
8,615
51,306
37,607
49,297
51,182
51,359
37,410
35,176
27,726
56,202
51,95
51,736
53,228
115,118
34,343
51,730
34,58
49,414
26,471
41,60
97,709
51,486
13,443
19,683
41,11
51,424
87,211
49,291
54,485
1,533
51,404
89,242
51,515
34,680
51,521
37,272
51,481
34,159
55,589
39,568
54,167
8,140
51,110
39,559
51,403
49,342
34,16
49,501
17,139
93,206
92,426
8,405
49,503
51,341
55,27
81,212
51,331
101,686
51,684
79,641
89,631
117,252
46,505
78,344
34,355
59,314
49,447
49,495
35,474
17,624
110,357
98,483
49,398
51,712
42,367
77,98
34,706
17,164
17,2
30,54
37,406
49,347
51,619
17,418
49,420
32,490
83,665
27,632
51,451
49,676
51,352
110,366
51,163
51,370
34,59
99,580
69,237
13,325
51,350
41,502
53,362
9,664
52,90
51,544
6,660
88,26
49,663
34,380
111,327
51,170
51,584
28,130
39,449
51,91
57,421
51,587
49,55
49,389
49,135
49,174
23,154
34,66
53,121
34,265
95,104
53,253
24,48
53,638
78,640
34,279
49,588
42,552
53,92
51,214
49,53
51,39
34,642
53,662
95,187
51,263
26,724
53,601
53,400
94,636
33,466
53,99
51,234
51,13
87,68
37,430
17,439
68,339
67,123
51,393
51,748
52,290
49,56
51,693
51,10
15,29
102,597
26,128
33,127
12,222
54,287
93,12
51,647
17,477
59,594
34,476
51,289
51,354
31,258
53,557
51,394
55,560
29,241
4,35
49,262
49,348
49,148
53,563
51,89
28,590
86,301
49,160
35,94
16,138
26,454
49,530
51,319
62,346
51,546
53,361
103,516
53,271
52,535
51,332
76,239
49,168
91,67
49,437
109,541
28,5
76,387
56,369
28,464
23,657
51,634
51,31
51,113
32,86
34,628
11,750
57,436
16,310
69,667
51,18
49,4
8,669
2,120
49,293
49,161
14,232
52,491
41,654
53,411
95,668
51,616
34,729
42,562
5,462
72,305
51,374
107,208
29,484
81,231
37,595
51,511
33,655
17,227
56,260
100,8
30,97
98,9
82,401
49,547
51,460
51,107
50,21
110,166
34,538
34,554
30,184
51,181
51,564
49,468
17,40
53,185
37,478
49,75
49,87
74,304
51,63
17,397
53,649
35,43
95,428
51,431
51,606
49,336
51,408
51,519
51,574
112,520
51,233
49,22
53,673
49,312
51,109
49,217
12,581
51,386
17,413
51,243
51,733
37,659
51,365
3,215
8,517
49,558
34,687
26,17
51,689
28,299
27,596
49,356
51,455
49,28
4,648
51,44
20,744
87,249
91,108
51,450
34,244
95,324
51,677
49,682
51,650
34,337
51,264
51,268
29,700
51,561
49,674
34,32
93,351
51,651
53,345
96,432
34,114
29,551
51,173
89,416
51,672
22,88
55,444
51,115
29,77
51,82
68,225
34,177
42,514
49,266
34,52
40,276
37,611
34,625
30,79
3,102
14,438
51,180
49,326
80,708
51,524
51,402
51,83
51,645
27,146
73,456
51,565
89,513
51,685
71,76
53,329
26,585
73,6
51,506
52,122
6,388
104,322
52,247
55,445
49,254
34,608
17,375
49,465
51,392
34,591
37,303
42,197
60,308
51,45
51,80
51,508
55,727
86,294
51,702
51,721
51,273
28,137
49,489
17,302
51,144
114,191
8,196
93,482
51,643
99,448
49,566
36,618
87,715
14,384
53,412
51,440
51,156
51,526
51,248
50,722
8,691
91,531
51,452
33,492
49,349
51,363
49,675
53,119
51,368
33,124
51,740
55,274
49,62
48,390
51,612
55,542
49,275
55,216
14,256
51,219
5,549
96,149
34,688
42,577
28,285
39,131
45,425
51,204
51,626
35,528
37,84
68,469
33,51
51,753
26,209
53,296
51,50
55,221
52,245
53,646
53,545
49,671
32,614
36,320
35,467
51,282
99,101
64,194
27,199
44,602
94,207
53,409
41,178
51,129
78,251
49,617
51,527
39,373
49,330
49,38
6,15
49,470
42,311
89,704
42,739
51,49
95,679
49,745
59,103
51,353
51,193
103,288
113,429
51,423
51,300
39,284
51,36
17,487
49,280
84,461
51,569
53,155
51,112
4,718
49,579
51,734
51,37
53,192
51,457
49,210
14,656
51,556
51,376
71,321
51,441
51,42
17,582
21,575
51,30
55,213
51,377
49,33
17,65
51,385
37,419
49,696
51,69
49,333
26,105
71,316
51,475
49,295
51,499
51,697
78,134
94,459
51,427
51,586
51,145
43,143
78,751
49,238
51,610
59,106
51,132
32,286
106,223
120,752
98,117
