8,661
9,1045
8,845
8,943
8,19
8,1007
8,529
8,582
8,245
8,70
7,959
8,917
8,381
6,130
8,220
8,325
8,58
8,212
8,672
8,1051
8,568
8,564
8,1015
8,781
4,1108
8,924
8,448
5,969
8,125
8,1047
8,870
8,332
8,466
8,188
8,1091
8,541
8,153
8,983
8,1113
8,300
8,236
8,352
8,1072
8,532
8,309
8,454
6,645
8,1012
8,1080
8,504
6,1020
8,668
8,389
9,1023
8,221
8,839
8,627
8,98
7,974
8,1096
8,78
8,988
8,259
8,430
5,1018
9,322
8,402
8,772
7,403
8,800
8,74
8,633
8,339
8,1021
8,589
8,906
5,386
8,497
7,1062
8,357
8,767
8,301
8,795
8,796
8,651
8,283
8,306
8,976
8,435
8,416
8,30
8,656
8,975
8,88
8,86
8,1119
8,1041
8,918
8,330
12,686
8,13
8,869
8,955
4,683
8,610
8,216
8,35
4,342
8,262
8,292
8,714
8,272
8,496
8,937
2,565
8,63
2,289
8,328
8,827
8,1057
4,482
8,298
8,499
8,1010
8,29
8,821
8,23
9,36
8,360
8,436
8,569
1,535
8,468
8,741
8,903
8,785
8,296
8,788
8,794
8,982
9,546
8,234
8,539
8,780
8,495
8,590
8,119
8,464
8,542
8,742
8,1087
5,92
8,249
2,673
8,510
8,773
8,106
8,462
8,792
8,1016
8,992
8,160
8,347
5,629
8,1089
8,175
8,443
8,545
8,614
8,145
8,1000
8,952
8,609
8,786
8,358
8,71
8,485
8,494
8,1048
4,769
8,1100
8,604
8,12
8,928
8,498
8,1026
9,933
8,846
8,862
9,797
8,755
1,1044
8,174
8,970
8,782
8,690
8,385
8,812
8,240
2,947
9,225
8,849
8,1076
8,15
8,178
7,193
8,893
8,637
8,1111
5,916
8,689
8,1092
8,371
8,362
8,183
8,603
9,704
9,994
8,995
8,156
8,413
5,359
2,1046
8,543
8,914
8,688
8,68
8,202
8,151
8,138
8,528
8,660
8,133
8,577
8,61
8,675
6,287
6,428
8,1093
8,367
8,980
6,263
8,483
8,380
8,516
13,920
8,1013
8,155
8,885
8,343
8,575
8,22
8,76
8,479
8,843
8,401
8,815
8,404
8,874
8,438
8,653
8,168
8,314
8,808
8,87
8,484
8,440
8,1058
8,967
8,291
8,824
8,9
8,270
8,126
8,787
8,1053
9,60
8,771
8,101
8,320
8,214
8,33
8,470
8,676
8,418
2,818
8,853
8,157
8,1099
8,275
8,267
8,269
8,763
8,195
7,973
8,143
8,80
8,105
8,912
8,444
8,866
4,857
8,647
8,930
8,606
8,682
8,476
4,1088
8,747
8,73
8,75
8,186
9,599
8,285
8,445
8,702
9,311
8,957
8,159
8,748
8,667
8,394
8,613
8,960
8,290
8,829
8,113
8,327
8,602
8,149
4,209
8,353
2,46
8,399
8,945
8,527
8,181
8,396
8,801
6,958
8,208
8,366
8,764
8,446
8,759
8,941
8,997
8,1107
8,749
13,931
8,856
8,392
8,57
8,254
8,579
9,987
8,316
8,687
8,774
8,148
8,266
8,82
8,826
8,895
2,956
8,118
8,85
8,1008
8,41
8,894
8,662
6,789
8,880
8,4
8,1005
2,459
7,256
9,433
8,944
8,642
8,835
8,882
8,517
8,524
8,329
8,566
2,228
8,1106
8,1033
8,730
8,907
8,1098
2,1042
8,761
8,754
8,909
8,913
8,109
8,95
8,410
8,368
8,243
8,50
8,205
8,737
8,1090
8,232
2,278
8,34
8,929
8,1024
8,776
8,507
8,442
8,49
8,140
8,146
8,555
8,318
8,341
5,790
8,513
2,204
8,1049
8,258
8,573
8,805
8,708
8,695
8,457
8,199
6,103
8,94
8,972
8,692
8,891
8,836
8,405
7,522
8,182
8,191
8,585
8,873
8,425
8,276
8,584
8,757
8,230
8,1073
8,576
8,592
8,398
8,848
8,158
8,750
8,1068
8,634
8,1
8,552
9,850
8,758
8,1071
8,966
8,43
8,250
8,406
10,1035
8,112
6,649
8,307
6,493
8,173
6,429
9,1036
8,293
8,503
8,1067
9,703
8,491
8,833
9,1003
8,624
8,390
8,147
8,407
9,163
8,310
2,411
8,768
7,312
8,1040
8,122
8,194
8,694
8,544
8,593
8,538
8,261
8,315
9,550
9,1104
8,431
8,623
8,685
8,852
8,570
8,858
8,896
8,281
8,1056
8,953
8,233
8,678
8,170
4,583
8,571
8,134
8,321
8,939
8,144
8,299
8,99
8,334
8,1011
8,990
8,834
8,709
8,458
8,863
8,657
5,652
8,699
8,727
2,346
8,777
8,536
9,72
8,211
8,631
8,872
8,382
8,530
8,420
8,297
8,3
8,1081
8,842
4,1050
5,556
8,62
8,102
8,253
4,1074
8,337
8,1054
8,400
5,520
5,492
8,559
8,344
6,179
6,197
8,596
8,419
8,89
8,923
8,712
8,901
8,255
8,641
8,323
8,489
8,594
8,294
8,828
8,91
8,373
6,823
8,414
4,525
8,227
8,26
8,167
8,1009
8,696
8,241
1,526
8,717
8,224
8,137
8,165
8,932
8,1022
8,902
8,391
8,716
9,93
8,244
8,274
8,911
8,251
8,1029
8,1014
8,640
8,762
8,512
8,618
8,706
8,926
8,807
8,1094
8,900
8,177
8,409
9,456
8,351
8,1027
8,415
8,632
8,574
9,32
8,264
8,617
8,338
8,96
8,18
8,819
8,1061
8,508
2,655
8,114
8,940
8,783
8,427
2,90
9,239
8,934
6,31
8,480
8,1075
8,644
8,847
8,17
8,273
8,288
8,455
8,81
8,950
8,383
6,235
8,611
8,265
8,304
9,48
8,319
8,1082
8,691
6,936
8,825
8,551
8,169
8,369
6,129
8,1102
9,1001
9,659
8,441
8,27
8,809
4,523
4,875
8,505
8,260
8,892
8,282
8,733
4,1052
8,161
2,424
2,586
8,44
8,626
8,461
8,284
8,451
8,52
8,397
8,379
8,136
8,198
8,518
8,5
8,984
8,213
8,925
8,324
9,37
6,120
8,10
9,938
9,725
8,370
8,608
8,107
6,268
8,740
4,600
8,326
8,897
8,674
7,111
8,463
9,810
8,572
8,888
8,110
8,84
7,229
8,616
6,625
8,271
8,775
8,728
9,1097
8,765
6,64
8,417
8,395
6,820
8,1070
9,567
4,760
8,628
9,39
2,1069
13,1085
8,954
9,142
8,477
8,905
8,746
8,1039
8,948
5,965
8,363
8,511
8,345
8,968
8,908
8,998
9,743
8,38
6,722
8,305
8,375
2,595
8,45
8,620
8,83
8,196
8,1083
8,123
8,540
8,779
8,355
8,336
8,24
8,412
8,591
8,832
8,961
8,139
8,739
8,981
8,831
8,844
8,639
2,509
8,877
8,710
8,851
8,841
8,648
5,581
8,487
8,257
8,560
8,1095
8,899
8,919
6,472
8,135
5,20
8,646
8,643
8,502
8,127
6,533
7,1112
8,817
8,721
8,989
11,876
8,619
8,1101
8,1028
8,986
8,475
8,770
8,951
7,16
8,979
8,519
7,813
8,840
8,669
8,124
8,598
8,860
8,723
8,185
1,806
8,889
8,1006
8,116
8,171
8,868
8,303
8,189
2,437
8,946
8,226
8,203
8,607
8,554
8,605
13,150
8,354
8,752
8,588
8,890
8,612
8,985
8,361
8,247
8,563
8,172
8,715
8,1004
8,962
8,1055
8,348
8,279
1,166
5,252
8,162
8,364
8,450
4,7
8,184
8,55
8,514
8,719
6,861
5,8
8,426
6,816
8,131
8,6
8,878
9,280
8,452
8,349
8,248
8,1002
8,207
8,1066
8,991
7,693
8,465
4,453
8,97
9,506
9,681
8,42
11,1019
6,388
8,434
8,601
8,949
8,67
8,215
8,447
8,1043
8,53
8,422
8,1109
11,838
8,684
8,176
8,335
8,219
8,766
4,745
8,622
8,21
8,1037
8,802
8,40
5,56
8,1059
8,231
8,804
8,1110
5,384
8,664
8,521
8,449
8,547
8,374
11,964
3,460
8,713
8,478
8,883
8,378
4,738
8,1060
8,190
8,734
8,731
8,884
8,128
8,701
2,665
8,654
8,1084
8,1103
8,317
8,201
8,724
6,597
8,356
8,621
8,700
8,313
8,54
8,66
8,751
8,615
8,996
8,141
8,218
8,1030
8,1063
8,1025
8,636
8,217
8,500
8,1038
8,187
8,486
10,871
9,501
8,277
8,697
8,481
8,666
8,2
8,474
7,537
8,864
8,473
8,237
8,14
8,1114
5,720
6,1079
8,705
8,1077
8,978
8,578
8,753
8,471
8,51
8,562
8,372
8,432
8,238
8,887
8,561
8,726
6,993
8,798
8,867
9,242
8,1032
8,638
2,658
8,698
8,791
8,729
8,47
8,340
8,469
8,650
8,942
8,663
8,206
8,1116
8,295
8,814
8,1065
8,1078
8,11
8,439
4,718
8,879
8,971
8,711
8,799
8,69
8,59
8,490
9,79
8,811
8,377
8,803
8,921
9,898
5,886
6,1117
8,467
2,963
8,100
8,736
8,246
9,837
8,350
8,408
8,999
8,534
8,1064
8,778
8,223
8,200
8,1034
8,423
8,365
8,393
8,756
8,115
8,1086
8,117
8,679
8,935
8,630
8,830
8,635
9,286
8,735
8,333
9,680
2,387
7,376
8,488
8,154
8,854
8,132
8,822
8,192
8,587
8,922
8,553
8,881
8,515
6,732
7,904
6,1115
8,25
8,104
8,707
8,670
9,331
8,1017
2,302
8,108
8,859
8,677
8,927
8,580
8,671
8,121
8,548
8,180
8,308
8,152
8,28
8,784
8,1031
8,865
8,557
9,531
8,793
5,77
8,222
8,65
8,558
8,915
8,910
8,1118
8,210
8,164
6,855
4,1105
7,744
10,549
5,421
8,977
