13,876
64,323
13,808
13,836
13,109
13,992
13,40
34,214
13,320
13,216
45,554
13,32
13,434
13,68
13,447
13,117
13,957
13,664
46,645
13,1032
13,427
13,668
13,340
43,888
13,505
13,342
51,170
13,360
13,330
13,891
13,287
13,1063
43,278
13,970
13,913
13,682
13,972
13,654
13,243
13,419
13,266
13,141
13,739
13,828
1,319
13,380
13,501
13,916
13,293
13,908
43,968
13,364
43,1076
13,658
13,730
13,47
13,306
37,571
13,722
13,296
13,871
13,446
51,387
13,77
23,963
13,366
13,1056
13,1089
13,173
13,971
13,846
13,678
13,897
29,816
13,1017
43,939
13,308
59,561
1,921
13,202
13,748
13,17
13,583
13,70
13,404
13,529
13,1009
13,852
13,787
15,1000
12,414
43,85
13,494
45,98
43,814
13,585
13,378
13,185
13,488
34,254
27,316
13,261
13,1012
13,149
35,745
18,262
13,524
43,268
13,270
13,448
43,339
43,207
13,646
38,450
13,934
27,178
13,684
13,399
27,28
13,99
43,917
13,246
45,784
13,1027
34,406
13,424
13,652
43,482
35,914
13,1030
13,826
13,827
13,245
13,12
13,299
13,562
13,423
13,283
43,203
13,525
13,769
13,979
13,647
13,159
43,783
13,998
13,679
33,29
13,721
13,73
13,560
13,800
4,744
13,749
13,142
13,81
13,1052
13,1072
13,703
43,490
34,620
13,631
43,1037
13,956
13,1008
13,1071
13,162
13,210
13,523
13,305
12,38
13,499
13,535
13,55
13,1069
54,747
13,1088
13,1082
13,929
13,1
26,742
13,23
13,536
13,579
13,187
13,297
13,750
13,39
13,157
13,215
13,115
13,756
13,665
13,978
43,983
16,773
13,75
28,1059
13,697
13,41
13,303
13,568
13,1002
13,941
13,660
13,731
13,107
13,417
35,875
13,186
13,1084
46,1020
13,411
13,812
13,223
13,97
13,96
33,442
27,588
13,355
13,151
52,251
13,344
13,405
6,902
13,1014
34,623
13,946
29,779
13,233
43,926
13,767
13,5
43,509
13,774
13,889
13,644
13,72
13,666
13,880
13,272
13,648
13,489
13,843
13,612
13,1004
25,782
33,291
13,179
13,589
13,503
13,1053
13,729
13,34
13,943
13,763
13,858
13,363
45,346
13,250
13,418
13,596
13,952
13,977
43,496
13,553
13,847
13,1054
13,211
13,694
13,59
13,240
27,1041
13,985
13,361
13,960
13,260
13,539
13,771
43,1085
43,50
13,1083
13,918
43,996
13,518
13,1077
13,415
43,236
46,298
13,1060
13,574
13,691
13,903
43,274
13,362
13,436
13,840
13,878
13,777
13,801
13,522
13,60
13,237
43,313
13,1003
13,1013
13,899
13,639
13,217
40,877
13,630
13,1044
13,166
13,923
13,1023
13,391
13,822
43,607
13,35
13,208
13,549
27,760
13,988
50,622
43,656
19,605
13,942
45,147
13,230
13,636
13,540
13,425
13,56
43,629
43,3
13,235
13,172
51,1022
13,348
13,124
13,311
13,904
66,420
13,354
13,794
13,394
24,527
13,781
55,189
13,200
13,825
13,1016
36,174
13,820
13,659
13,728
25,716
13,22
13,228
13,866
13,441
13,993
13,920
13,21
13,66
13,86
43,445
13,437
13,621
13,7
43,10
45,528
13,573
43,375
13,786
13,359
13,37
13,755
13,707
13,110
13,388
43,500
9,864
13,184
9,837
13,1078
13,671
13,403
13,127
43,557
13,947
13,146
52,845
13,422
43,241
13,392
13,197
43,862
13,52
13,674
13,628
13,282
13,102
13,62
13,351
13,155
13,949
13,807
44,958
43,1058
13,961
13,13
43,604
13,440
13,932
13,276
13,14
13,477
13,704
13,705
13,582
13,861
13,317
13,772
13,255
13,472
13,651
56,26
13,758
48,898
13,713
13,617
68,580
13,257
43,504
13,712
13,42
13,400
13,759
13,113
13,865
13,643
3,1048
1,4
13,633
13,594
13,87
13,754
13,873
13,80
13,20
43,206
13,1051
13,134
13,765
13,641
21,271
13,36
13,802
13,275
13,82
47,57
13,132
13,842
13,397
45,806
65,133
13,692
13,429
13,137
52,1074
13,1086
13,193
13,256
13,793
13,44
13,726
30,269
13,369
13,156
1,483
13,699
13,451
13,401
33,188
13,833
43,104
13,1031
13,1034
13,15
43,969
13,461
43,279
13,819
48,408
13,46
43,890
7,689
13,796
13,667
13,103
13,199
13,736
13,811
13,154
45,650
12,285
43,201
13,995
31,999
21,592
17,329
13,460
43,635
13,695
13,204
13,986
13,120
13,1042
43,884
13,601
13,1040
13,723
13,164
13,332
13,126
13,881
13,412
13,473
13,67
13,1036
13,224
13,158
13,517
13,761
13,407
27,521
13,43
13,426
13,476
13,140
43,590
27,1018
13,513
43,295
43,277
13,855
1,718
13,711
1,242
13,373
12,183
13,1001
13,900
43,1062
13,776
13,365
43,938
43,829
13,680
13,544
13,1047
53,474
13,627
23,331
43,785
13,69
13,421
25,396
39,676
13,973
27,31
13,226
13,1025
43,859
22,470
13,131
43,49
13,1055
13,386
12,459
13,300
13,135
13,177
13,449
13,1024
43,152
13,834
13,653
13,18
43,465
13,530
13,167
13,602
43,901
13,818
43,951
13,854
43,61
9,844
13,301
13,502
13,657
13,850
13,714
13,191
13,823
13,286
13,531
14,683
43,911
13,267
13,584
13,624
5,143
13,6
13,516
3,130
67,290
13,486
13,194
13,609
13,661
13,606
13,88
29,333
13,839
13,315
13,464
13,577
13,376
13,886
13,48
13,54
13,706
13,688
13,431
43,1073
13,479
13,389
13,841
1,738
13,1079
13,940
13,492
13,598
13,118
13,321
1,377
13,309
13,350
13,1068
13,439
13,907
27,463
13,122
13,1091
13,987
13,232
13,709
13,640
27,64
71,144
13,637
13,9
13,790
13,997
13,252
27,982
13,84
13,817
45,244
43,93
13,370
42,1007
13,25
12,532
13,89
13,337
13,150
43,169
13,953
13,213
13,402
35,734
51,249
13,469
13,264
13,670
43,879
13,165
13,919
13,741
13,821
13,458
43,263
13,564
13,632
13,1065
9,71
43,698
41,906
13,368
13,16
13,533
13,954
13,805
46,352
13,455
27,857
13,307
13,292
13,341
13,556
33,693
13,1080
43,475
13,327
43,345
1,519
13,168
13,944
13,379
43,534
16,180
13,593
13,551
13,192
13,930
13,182
13,515
43,634
13,356
13,136
13,870
13,1029
43,138
13,586
13,238
13,384
13,567
13,358
43,1081
13,964
13,1061
50,336
13,454
13,753
13,922
13,967
13,541
43,432
13,239
13,896
13,190
13,727
21,616
13,810
13,603
13,253
13,860
63,1064
13,740
43,456
13,438
13,804
13,614
13,314
13,608
43,526
13,872
13,538
13,768
13,416
48,312
13,1006
13,937
48,205
13,220
1,733
13,484
13,851
13,687
13,547
13,735
13,613
13,1015
13,468
43,258
13,795
13,945
29,453
13,887
13,30
13,1045
13,302
43,1066
51,966
52,381
13,989
13,480
13,791
1,975
13,788
13,1057
13,766
13,974
13,935
43,83
13,751
13,221
13,625
62,175
13,955
43,610
13,581
13,962
13,677
13,552
13,171
13,507
13,91
13,874
43,90
13,700
13,600
13,383
13,385
13,883
43,832
48,725
11,196
13,512
13,225
20,615
13,498
13,1087
55,106
13,618
13,443
13,153
13,720
13,649
13,481
13,642
13,444
13,780
43,45
34,548
13,550
13,803
13,79
45,893
13,326
13,835
69,322
13,710
13,885
13,662
13,273
13,537
13,101
43,543
13,1043
13,116
13,669
57,572
43,905
43,910
13,119
13,219
13,655
13,198
12,74
13,981
13,792
13,229
13,1021
13,626
13,948
13,478
45,976
10,181
13,927
27,510
13,1039
13,247
13,569
13,357
13,925
13,1035
43,347
2,1050
46,65
45,565
13,757
13,511
13,457
13,576
13,797
13,1067
13,611
13,936
13,395
27,33
13,334
13,869
13,520
43,145
27,546
13,195
35,950
13,294
13,325
43,892
13,163
13,752
13,743
13,435
13,491
13,789
13,770
13,578
60,984
24,558
13,1049
32,824
49,559
13,493
13,696
43,545
13,318
70,863
13,599
13,281
43,108
13,288
13,830
13,915
13,690
13,815
13,719
13,335
13,595
13,265
13,304
13,280
30,737
13,514
43,160
13,587
13,95
13,231
13,76
13,717
13,367
13,390
13,139
46,111
13,1070
13,809
12,234
13,1019
13,497
43,1028
13,413
13,980
13,597
13,965
13,764
13,638
13,121
13,701
13,1010
13,1033
26,1011
13,673
13,681
13,92
43,487
29,732
13,53
13,555
43,112
13,508
13,848
13,374
13,398
13,566
61,542
43,382
13,991
13,410
45,452
13,284
13,1038
13,51
13,591
13,909
13,724
13,371
13,24
13,868
13,575
58,128
13,931
13,409
13,372
13,1075
43,506
43,1026
13,466
13,895
13,994
13,11
13,94
13,882
13,259
43,672
13,123
29,853
13,328
13,289
13,959
13,19
45,894
13,708
43,212
13,675
13,702
13,462
13,798
43,686
13,27
24,338
13,63
13,746
43,324
25,775
13,778
13,495
13,831
27,430
13,928
13,799
34,393
13,471
13,222
43,563
24,310
13,570
13,176
13,227
13,1046
13,161
13,8
13,100
13,849
13,125
13,912
13,685
13,209
13,129
13,105
13,1090
13,248
43,485
13,218
13,715
43,148
13,353
13,114
13,58
13,349
45,838
13,428
13,867
13,467
13,2
13,762
13,813
13,78
13,1005
13,924
13,990
13,619
8,343
13,433
13,933
33,856
13,663
