19,307
19,518
19,190
13,422
13,622
2,230
19,494
13,7
13,371
21,500
19,749
18,497
20,534
19,711
38,19
19,717
14,635
13,627
19,742
19,713
12,203
12,463
19,583
19,747
19,323
19,496
19,723
14,690
21,661
26,670
13,70
10,701
47,639
19,358
13,283
33,399
30,510
41,158
20,609
12,150
19,710
29,391
12,737
14,550
5,188
19,453
19,472
19,567
34,738
44,236
44,529
3,434
20,14
19,593
19,699
21,278
19,235
19,71
19,25
19,605
19,382
43,630
12,46
19,473
47,435
19,603
13,644
20,604
54,172
19,152
19,201
19,153
19,720
19,340
12,741
2,269
3,731
19,298
3,488
5,41
19,378
3,458
2,480
42,743
19,705
13,255
12,576
25,229
13,479
19,396
19,442
20,633
19,383
13,78
19,218
19,548
13,189
19,133
20,261
19,111
46,20
3,267
34,281
19,328
54,678
57,415
12,318
14,142
12,504
19,522
19,681
30,572
13,707
9,259
3,96
19,200
61,3
19,125
43,372
13,695
19,613
4,220
20,694
43,162
19,573
19,72
22,512
21,539
40,73
19,407
42,433
58,179
19,379
52,507
19,698
19,598
5,532
13,315
19,360
19,525
19,338
19,735
49,725
5,226
49,728
2,100
19,553
13,543
42,93
19,74
19,257
19,658
19,537
19,34
36,57
6,493
19,653
19,334
19,126
13,85
13,621
19,600
19,240
19,570
19,198
12,224
19,171
13,417
19,623
19,157
19,136
19,186
23,64
19,716
19,719
19,536
3,364
40,652
19,599
3,47
12,205
19,317
19,183
12,81
12,116
19,509
20,195
19,250
19,165
19,571
5,246
30,151
34,335
40,175
19,498
5,313
5,555
19,620
40,578
19,169
19,24
19,1
19,395
42,61
19,732
19,637
40,446
13,692
44,666
28,629
19,277
19,309
26,23
20,714
11,540
43,523
11,592
19,292
42,381
19,746
44,147
17,703
59,141
19,270
3,615
19,306
13,607
19,297
19,182
19,359
13,410
13,176
12,726
20,202
19,95
19,736
19,228
56,118
13,343
19,730
13,58
19,414
11,471
14,60
44,709
19,486
4,443
7,683
14,11
19,424
41,211
19,291
19,485
1,533
19,404
42,242
19,515
13,680
19,521
13,272
19,481
13,159
20,589
14,568
19,167
3,140
19,110
14,559
19,403
19,342
13,16
19,501
5,139
43,206
43,426
3,405
19,503
19,341
20,27
37,212
19,331
46,686
19,684
35,641
42,631
58,252
17,505
34,344
13,355
21,314
19,447
19,495
13,474
5,624
54,357
44,483
19,398
19,712
14,367
34,98
13,706
5,164
5,2
12,54
13,406
19,347
19,619
5,418
19,420
13,490
38,665
12,632
19,451
19,676
19,352
54,366
19,163
19,370
13,59
45,580
28,237
4,325
19,350
14,502
19,362
3,664
19,90
19,544
2,660
41,26
19,663
13,380
54,327
19,170
19,584
12,130
14,449
19,91
20,421
19,587
19,55
19,389
19,135
19,174
9,154
13,66
19,121
13,265
43,104
19,253
10,48
19,638
34,640
13,279
19,588
14,552
19,92
19,214
19,53
19,39
13,642
19,662
43,187
19,263
11,724
19,601
19,400
43,636
13,466
19,99
19,234
19,13
41,68
13,430
5,439
28,339
27,123
19,393
19,748
19,290
19,56
19,693
19,10
5,29
47,597
11,128
13,127
4,222
19,287
43,12
19,647
5,477
21,594
13,476
19,289
19,354
12,258
19,557
19,394
20,560
12,241
2,35
19,262
19,348
19,148
19,563
19,89
12,590
40,301
19,160
13,94
5,138
11,454
19,530
19,319
23,346
19,546
19,361
48,516
19,271
19,535
19,332
34,239
19,168
42,67
19,437
53,541
12,5
34,387
20,369
12,464
9,657
19,634
19,31
19,113
13,86
13,628
3,750
20,436
5,310
28,667
19,18
19,4
3,669
1,120
19,293
19,161
5,232
19,491
14,654
19,411
43,668
19,616
13,729
14,562
2,462
30,305
19,374
51,208
12,484
37,231
13,595
19,511
13,655
5,227
20,260
45,8
12,97
44,9
38,401
19,547
19,460
19,107
19,21
54,166
13,538
13,554
12,184
19,181
19,564
19,468
5,40
19,185
13,478
19,75
19,87
32,304
19,63
5,397
19,649
13,43
43,428
19,431
19,606
19,336
19,408
19,519
19,574
54,520
19,233
19,22
19,673
19,312
19,109
19,217
4,581
19,386
5,413
19,243
19,733
13,659
19,365
2,215
3,517
19,558
13,687
11,17
19,689
12,299
12,596
19,356
19,455
19,28
2,648
19,44
7,744
41,249
42,108
19,450
13,244
43,324
19,677
19,682
19,650
13,337
19,264
19,268
12,700
19,561
19,674
13,32
43,351
19,651
19,345
44,432
13,114
12,551
19,173
42,416
19,672
9,88
20,444
19,115
12,77
19,82
28,225
13,177
14,514
19,266
13,52
14,276
13,611
13,625
12,79
2,102
5,438
19,180
19,326
36,708
19,524
19,402
19,83
19,645
12,146
31,456
19,565
42,513
19,685
30,76
19,329
11,585
31,6
19,506
19,122
2,388
49,322
19,247
20,445
19,254
13,608
5,375
19,465
19,392
13,591
13,303
14,197
21,308
19,45
19,80
19,508
20,727
40,294
19,702
19,721
19,273
12,137
19,489
5,302
19,144
56,191
3,196
43,482
19,643
45,448
19,566
13,618
41,715
5,384
19,412
19,440
19,156
19,526
19,248
19,722
3,691
42,531
19,452
13,492
19,349
19,363
19,675
19,119
19,368
13,124
19,740
20,274
19,62
19,390
19,612
20,542
19,275
20,216
5,256
19,219
2,549
44,149
13,688
14,577
12,285
14,131
16,425
19,204
19,626
13,528
13,84
28,469
13,51
19,753
11,209
19,296
19,50
20,221
19,245
19,646
19,545
19,671
13,614
13,320
13,467
19,282
45,101
24,194
12,199
15,602
43,207
19,409
14,178
19,129
34,251
19,617
19,527
14,373
19,330
19,38
2,15
19,470
14,311
42,704
14,739
19,49
43,679
19,745
21,103
19,353
19,193
48,288
55,429
19,423
19,300
14,284
19,36
5,487
19,280
39,461
19,569
19,155
19,112
2,718
19,579
19,734
19,37
19,192
19,457
19,210
5,656
19,556
19,376
30,321
19,441
19,42
5,582
8,575
19,30
20,213
19,377
19,33
5,65
19,385
13,419
19,696
19,69
19,333
11,105
30,316
19,475
19,295
19,499
19,697
34,134
43,459
19,427
19,586
19,145
14,143
34,751
19,238
19,610
21,106
19,132
13,286
50,223
60,752
44,117
