17,564
49,532
49,151
49,452
49,372
40,475
27,422
49,539
40,476
83,88
84,593
49,210
49,507
49,78
19,596
49,65
49,509
76,220
40,99
40,165
47,279
49,84
49,196
43,310
83,406
49,521
82,296
53,12
49,79
49,407
49,16
56,303
49,558
50,23
49,625
16,392
40,340
83,4
49,216
86,365
5,209
10,515
49,56
49,437
49,562
49,234
83,120
24,546
84,627
25,351
49,495
49,371
49,529
25,344
29,395
49,439
49,145
49,149
14,277
17,519
17,482
17,161
42,300
74,366
49,110
49,584
46,606
49,187
49,350
61,294
39,308
15,53
17,347
53,283
43,43
72,213
82,607
49,360
49,173
56,223
49,465
49,45
49,585
49,413
49,536
40,218
11,158
49,321
49,200
40,621
17,569
49,81
55,224
75,111
55,66
62,493
49,114
80,46
49,178
83,212
59,113
74,487
29,469
49,89
40,115
78,13
58,135
49,333
84,8
49,500
49,597
40,97
49,555
49,228
49,592
48,44
49,280
47,622
35,603
49,5
2,259
84,570
22,57
29,619
17,22
69,17
50,510
59,3
49,561
71,69
56,324
17,260
22,553
35,383
49,281
49,291
50,82
17,26
17,479
4,602
60,342
85,315
15,85
22,363
49,236
58,30
10,498
78,29
49,225
49,524
49,313
12,468
29,573
87,198
55,626
52,444
47,580
49,238
56,335
49,533
49,289
38,176
49,586
17,245
49,591
17,249
50,471
49,599
1,168
2,620
17,33
49,528
49,282
26,401
17,192
49,269
64,35
49,51
83,2
28,298
39,136
29,214
48,385
42,560
35,359
17,292
49,615
31,484
17,550
75,257
23,480
49,429
55,556
28,92
10,425
49,117
17,409
49,322
43,554
49,472
15,450
50,445
17,514
83,325
30,263
45,217
61,527
44,68
49,604
49,440
39,14
49,160
49,104
49,587
48,577
49,456
49,108
49,631
84,448
49,629
64,618
55,301
49,581
49,39
49,497
40,58
17,364
49,397
40,163
1,424
50,458
17,339
29,382
49,150
17,361
49,31
15,457
49,540
41,582
77,567
7,172
40,490
25,434
2,83
49,253
27,346
40,415
40,129
49,511
55,52
1,594
2,167
49,202
40,34
15,137
2,605
49,231
37,127
49,600
49,537
53,410
63,544
49,288
55,116
35,305
40,183
65,215
17,595
49,338
33,156
55,508
56,157
18,21
40,118
40,461
10,67
49,75
40,624
49,24
49,428
49,199
49,208
49,206
80,502
42,28
55,261
39,74
51,278
49,19
56,247
49,394
49,90
29,20
49,473
37,9
49,489
13,275
49,37
40,226
49,357
49,6
84,229
49,266
17,248
48,86
54,504
80,105
49,571
83,242
49,112
40,417
56,311
49,299
34,254
49,274
84,535
17,181
13,464
42,211
2,71
49,370
49,393
18,513
49,408
49,389
17,486
8,334
78,287
13,239
81,427
15,184
2,285
49,319
39,63
49,566
80,387
80,551
48,542
49,270
49,447
25,531
49,314
17,265
49,185
12,119
49,134
49,549
80,380
77,295
49,258
49,162
1,193
87,250
17,286
17,430
18,93
40,572
27,222
49,95
49,377
49,271
13,155
49,412
49,264
49,272
49,462
22,557
29,159
6,131
39,312
49,80
49,32
10,290
19,390
54,579
10,306
55,375
2,608
85,388
37,496
25,146
49,107
49,399
17,207
49,518
2,70
42,96
57,101
39,559
56,128
23,141
49,177
39,221
40,262
49,609
75,474
49,267
29,483
58,543
14,188
49,354
1,491
15,1
68,268
29,189
49,326
49,416
39,598
49,197
50,73
84,235
55,125
49,203
21,435
49,227
17,494
40,61
17,91
17,355
78,304
17,530
49,545
25,421
49,526
49,132
77,432
42,588
43,139
49,610
55,523
73,438
17,171
29,481
49,419
17,166
29,384
49,317
17,62
49,175
49,60
29,232
84,630
29,343
49,454
49,418
75,449
33,164
49,186
17,138
49,520
87,201
49,331
85,72
17,143
13,403
49,255
49,576
49,237
29,517
83,36
46,273
56,356
69,616
39,323
49,15
83,374
79,485
49,601
49,613
2,414
49,362
49,318
40,522
65,455
49,329
49,297
14,506
70,512
49,400
49,59
17,477
49,345
66,501
49,568
20,152
39,195
49,376
2,147
40,276
49,42
17,373
84,87
49,628
17,293
49,534
57,525
49,611
49,552
29,405
49,590
12,182
53,436
29,441
40,443
2,503
14,433
49,398
52,368
49,55
49,459
49,233
14,103
39,617
49,124
49,538
9,153
16,499
61,205
49,180
15,194
49,50
13,341
17,54
49,381
29,423
17,243
49,548
49,174
49,246
17,7
33,358
49,133
49,123
29,144
39,367
49,191
50,391
29,48
49,505
49,332
84,488
33,121
32,386
50,320
17,170
49,252
77,589
25,256
36,378
49,470
33,244
29,402
49,251
49,352
49,169
49,230
56,632
49,369
59,41
49,140
49,612
49,327
84,241
49,516
82,49
42,122
49,563
12,541
49,492
49,316
40,302
55,411
49,11
67,442
84,623
15,575
49,109
86,219
56,614
49,204
49,100
49,179
80,38
49,460
49,25
49,466
49,309
17,47
2,10
29,578
49,633
49,40
49,379
49,453
48,142
49,77
49,565
17,27
49,353
50,451
21,154
49,148
49,420
49,328
50,106
49,467
49,349
57,240
63,426
17,547
29,583
4,307
21,337
84,348
49,284
18,98
29,336
49,330
49,94
49,396
49,446
49,190
84,64
43,102
49,18
49,126
49,463
11,478
49,76
17,130
49,431
3,404
86,574
