3,564
7,532
7,151
7,452
7,372
7,475
4,422
7,539
7,476
14,88
14,593
7,210
7,507
7,78
3,596
7,65
7,509
11,220
7,99
7,165
7,279
7,84
7,196
7,310
14,406
7,521
14,296
7,12
7,79
7,407
7,16
8,303
7,558
7,23
7,625
3,392
7,340
14,4
7,216
14,365
1,209
3,515
7,56
7,437
7,562
7,234
14,120
4,546
14,627
4,351
7,495
7,371
7,529
4,344
4,395
7,439
7,145
7,149
3,277
3,519
3,482
3,161
7,300
11,366
7,110
7,584
7,606
7,187
7,350
8,294
7,308
3,53
3,347
7,283
7,43
11,213
14,607
7,360
7,173
8,223
7,465
7,45
7,585
7,413
7,536
7,218
3,158
7,321
7,200
7,621
3,569
7,81
8,224
11,111
8,66
8,493
7,114
12,46
7,178
14,212
8,113
11,487
4,469
7,89
7,115
12,13
8,135
7,333
14,8
7,500
7,597
7,97
7,555
7,228
7,592
7,44
7,280
7,622
6,603
7,5
1,259
14,570
4,57
4,619
3,22
11,17
7,510
8,3
7,561
11,69
8,324
3,260
4,553
6,383
7,281
7,291
7,82
3,26
3,479
1,602
8,342
14,315
3,85
4,363
7,236
8,30
3,498
12,29
7,225
7,524
7,313
3,468
4,573
15,198
8,626
7,444
7,580
7,238
8,335
7,533
7,289
6,176
7,586
3,245
7,591
3,249
7,471
7,599
1,168
1,620
3,33
7,528
7,282
4,401
3,192
7,269
8,35
7,51
14,2
4,298
7,136
4,214
7,385
7,560
6,359
3,292
7,615
5,484
3,550
11,257
4,480
7,429
8,556
4,92
3,425
7,117
3,409
7,322
7,554
7,472
3,450
7,445
3,514
14,325
4,263
7,217
8,527
7,68
7,604
7,440
7,14
7,160
7,104
7,587
7,577
7,456
7,108
7,631
14,448
7,629
8,618
8,301
7,581
7,39
7,497
7,58
3,364
7,397
7,163
1,424
7,458
3,339
4,382
7,150
3,361
7,31
3,457
7,540
7,582
12,567
2,172
7,490
4,434
1,83
7,253
4,346
7,415
7,129
7,511
8,52
1,594
1,167
7,202
7,34
3,137
1,605
7,231
6,127
7,600
7,537
7,410
8,544
7,288
8,116
6,305
7,183
9,215
3,595
7,338
6,156
8,508
8,157
3,21
7,118
7,461
3,67
7,75
7,624
7,24
7,428
7,199
7,208
7,206
12,502
7,28
8,261
7,74
7,278
7,19
8,247
7,394
7,90
4,20
7,473
6,9
7,489
3,275
7,37
7,226
7,357
7,6
14,229
7,266
3,248
7,86
8,504
12,105
7,571
14,242
7,112
7,417
8,311
7,299
6,254
7,274
14,535
3,181
3,464
7,211
1,71
7,370
7,393
3,513
7,408
7,389
3,486
2,334
12,287
3,239
13,427
3,184
1,285
7,319
7,63
7,566
12,387
12,551
7,542
7,270
7,447
4,531
7,314
3,265
7,185
3,119
7,134
7,549
12,380
12,295
7,258
7,162
1,193
15,250
3,286
3,430
3,93
7,572
4,222
7,95
7,377
7,271
3,155
7,412
7,264
7,272
7,462
4,557
4,159
1,131
7,312
7,80
7,32
3,290
3,390
8,579
3,306
8,375
1,608
14,388
6,496
4,146
7,107
7,399
3,207
7,518
1,70
7,96
8,101
7,559
8,128
4,141
7,177
7,221
7,262
7,609
11,474
7,267
4,483
8,543
3,188
7,354
1,491
3,1
10,268
4,189
7,326
7,416
7,598
7,197
7,73
14,235
8,125
7,203
3,435
7,227
3,494
7,61
3,91
3,355
12,304
3,530
7,545
4,421
7,526
7,132
12,432
7,588
7,139
7,610
8,523
11,438
3,171
4,481
7,419
3,166
4,384
7,317
3,62
7,175
7,60
4,232
14,630
4,343
7,454
7,418
11,449
6,164
7,186
3,138
7,520
15,201
7,331
14,72
3,143
3,403
7,255
7,576
7,237
4,517
14,36
7,273
8,356
11,616
7,323
7,15
14,374
12,485
7,601
7,613
1,414
7,362
7,318
7,522
9,455
7,329
7,297
3,506
11,512
7,400
7,59
3,477
7,345
9,501
7,568
3,152
7,195
7,376
1,147
7,276
7,42
3,373
14,87
7,628
3,293
7,534
8,525
7,611
7,552
4,405
7,590
3,182
7,436
4,441
7,443
1,503
3,433
7,398
7,368
7,55
7,459
7,233
3,103
7,617
7,124
7,538
2,153
3,499
8,205
7,180
3,194
7,50
3,341
3,54
7,381
4,423
3,243
7,548
7,174
7,246
3,7
6,358
7,133
7,123
4,144
7,367
7,191
7,391
4,48
7,505
7,332
14,488
6,121
5,386
7,320
3,170
7,252
12,589
4,256
6,378
7,470
6,244
4,402
7,251
7,352
7,169
7,230
8,632
7,369
8,41
7,140
7,612
7,327
14,241
7,516
14,49
7,122
7,563
3,541
7,492
7,316
7,302
8,411
7,11
10,442
14,623
3,575
7,109
14,219
8,614
7,204
7,100
7,179
12,38
7,460
7,25
7,466
7,309
3,47
1,10
4,578
7,633
7,40
7,379
7,453
7,142
7,77
7,565
3,27
7,353
7,451
3,154
7,148
7,420
7,328
7,106
7,467
7,349
8,240
8,426
3,547
4,583
1,307
3,337
14,348
7,284
3,98
4,336
7,330
7,94
7,396
7,446
7,190
14,64
7,102
7,18
7,126
7,463
3,478
7,76
3,130
7,431
1,404
14,574
