25,876
102,323
25,808
25,836
25,109
25,992
25,40
59,214
25,320
25,216
77,554
25,32
25,434
25,68
25,447
25,117
25,957
25,664
78,645
25,1032
25,427
25,668
25,340
73,888
25,505
25,342
87,170
25,360
25,330
18,891
25,287
25,1063
71,278
25,970
25,913
25,682
25,972
25,654
25,243
25,419
25,266
25,141
25,739
25,828
1,319
25,380
25,501
25,916
25,293
25,908
70,968
25,364
69,1076
25,658
25,730
25,47
25,306
63,571
25,722
25,296
25,871
25,446
88,387
25,77
43,963
25,366
25,1056
25,1089
25,173
25,971
25,846
25,678
25,897
52,816
25,1017
71,939
25,308
97,561
2,921
25,202
25,748
25,17
28,583
25,70
25,404
25,529
25,1009
25,852
25,787
33,1000
16,414
69,85
25,494
77,98
71,814
25,585
25,378
25,185
25,488
59,254
49,316
25,261
25,1012
25,149
60,745
37,262
25,524
71,268
25,270
25,448
71,339
69,207
25,646
64,450
25,934
49,178
25,684
25,399
50,28
25,99
71,917
25,246
77,784
25,1027
59,406
25,424
25,652
72,482
60,914
25,1030
25,826
25,827
25,245
25,12
25,299
25,562
25,423
25,283
71,203
25,525
25,769
25,979
25,647
25,159
71,783
25,998
25,679
58,29
25,721
25,73
25,560
25,800
6,744
25,749
25,142
25,81
25,1052
25,1072
25,703
71,490
59,620
25,631
71,1037
25,956
25,1008
25,1071
25,162
25,210
25,523
25,305
16,38
25,499
25,535
25,55
31,1069
91,747
25,1088
25,1082
25,929
25,1
47,742
25,23
25,536
25,579
25,187
25,297
25,750
25,39
25,157
24,215
25,115
25,756
25,665
25,978
71,983
34,773
25,75
51,1059
25,697
25,41
25,303
25,568
25,1002
25,941
22,660
25,731
25,107
25,417
61,875
25,186
25,1084
79,1020
25,411
25,812
25,223
25,97
25,96
58,442
50,588
21,355
28,151
89,251
25,344
25,405
8,902
25,1014
59,623
25,946
52,779
25,233
71,926
25,767
25,5
71,509
25,774
25,889
25,644
25,72
24,666
25,880
25,272
25,648
25,489
25,843
25,612
25,1004
45,782
58,291
25,179
25,589
25,503
25,1053
23,729
25,34
25,943
25,763
25,858
18,363
77,346
25,250
25,418
25,596
25,952
25,977
71,496
25,553
25,847
25,1054
25,211
25,694
25,59
25,240
49,1041
25,985
25,361
25,960
25,260
25,539
25,771
71,1085
71,50
25,1083
25,918
70,996
25,518
25,1077
25,415
71,236
78,298
25,1060
25,574
25,691
25,903
71,274
25,362
25,436
25,840
25,878
25,777
25,801
25,522
18,60
25,237
71,313
25,1003
25,1013
25,899
25,639
25,217
66,877
25,630
22,1044
25,166
23,923
25,1023
25,391
25,822
71,607
25,35
25,208
25,549
49,760
25,988
86,622
71,656
38,605
25,942
76,147
25,230
25,636
25,540
25,425
25,56
71,629
71,3
25,235
25,172
87,1022
25,348
25,124
25,311
25,904
104,420
25,354
25,794
25,394
44,527
25,781
93,189
25,200
25,825
25,1016
62,174
25,820
25,659
25,728
46,716
25,22
25,228
25,866
25,441
25,993
25,920
25,21
25,66
25,86
71,445
25,437
25,621
25,7
73,10
77,528
25,573
69,375
25,786
25,359
25,37
25,755
25,707
25,110
19,388
69,500
11,864
25,184
11,837
25,1078
25,671
25,403
25,127
71,557
25,947
25,146
89,845
25,422
71,241
25,392
25,197
69,862
25,52
25,674
25,628
25,282
25,102
25,62
25,351
25,155
25,949
25,807
75,958
70,1058
25,961
25,13
71,604
25,440
25,932
22,276
25,14
25,477
25,704
25,705
25,582
25,861
25,317
25,772
25,255
25,472
25,651
94,26
25,758
84,898
25,713
25,617
106,580
25,257
71,504
25,712
25,42
23,400
25,759
25,113
25,865
25,643
4,1048
1,4
25,633
25,594
25,87
25,754
25,873
25,80
25,20
70,206
18,1051
25,134
25,765
23,641
41,271
25,36
25,802
25,275
25,82
81,57
25,132
25,842
25,397
77,806
103,133
18,692
25,429
25,137
89,1074
25,1086
25,193
25,256
25,793
25,44
25,726
54,269
25,369
17,156
1,483
25,699
25,451
20,401
58,188
25,833
69,104
25,1031
25,1034
25,15
71,969
25,461
71,279
25,819
82,408
25,46
71,890
9,689
25,796
25,667
25,103
25,199
25,736
25,811
25,154
77,650
16,285
69,201
25,995
56,999
40,592
36,329
25,460
71,635
25,695
25,204
25,986
25,120
25,1042
71,884
25,601
25,1040
25,723
25,164
25,332
26,126
25,881
25,412
25,473
25,67
25,1036
25,224
25,158
25,517
25,761
25,407
49,521
22,43
25,426
25,476
25,140
69,590
49,1018
25,513
71,295
71,277
20,855
1,718
25,711
1,242
25,373
16,183
25,1001
25,900
69,1062
25,776
25,365
71,938
71,829
25,680
25,544
25,1047
90,474
25,627
43,331
69,785
25,69
25,421
45,396
65,676
25,973
50,31
25,226
25,1025
72,859
42,470
25,131
71,49
25,1055
25,386
16,459
25,300
25,135
25,177
25,449
25,1024
71,152
25,834
25,653
25,18
70,465
25,530
25,167
25,602
71,901
25,818
71,951
25,854
71,61
12,844
25,301
25,502
23,657
25,850
25,714
25,191
25,823
26,286
25,531
32,683
71,911
25,267
20,584
23,624
7,143
24,6
25,516
5,130
105,290
25,486
25,194
25,609
25,661
25,606
28,88
53,333
25,839
25,315
25,464
25,577
25,376
25,886
25,48
25,54
25,706
25,688
25,431
71,1073
25,479
25,389
25,841
1,738
25,1079
25,940
25,492
25,598
25,118
25,321
1,377
25,309
25,350
25,1068
25,439
25,907
50,463
25,122
25,1091
25,987
25,232
25,709
25,640
49,64
109,144
25,637
25,9
25,790
25,997
25,252
50,982
25,84
25,817
77,244
69,93
25,370
68,1007
25,25
16,532
25,89
25,337
25,150
69,169
25,953
25,213
25,402
61,734
87,249
20,469
25,264
25,670
71,879
25,165
25,919
25,741
25,821
25,458
71,263
25,564
25,632
25,1065
13,71
69,698
67,906
25,368
25,16
25,533
25,954
25,805
80,352
25,455
49,857
25,307
25,292
25,341
25,556
58,693
25,1080
71,475
25,327
71,345
1,519
25,168
25,944
25,379
73,534
35,180
25,593
24,551
25,192
25,930
25,182
25,515
69,634
21,356
25,136
20,870
25,1029
71,138
25,586
25,238
23,384
25,567
25,358
71,1081
25,964
25,1061
86,336
25,454
25,753
25,922
25,967
28,541
71,432
25,239
25,896
25,190
25,727
40,616
25,810
25,603
25,253
25,860
101,1064
25,740
71,456
25,438
29,804
25,614
22,314
25,608
71,526
25,872
25,538
25,768
25,416
82,312
25,1006
25,937
82,205
25,220
1,733
25,484
25,851
25,687
25,547
25,735
25,613
25,1015
29,468
71,258
25,795
17,945
52,453
25,887
25,30
18,1045
25,302
71,1066
87,966
89,381
25,989
25,480
25,791
1,975
23,788
25,1057
25,766
25,974
25,935
71,83
24,751
25,221
25,625
100,175
25,955
71,610
25,581
25,962
25,677
25,552
25,171
25,507
25,91
25,874
71,90
25,700
25,600
25,383
25,385
25,883
71,832
83,725
15,196
25,512
25,225
39,615
25,498
25,1087
92,106
25,618
25,443
25,153
25,720
25,649
25,481
25,642
25,444
25,780
69,45
59,548
25,550
20,803
25,79
76,893
25,326
25,835
107,322
25,710
25,885
25,662
23,273
25,537
25,101
71,543
25,1043
25,116
25,669
95,572
73,905
71,910
25,119
25,219
22,655
25,198
16,74
25,981
25,792
25,229
25,1021
25,626
25,948
25,478
77,976
14,181
25,927
49,510
25,1039
18,247
25,569
25,357
25,925
25,1035
71,347
3,1050
78,65
77,565
24,757
25,511
25,457
25,576
25,797
25,1067
25,611
25,936
25,395
50,33
25,334
25,869
25,520
70,145
50,546
25,195
61,950
25,294
25,325
71,892
25,163
25,752
25,743
25,435
25,491
25,789
25,770
25,578
98,984
44,558
25,1049
57,824
85,559
25,493
25,696
74,545
25,318
108,863
25,599
30,281
71,108
22,288
25,830
25,915
25,690
25,815
25,719
25,335
25,595
18,265
25,304
25,280
55,737
25,514
71,160
25,587
25,95
25,231
25,76
31,717
25,367
25,390
25,139
78,111
25,1070
25,809
16,234
25,1019
25,497
71,1028
18,413
25,980
25,597
25,965
25,764
25,638
25,121
25,701
30,1010
29,1033
48,1011
25,673
25,681
25,92
71,487
52,732
25,53
25,555
71,112
25,508
25,848
25,374
25,398
27,566
99,542
69,382
25,991
25,410
77,452
25,284
25,1038
25,51
25,591
25,909
25,724
25,371
25,24
25,868
25,575
96,128
22,931
25,409
25,372
25,1075
69,506
69,1026
25,466
25,895
25,994
20,11
25,94
25,882
25,259
71,672
25,123
53,853
25,328
25,289
25,959
25,19
77,894
25,708
71,212
25,675
25,702
25,462
25,798
69,686
25,27
44,338
25,63
25,746
70,324
45,775
25,778
25,495
25,831
49,430
25,928
18,799
59,393
25,471
25,222
71,563
44,310
25,570
25,176
25,227
25,1046
25,161
25,8
29,100
25,849
25,125
25,912
25,685
25,209
25,129
23,105
25,1090
18,248
71,485
25,218
25,715
71,148
25,353
25,114
25,58
25,349
77,838
25,428
25,867
25,467
25,2
25,762
25,813
25,78
25,1005
25,924
25,990
25,619
10,343
25,433
25,933
58,856
25,663
