174,50
228,293
101,579
124,100
76,701
211,607
148,264
249,587
74,525
189,128
43,688
7,545
236,663
159,99
105,245
170,19
84,294
283,574
151,676
159,185
268,308
158,523
151,632
78,239
163,590
190,123
239,356
290,665
314,389
241,130
182,698
51,555
186,639
146,337
60,442
299,320
306,67
159,338
258,23
262,76
159,168
98,227
90,329
94,105
168,679
49,418
300,692
27,388
115,289
151,54
309,146
230,524
6,491
150,385
167,396
111,612
46,154
154,435
96,155
234,699
154,591
164,458
62,381
26,284
242,296
12,554
151,420
207,61
159,498
156,97
164,374
118,642
229,58
215,156
215,530
151,536
41,118
264,459
21,392
171,478
25,474
157,110
229,626
69,553
315,275
74,589
137,397
93,304
164,288
186,428
129,602
179,34
69,666
71,286
138,497
212,7
154,162
325,229
151,522
151,519
209,283
100,425
267,208
320,176
151,278
76,166
73,684
253,125
49,126
153,266
50,473
83,334
165,22
15,623
74,20
110,363
265,38
153,41
257,343
88,492
183,421
229,69
151,453
52,470
158,14
158,82
68,187
151,219
188,494
151,496
209,371
329,313
257,70
319,234
74,189
228,661
261,465
85,350
88,572
81,355
284,159
48,624
2,391
194,596
181,431
150,615
191,89
250,167
272,71
260,62
89,565
24,113
67,311
154,611
154,315
154,25
319,317
229,307
160,55
199,613
96,647
148,490
274,621
131,346
172,508
158,655
164,95
151,387
89,237
324,297
297,449
44,164
22,506
115,680
24,357
158,232
184,594
172,566
221,87
315,592
81,645
223,520
180,4
117,265
151,700
212,556
157,410
258,322
162,694
279,91
257,436
258,196
90,599
194,486
90,345
126,367
47,401
205,316
79,72
29,178
320,548
97,544
87,443
184,165
255,249
100,80
76,390
158,600
232,648
52,16
228,45
227,353
301,603
49,298
228,511
31,468
75,549
87,636
157,593
185,1
229,261
326,259
261,244
46,92
65,177
91,204
151,220
76,33
149,90
229,183
74,416
136,145
9,121
162,31
317,9
95,618
133,617
224,695
151,448
288,135
13,231
220,86
252,383
178,115
151,217
69,228
213,408
328,5
173,207
60,472
85,106
89,609
3,446
96,24
77,483
259,475
192,558
8,669
178,255
87,675
178,580
96,140
304,378
151,181
125,672
158,269
268,439
47,199
80,291
255,323
291,112
324,399
257,505
64,570
145,93
43,335
19,246
158,84
103,450
294,664
257,429
258,94
158,107
154,463
258,649
146,499
307,405
145,127
150,557
62,274
79,562
43,225
151,153
151,460
20,414
154,424
133,627
177,678
280,268
37,197
271,584
296,57
19,224
145,214
229,481
256,109
166,46
151,142
50,454
272,479
163,309
218,512
156,111
61,605
163,502
118,32
163,641
293,375
203,359
151,210
219,124
128,659
79,422
196,364
195,569
236,373
318,441
231,690
151,601
303,488
59,537
28,348
221,559
158,638
69,411
36,250
151,35
151,314
229,290
292,63
229,689
290,331
159,413
114,417
119,361
140,11
17,292
60,276
257,172
161,404
247,252
114,509
168,169
254,151
160,139
151,660
136,120
259,43
52,527
106,466
43,193
266,195
159,682
55,515
206,260
258,218
119,203
14,251
199,138
110,17
156,640
245,487
57,262
154,254
52,59
210,161
276,696
81,44
10,236
242,542
154,202
229,42
74,471
257,226
154,622
102,577
133,88
151,610
151,102
171,206
164,567
153,3
316,386
228,543
270,528
154,685
145,534
103,504
82,691
302,500
120,56
251,116
28,370
45,49
68,625
33,174
257,437
76,352
237,344
121,551
60,631
32,184
58,398
47,279
195,576
180,620
58,634
151,461
258,438
154,15
159,360
55,464
42,257
47,564
158,144
239,194
217,325
145,415
71,324
257,26
164,10
319,129
310,635
290,147
154,646
126,552
116,160
104,369
80,604
319,469
57,477
151,445
172,319
257,175
202,152
78,546
38,173
74,64
132,81
70,48
238,568
258,79
159,295
48,277
295,303
240,216
233,526
154,462
153,200
66,412
104,485
30,550
73,332
192,403
161,347
90,582
251,670
177,517
198,616
159,447
99,300
76,423
158,77
153,336
78,687
7,697
197,406
153,12
50,476
207,541
49,53
207,595
78,258
229,532
32,529
119,368
86,241
53,114
287,66
144,588
152,379
159,233
288,83
157,158
206,484
156,339
147,73
154,382
72,535
111,230
235,122
51,305
208,563
108,221
69,341
130,575
288,136
142,2
89,597
286,394
177,211
50,674
313,215
242,212
87,533
321,52
40,328
281,677
158,656
123,457
261,209
158,13
151,326
150,501
151,60
31,179
90,333
107,662
4,182
154,238
285,578
5,426
227,27
107,456
229,30
155,547
53,451
214,585
257,409
274,321
6,312
97,242
107,514
172,65
151,380
23,637
238,652
172,619
176,651
28,372
113,614
200,608
145,351
154,75
151,74
122,653
68,427
78,96
60,186
282,247
257,538
63,480
229,482
193,68
164,503
134,650
100,131
27,101
56,376
69,495
305,365
160,198
263,583
151,6
228,693
103,243
92,108
224,354
151,467
81,402
289,148
16,8
204,349
47,561
237,430
275,657
151,539
11,444
145,133
151,281
154,273
137,407
175,191
135,384
8,119
164,192
228,282
258,366
127,419
170,39
54,285
146,673
169,598
201,188
51,452
277,270
151,205
248,306
76,521
100,668
163,223
154,137
143,256
246,358
164,150
39,573
74,40
74,78
244,493
103,507
141,240
91,581
158,681
164,489
115,510
145,531
47,18
331,560
278,141
322,434
112,342
151,28
323,271
103,318
187,340
176,280
242,455
60,163
151,540
84,586
52,310
154,149
298,654
311,190
123,629
200,299
143,606
170,377
72,518
209,667
244,395
243,301
216,267
273,21
139,683
225,362
257,117
327,103
55,400
88,213
162,330
222,263
151,36
71,643
151,47
146,171
270,302
261,37
77,571
18,287
330,51
80,686
258,432
228,157
77,134
151,440
226,201
47,104
151,630
130,516
287,633
87,272
269,170
158,98
107,222
308,658
35,180
151,85
59,393
54,235
109,327
151,644
252,433
128,703
74,513
94,29
34,628
151,671
154,132
125,248
151,143
1,702
312,253
