12,421
13,411
2,17
2,207
11,476
2,513
11,681
11,700
11,279
11,147
9,149
11,428
2,636
2,327
2,187
11,585
11,440
11,441
11,638
11,60
11,677
11,416
11,240
11,113
11,384
11,132
2,110
2,152
9,604
11,321
2,399
2,610
11,169
11,219
2,594
11,20
11,77
11,5
11,64
11,204
11,400
11,339
2,503
11,167
11,622
4,499
11,362
11,473
11,103
2,527
11,508
2,635
2,666
11,216
2,7
2,612
11,454
2,232
11,260
11,693
2,526
9,497
2,252
11,439
11,262
11,221
11,511
11,16
2,229
11,41
11,280
9,698
11,554
11,128
2,540
11,114
11,494
2,561
11,304
11,154
11,684
11,39
11,600
11,261
2,40
2,184
11,97
4,354
11,423
11,76
2,139
8,21
2,530
4,437
11,597
11,118
11,356
11,290
2,544
2,386
2,65
11,697
11,583
11,688
2,195
9,501
2,200
11,73
11,82
11,611
11,89
9,317
11,571
11,448
11,49
2,133
11,430
11,98
11,276
11,521
9,319
2,447
11,663
11,183
2,263
9,312
8,54
11,71
11,696
11,202
11,690
11,102
11,652
9,628
9,302
11,655
11,538
2,496
11,672
2,461
2,433
11,178
2,123
2,575
11,648
2,584
11,590
11,479
11,617
11,182
11,664
11,609
11,602
11,514
9,436
2,486
11,488
11,190
11,640
11,326
11,413
11,268
11,369
2,676
11,57
11,649
11,593
11,83
11,429
11,485
11,298
11,553
9,425
11,30
11,287
11,160
11,460
11,517
11,644
2,542
9,328
11,373
11,87
11,365
2,558
9,667
11,157
2,408
11,380
11,427
2,42
11,581
11,468
2,464
11,224
11,104
11,596
11,25
11,606
11,38
11,237
11,34
11,492
11,574
1,475
9,36
11,174
2,306
2,407
2,406
6,415
2,142
11,153
11,417
11,375
11,355
11,493
11,599
11,136
2,539
11,342
2,569
11,96
11,310
11,59
11,536
2,598
2,168
11,370
11,226
10,177
11,145
11,463
11,565
4,213
11,686
11,699
11,196
11,389
11,469
2,378
2,311
2,404
2,238
2,10
15,608
11,284
13,336
11,165
2,466
11,297
11,22
11,682
11,452
11,158
11,247
2,673
11,502
11,481
11,434
11,351
11,577
11,591
2,374
11,67
11,545
11,692
11,381
11,19
11,403
2,573
11,172
2,74
2,665
2,507
11,314
11,45
11,119
11,265
11,451
11,296
2,225
2,151
11,193
11,159
4,18
11,490
11,680
11,131
11,201
10,528
2,236
2,579
9,658
11,394
11,632
11,376
11,117
11,689
4,446
11,385
11,519
11,95
11,124
2,391
11,197
9,350
15,641
11,345
11,214
11,148
11,26
2,251
11,582
2,605
11,529
11,161
4,624
11,668
2,661
11,24
2,509
11,555
11,309
11,472
11,218
11,359
11,379
11,215
2,477
11,163
2,230
11,533
2,111
11,150
11,66
2,419
5,33
11,397
11,639
11,601
11,387
11,267
2,551
11,289
9,683
2,675
2,171
9,516
11,199
11,120
2,410
11,643
11,162
11,44
11,239
5,458
2,637
11,694
13,37
2,691
11,409
2,371
2,631
11,115
2,48
2,512
9,303
11,130
11,524
11,343
11,325
11,234
11,198
11,272
11,630
2,398
11,295
11,324
11,233
11,570
4,642
11,462
11,618
11,438
11,68
11,266
2,192
11,8
11,456
11,443
11,84
2,109
11,12
2,51
2,255
11,495
11,47
11,634
11,249
9,179
2,175
11,270
11,90
2,299
11,619
11,253
11,281
11,79
11,483
11,607
11,80
11,23
11,285
11,189
11,383
11,301
2,705
11,203
11,258
11,70
9,701
11,166
2,562
11,505
9,170
11,323
11,335
11,654
11,414
9,316
2,412
11,278
11,651
2,331
11,471
11,329
11,259
11,392
11,254
11,223
2,515
11,678
2,137
11,550
11,620
11,9
11,341
11,81
2,288
11,269
11,623
4,687
11,445
2,340
11,467
7,674
11,420
8,552
11,578
11,372
11,353
11,129
11,390
2,470
11,449
11,277
11,629
11,108
11,333
11,217
11,256
11,176
2,556
11,291
11,231
11,1
4,566
11,588
2,520
11,2
9,248
11,626
2,360
11,679
11,670
2,246
11,308
2,589
11,349
4,346
11,206
11,422
11,426
11,62
11,173
11,11
2,557
11,564
2,671
11,307
11,532
11,135
4,126
11,580
4,535
11,134
11,72
11,368
2,29
11,703
11,294
11,181
11,704
11,186
11,482
11,155
4,112
11,401
13,121
11,106
2,702
5,431
11,534
2,459
11,92
11,127
11,257
11,361
11,334
2,510
9,53
11,337
9,548
9,85
11,78
2,650
11,522
11,480
11,320
4,344
11,322
2,366
11,275
11,621
2,498
2,271
2,4
2,241
11,567
11,563
11,180
11,465
11,242
11,364
11,633
9,367
11,27
2,537
2,487
11,377
11,191
2,292
9,282
11,525
12,50
2,101
1,86
11,61
11,592
11,660
2,559
11,543
11,208
11,143
2,243
11,405
11,474
11,15
9,245
11,695
11,283
11,659
11,613
11,442
2,3
2,116
12,546
16,52
11,250
11,315
2,35
11,627
11,586
2,227
11,393
11,347
11,305
11,156
11,146
11,576
11,185
4,547
11,13
11,332
11,489
11,99
11,657
11,188
11,32
11,164
11,395
2,194
2,14
2,424
2,662
11,435
11,549
11,264
11,58
2,500
11,228
11,274
11,656
2,273
13,138
2,352
11,685
11,141
11,572
11,244
11,220
2,122
11,432
11,348
11,595
11,444
11,63
11,91
11,43
11,330
11,6
11,55
11,402
2,358
2,293
2,614
11,531
11,105
2,93
11,455
11,69
6,31
11,212
11,396
2,140
2,388
11,313
2,560
2,625
11,222
2,209
11,484
11,646
11,450
11,616
11,56
11,615
3,144
14,107
9,28
11,363
11,210
11,645
11,587
11,75
11,647
11,100
13,125
11,418
11,669
11,235
11,541
11,506
2,603
11,491
11,300
11,94
11,88
11,518
11,286
11,382
11,318
11,504
2,46
11,478
11,453
11,338
11,357
11,523
11,568
9,205
9,211
9,653
11,457
