156,50
208,293
89,579
109,100
67,701
191,607
133,264
229,587
65,525
170,128
40,688
7,545
216,663
143,99
92,245
152,19
75,294
261,574
136,676
143,185
247,308
142,523
136,632
69,239
146,590
171,123
219,356
268,665
292,389
221,130
164,698
44,555
167,639
131,337
53,442
277,320
284,67
143,338
238,23
242,76
143,168
86,227
80,329
84,105
150,679
43,418
278,692
24,388
101,289
136,54
287,146
210,524
6,491
135,385
149,396
98,612
42,154
139,435
85,155
214,699
139,591
147,458
55,381
23,284
222,296
11,554
136,420
188,61
143,498
140,97
147,374
104,642
209,58
195,156
195,530
136,536
38,118
244,459
19,392
153,478
22,474
141,110
209,626
61,553
293,275
65,589
122,397
83,304
147,288
167,428
114,602
161,34
61,666
62,286
123,497
192,7
139,162
302,229
136,522
136,519
189,283
88,425
246,208
297,176
136,278
67,166
64,684
233,125
43,126
138,266
44,473
74,334
147,22
14,623
65,20
97,363
245,38
138,41
237,343
78,492
164,421
209,69
136,453
45,470
142,14
142,82
60,187
136,219
169,494
136,496
189,371
306,313
237,70
296,234
65,189
208,661
241,465
75,350
78,572
72,355
262,159
43,624
2,391
175,596
163,431
135,615
172,89
230,167
251,71
240,62
79,565
21,113
59,311
139,611
139,315
139,25
296,317
209,307
144,55
180,613
85,647
133,490
253,621
116,346
154,508
142,655
147,95
136,387
79,237
301,297
275,449
40,164
20,506
101,680
21,357
142,232
165,594
154,566
201,87
293,592
72,645
203,520
162,4
103,265
136,700
192,556
141,410
238,322
145,694
258,91
237,436
238,196
80,599
175,486
80,345
111,367
42,401
186,316
70,72
26,178
297,548
86,544
77,443
165,165
235,249
88,80
67,390
142,600
212,648
45,16
208,45
207,353
279,603
43,298
208,511
28,468
66,549
77,636
141,593
166,1
209,261
303,259
241,244
42,92
57,177
81,204
136,220
67,33
134,90
209,183
65,416
121,145
9,121
145,31
294,9
84,618
118,617
204,695
136,448
266,135
12,231
200,86
232,383
160,115
136,217
61,228
193,408
305,5
155,207
53,472
75,106
79,609
3,446
85,24
68,483
239,475
173,558
8,669
160,255
77,675
160,580
85,140
282,378
136,181
110,672
142,269
247,439
42,199
71,291
235,323
269,112
301,399
237,505
56,570
130,93
40,335
18,246
142,84
91,450
272,664
237,429
238,94
142,107
139,463
238,649
131,499
285,405
130,127
135,557
55,274
70,562
40,225
136,153
136,460
19,414
139,424
118,627
159,678
259,268
34,197
250,584
274,57
18,224
130,214
209,481
236,109
148,46
136,142
44,454
251,479
146,309
198,512
140,111
54,605
146,502
104,32
146,641
271,375
184,359
136,210
199,124
113,659
70,422
177,364
176,569
216,373
295,441
211,690
136,601
281,488
52,537
25,348
201,559
142,638
61,411
33,250
136,35
136,314
209,290
270,63
209,689
268,331
143,413
100,417
105,361
125,11
16,292
53,276
237,172
145,404
227,252
100,509
150,169
234,151
144,139
136,660
121,120
239,43
45,527
93,466
40,193
245,195
143,682
48,515
187,260
238,218
105,203
13,251
180,138
97,17
140,640
225,487
50,262
139,254
45,59
190,161
255,696
72,44
10,236
222,542
139,202
209,42
65,471
237,226
139,622
90,577
118,88
136,610
136,102
153,206
147,567
138,3
293,386
208,543
249,528
139,685
130,534
91,504
73,691
280,500
106,56
231,116
25,370
41,49
60,625
30,174
237,437
67,352
217,344
107,551
53,631
29,184
51,398
42,279
176,576
162,620
51,634
136,461
238,438
139,15
143,360
48,464
39,257
42,564
142,144
219,194
197,325
130,415
62,324
237,26
147,10
296,129
288,635
268,147
139,646
111,552
102,160
91,369
71,604
296,469
50,477
136,445
154,319
237,175
183,152
69,546
35,173
65,64
117,81
61,48
218,568
238,79
143,295
43,277
273,303
220,216
213,526
139,462
138,200
58,412
91,485
27,550
64,332
173,403
145,347
80,582
231,670
159,517
179,616
143,447
87,300
67,423
142,77
138,336
69,687
7,697
178,406
138,12
44,476
188,541
43,53
188,595
69,258
209,532
29,529
105,368
76,241
46,114
265,66
129,588
137,379
143,233
266,83
141,158
187,484
140,339
132,73
139,382
63,535
98,230
215,122
44,305
188,563
95,221
61,341
115,575
266,136
127,2
79,597
264,394
159,211
44,674
291,215
222,212
77,533
298,52
37,328
260,677
142,656
109,457
241,209
142,13
136,326
135,501
136,60
28,179
80,333
94,662
4,182
139,238
263,578
5,426
207,27
94,456
209,30
139,547
46,451
194,585
237,409
253,321
6,312
86,242
94,514
154,65
136,380
20,637
218,652
154,619
158,651
25,372
99,614
181,608
130,351
139,75
136,74
108,653
60,427
69,96
53,186
261,247
237,538
56,480
209,482
174,68
147,503
119,650
88,131
24,101
49,376
61,495
283,365
144,198
243,583
136,6
208,693
91,243
82,108
204,354
136,467
72,402
267,148
15,8
185,349
42,561
217,430
254,657
136,539
11,444
130,133
136,281
139,273
122,407
157,191
120,384
8,119
147,192
208,282
238,366
112,419
152,39
47,285
131,673
151,598
182,188
44,452
256,270
136,205
228,306
67,521
88,668
146,223
139,137
128,256
226,358
147,150
36,573
65,40
65,78
224,493
91,507
126,240
81,581
142,681
147,489
101,510
130,531
42,18
308,560
257,141
299,434
99,342
136,28
300,271
91,318
168,340
158,280
222,455
53,163
136,540
75,586
45,310
139,149
276,654
289,190
109,629
181,299
128,606
152,377
63,518
189,667
224,395
223,301
196,267
252,21
124,683
205,362
237,117
304,103
48,400
78,213
145,330
202,263
136,36
62,643
136,47
131,171
249,302
241,37
68,571
17,287
307,51
71,686
238,432
208,157
68,134
136,440
206,201
42,104
136,630
115,516
265,633
77,272
248,170
142,98
94,222
286,658
32,180
136,85
52,393
47,235
96,327
136,644
232,433
113,703
65,513
84,29
31,628
136,671
139,132
110,248
136,143
1,702
290,253
