7,13
13,442
7,83
7,295
2,248
7,271
7,92
26,108
20,202
7,63
7,249
7,117
7,504
7,393
7,561
7,321
7,499
7,211
7,156
7,115
7,490
7,180
25,178
38,472
37,562
4,522
7,198
7,389
7,199
7,443
24,146
13,96
7,39
7,125
38,18
7,151
38,290
7,330
7,87
7,33
7,148
7,200
7,195
7,101
35,19
7,560
7,59
38,300
26,568
7,56
7,571
26,564
7,325
7,419
7,15
7,139
7,501
7,174
7,299
7,261
7,528
7,536
7,401
15,279
7,44
7,276
7,143
7,489
7,109
7,418
7,291
7,349
33,386
7,40
7,530
18,238
7,46
7,545
7,467
7,245
24,404
7,244
7,378
7,29
7,67
3,252
7,274
7,574
7,89
25,516
15,293
7,327
7,283
7,533
15,119
7,370
39,458
7,68
7,88
38,465
7,285
7,227
15,331
7,50
38,7
12,237
14,557
7,303
7,317
7,449
7,144
7,339
27,188
7,537
7,413
7,3
7,230
31,166
7,394
35,155
38,20
13,372
7,240
37,366
7,203
7,583
7,513
7,11
38,487
38,258
7,269
10,579
7,322
29,414
7,53
38,152
27,556
38,255
7,131
20,243
7,420
7,368
7,221
7,428
38,553
7,316
38,491
7,278
29,65
7,286
7,55
7,233
7,78
7,215
7,205
7,254
43,409
11,532
28,494
13,69
7,51
32,448
9,423
7,266
7,512
7,567
38,481
7,171
7,326
7,460
7,34
34,228
14,466
7,391
35,430
38,94
38,196
7,14
1,62
7,367
38,85
14,114
1,190
2,297
7,566
7,197
7,492
7,546
7,432
7,17
38,505
37,98
28,153
28,441
7,488
7,426
7,82
7,123
7,523
7,559
35,102
7,577
7,425
19,187
7,485
7,270
7,439
15,495
7,581
41,400
7,476
15,586
37,582
7,515
7,79
4,507
7,236
7,584
5,585
7,410
7,306
16,218
7,304
7,38
15,264
36,578
7,496
7,21
13,74
7,379
7,84
14,315
7,344
29,207
7,61
7,360
7,161
7,540
7,555
7,334
37,453
38,93
7,470
7,422
7,259
7,329
7,445
7,30
7,12
7,47
11,10
7,455
26,575
7,169
7,75
7,164
17,484
7,345
7,314
7,347
7,301
6,373
11,446
7,380
37,570
7,362
7,313
7,294
7,355
7,337
7,231
16,58
7,142
7,440
11,22
7,563
18,569
7,526
7,268
38,165
25,376
7,214
7,28
14,60
7,552
7,424
7,220
38,408
42,57
7,1
7,310
7,309
7,308
7,551
7,403
38,333
7,128
37,451
7,377
7,381
7,421
2,77
7,27
7,209
5,6
7,104
5,371
7,170
7,311
7,267
7,127
11,292
7,256
7,474
7,412
7,186
7,235
29,54
34,398
7,239
7,547
7,99
2,110
16,572
7,287
7,340
7,66
11,223
7,135
7,396
7,41
37,116
7,411
7,438
7,111
22,189
7,541
7,224
7,250
7,42
38,415
37,479
7,549
7,454
7,168
7,36
7,358
29,80
7,346
30,141
38,539
42,406
7,511
39,43
7,217
7,356
38,70
7,246
31,126
7,353
33,529
7,112
37,150
39,343
4,500
7,508
7,335
7,133
18,71
7,282
7,417
7,473
7,320
38,247
37,514
7,72
7,431
7,427
7,405
7,4
7,206
19,260
4,390
3,16
20,273
7,338
24,154
31,185
7,464
7,395
7,475
33,163
7,263
7,312
8,328
7,251
4,158
7,275
38,132
7,565
7,219
36,307
7,305
7,262
7,32
7,122
33,2
7,229
7,160
7,502
7,558
7,573
7,456
7,106
7,26
16,383
7,365
7,216
7,517
7,503
7,397
7,384
7,86
7,534
7,5
7,184
7,435
7,302
33,554
7,323
7,183
7,179
38,64
38,542
2,208
22,103
38,95
7,548
7,225
7,212
7,461
7,91
7,182
38,284
7,232
7,173
33,107
7,531
7,222
33,521
7,518
22,416
7,272
7,324
7,257
12,277
18,525
7,76
38,369
7,480
15,457
23,204
37,382
7,520
7,49
7,8
7,497
38,543
33,527
7,52
25,253
7,23
7,281
7,471
8,90
7,509
34,538
38,137
7,113
18,159
7,193
44,194
21,348
7,149
7,134
21,234
7,318
7,462
7,506
7,580
7,436
7,336
36,452
7,31
7,81
7,387
26,140
40,9
7,385
7,483
7,486
13,350
4,130
7,177
7,341
23,576
7,433
7,129
27,288
33,524
7,181
7,176
7,437
7,399
7,296
7,588
4,544
16,191
38,121
19,48
16,138
7,24
7,434
38,374
18,37
7,535
26,100
7,550
7,444
7,136
16,459
7,478
7,468
2,105
38,145
7,351
7,167
27,35
7,242
7,147
7,357
15,519
26,280
38,298
7,192
7,332
7,342
15,463
7,241
38,363
7,124
7,375
7,25
2,265
7,213
7,226
7,493
13,402
7,201
7,175
7,45
7,120
7,172
7,319
10,477
7,354
7,97
7,364
7,407
7,510
7,73
7,429
13,469
7,447
7,361
38,450
7,392
7,359
7,118
23,388
7,162
7,352
7,289
7,157
7,210
7,498
45,482
38,587
