11,13
19,442
11,83
10,295
2,248
11,271
11,92
39,108
29,202
11,63
11,249
11,117
11,504
11,393
11,561
9,321
11,499
11,211
11,156
11,115
11,490
11,180
36,178
59,472
58,562
5,522
11,198
11,389
11,199
11,443
35,146
19,96
11,39
11,125
59,18
11,151
59,290
11,330
11,87
11,33
11,148
11,200
11,195
11,101
53,19
11,560
11,59
59,300
39,568
11,56
11,571
38,564
11,325
11,419
11,15
11,139
11,501
11,174
11,299
11,261
11,528
11,536
11,401
22,279
11,44
11,276
11,143
11,489
11,109
11,418
12,291
10,349
49,386
11,40
11,530
27,238
11,46
11,545
11,467
11,245
35,404
11,244
11,378
11,29
11,67
3,252
11,274
11,574
11,89
37,516
22,293
11,327
11,283
11,533
22,119
11,370
61,458
11,68
11,88
59,465
11,285
11,227
22,331
11,50
59,7
18,237
20,557
11,303
11,317
11,449
11,144
11,339
40,188
11,537
11,413
11,3
11,230
47,166
11,394
53,155
59,20
19,372
11,240
56,366
11,203
11,583
11,513
11,11
59,487
59,258
11,269
15,579
12,322
44,414
11,53
59,152
40,556
59,255
11,131
29,243
11,420
11,368
11,221
11,428
59,553
11,316
59,491
11,278
44,65
11,286
11,55
11,233
11,78
9,215
11,205
11,254
65,409
16,532
42,494
19,69
11,51
48,448
14,423
11,266
11,512
11,567
59,481
11,171
11,326
11,460
11,34
51,228
20,466
11,391
54,430
59,94
59,196
11,14
1,62
11,367
59,85
21,114
1,190
2,297
9,566
11,197
11,492
11,546
11,432
11,17
59,505
57,98
42,153
43,441
11,488
11,426
11,82
11,123
11,523
11,559
54,102
11,577
11,425
28,187
11,485
10,270
11,439
22,495
11,581
63,400
11,476
22,586
58,582
11,515
11,79
5,507
11,236
11,584
7,585
11,410
11,306
23,218
11,304
11,38
22,264
55,578
11,496
11,21
19,74
11,379
11,84
21,315
11,344
44,207
11,61
11,360
11,161
11,540
11,555
11,334
57,453
59,93
11,470
11,422
11,259
11,329
10,445
11,30
11,12
11,47
16,10
11,455
38,575
11,169
11,75
11,164
26,484
11,345
11,314
10,347
11,301
8,373
16,446
11,380
58,570
11,362
11,313
11,294
11,355
11,337
11,231
24,58
9,142
11,440
17,22
11,563
27,569
11,526
11,268
60,165
36,376
12,214
11,28
21,60
11,552
11,424
11,220
59,408
64,57
11,1
11,310
11,309
11,308
11,551
11,403
59,333
11,128
57,451
11,377
11,381
11,421
2,77
11,27
11,209
7,6
11,104
7,371
11,170
11,311
11,267
11,127
16,292
11,256
11,474
11,412
11,186
11,235
45,54
51,398
12,239
11,547
11,99
2,110
25,572
11,287
11,340
11,66
16,223
11,135
11,396
11,41
57,116
11,411
11,438
12,111
32,189
11,541
9,224
11,250
11,42
59,415
57,479
11,549
11,454
11,168
11,36
11,358
44,80
11,346
46,141
59,539
64,406
11,511
61,43
11,217
11,356
59,70
11,246
47,126
11,353
50,529
11,112
56,150
61,343
5,500
11,508
11,335
11,133
27,71
11,282
11,417
11,473
11,320
59,247
58,514
11,72
11,431
11,427
11,405
11,4
11,206
28,260
5,390
4,16
30,273
11,338
35,154
47,185
11,464
9,395
11,475
50,163
11,263
11,312
13,328
11,251
6,158
11,275
59,132
11,565
11,219
55,307
11,305
11,262
10,32
11,122
49,2
11,229
11,160
11,502
11,558
11,573
11,456
11,106
11,26
24,383
12,365
11,216
11,517
11,503
11,397
11,384
11,86
11,534
11,5
11,184
10,435
11,302
49,554
11,323
10,183
11,179
59,64
59,542
2,208
32,103
59,95
11,548
11,225
11,212
11,461
11,91
11,182
59,284
11,232
11,173
50,107
11,531
11,222
50,521
11,518
32,416
11,272
11,324
11,257
18,277
27,525
11,76
59,369
11,480
22,457
33,204
57,382
9,520
11,49
11,8
11,497
59,543
49,527
11,52
36,253
11,23
12,281
11,471
13,90
11,509
52,538
59,137
11,113
27,159
11,193
66,194
31,348
11,149
11,134
31,234
11,318
11,462
11,506
11,580
11,436
11,336
55,452
11,31
11,81
11,387
39,140
62,9
11,385
12,483
11,486
19,350
6,130
11,177
11,341
33,576
11,433
12,129
41,288
49,524
11,181
11,176
11,437
10,399
11,296
11,588
6,544
23,191
59,121
28,48
23,138
11,24
11,434
59,374
27,37
11,535
39,100
11,550
11,444
11,136
23,459
11,478
11,468
2,105
59,145
11,351
11,167
41,35
11,242
11,147
11,357
22,519
39,280
59,298
11,192
11,332
11,342
22,463
11,241
59,363
11,124
11,375
11,25
2,265
11,213
11,226
11,493
19,402
11,201
11,175
11,45
11,120
11,172
11,319
15,477
11,354
11,97
11,364
11,407
11,510
11,73
11,429
19,469
11,447
11,361
59,450
11,392
11,359
11,118
34,388
11,162
11,352
11,289
11,157
11,210
11,498
67,482
59,587
