3,307
3,518
3,190
3,422
3,622
1,230
3,494
3,7
3,371
3,500
3,749
3,497
3,534
3,711
7,19
3,717
3,635
3,627
3,742
3,713
3,203
3,463
3,583
3,747
3,323
3,496
3,723
3,690
3,661
6,670
3,70
3,701
8,639
3,358
3,283
7,399
6,510
7,158
3,609
3,150
3,710
6,391
3,737
3,550
2,188
3,453
3,472
3,567
7,738
7,236
7,529
1,434
3,14
3,593
3,699
3,278
3,235
3,71
3,25
3,605
3,382
7,630
3,46
3,473
8,435
3,603
3,644
3,604
10,172
3,152
3,201
3,153
3,720
3,340
3,741
1,269
1,731
3,298
1,488
2,41
3,378
1,458
1,480
7,743
3,705
3,255
3,576
5,229
3,479
3,396
3,442
3,633
3,383
3,78
3,218
3,548
3,189
3,133
3,261
3,111
7,20
1,267
7,281
3,328
10,678
11,415
3,318
3,142
3,504
3,522
3,681
6,572
3,707
3,259
1,96
3,200
13,3
3,125
7,372
3,695
3,613
1,220
3,694
7,162
3,573
3,72
3,512
3,539
7,73
3,407
7,433
11,179
3,379
10,507
3,698
3,598
2,532
3,315
3,360
3,525
3,338
3,735
9,725
2,226
9,728
1,100
3,553
3,543
7,93
3,74
3,257
3,658
3,537
3,34
7,57
2,493
3,653
3,334
3,126
3,85
3,621
3,600
3,240
3,570
3,198
3,224
3,171
3,417
3,623
3,157
3,136
3,186
4,64
3,716
3,719
3,536
1,364
7,652
3,599
1,47
3,205
3,317
3,183
3,81
3,116
3,509
3,195
3,250
3,165
3,571
2,246
6,151
7,335
7,175
3,498
2,313
2,555
3,620
7,578
3,169
3,24
3,1
3,395
7,61
3,732
3,637
7,446
3,692
7,666
6,629
3,277
3,309
6,23
3,714
3,540
7,523
3,592
3,292
7,381
3,746
7,147
3,703
11,141
3,270
1,615
3,306
3,607
3,297
3,182
3,359
3,410
3,176
3,726
3,202
3,95
3,736
3,228
11,118
3,343
3,730
3,58
3,414
3,471
3,60
7,709
3,486
1,443
2,683
3,11
3,424
7,211
3,291
3,485
1,533
3,404
7,242
3,515
3,680
3,521
3,272
3,481
3,159
3,589
3,568
3,167
1,140
3,110
3,559
3,403
3,342
3,16
3,501
2,139
7,206
7,426
1,405
3,503
3,341
3,27
7,212
3,331
7,686
3,684
7,641
7,631
11,252
3,505
7,344
3,355
3,314
3,447
3,495
3,474
2,624
10,357
7,483
3,398
3,712
3,367
7,98
3,706
2,164
2,2
3,54
3,406
3,347
3,619
2,418
3,420
3,490
7,665
3,632
3,451
3,676
3,352
10,366
3,163
3,370
3,59
7,580
6,237
1,325
3,350
3,502
3,362
1,664
3,90
3,544
1,660
7,26
3,663
3,380
10,327
3,170
3,584
3,130
3,449
3,91
3,421
3,587
3,55
3,389
3,135
3,174
3,154
3,66
3,121
3,265
7,104
3,253
3,48
3,638
7,640
3,279
3,588
3,552
3,92
3,214
3,53
3,39
3,642
3,662
7,187
3,263
3,724
3,601
3,400
7,636
3,466
3,99
3,234
3,13
7,68
3,430
2,439
6,339
6,123
3,393
3,748
3,290
3,56
3,693
3,10
2,29
8,597
3,128
3,127
1,222
3,287
7,12
3,647
2,477
3,594
3,476
3,289
3,354
3,258
3,557
3,394
3,560
3,241
1,35
3,262
3,348
3,148
3,563
3,89
3,590
7,301
3,160
3,94
2,138
3,454
3,530
3,319
4,346
3,546
3,361
8,516
3,271
3,535
3,332
7,239
3,168
7,67
3,437
10,541
3,5
7,387
3,369
3,464
3,657
3,634
3,31
3,113
3,86
3,628
1,750
3,436
2,310
6,667
3,18
3,4
1,669
1,120
3,293
3,161
2,232
3,491
3,654
3,411
7,668
3,616
3,729
3,562
1,462
6,305
3,374
10,208
3,484
7,231
3,595
3,511
3,655
2,227
3,260
7,8
3,97
7,9
7,401
3,547
3,460
3,107
3,21
10,166
3,538
3,554
3,184
3,181
3,564
3,468
2,40
3,185
3,478
3,75
3,87
7,304
3,63
2,397
3,649
3,43
7,428
3,431
3,606
3,336
3,408
3,519
3,574
10,520
3,233
3,22
3,673
3,312
3,109
3,217
1,581
3,386
2,413
3,243
3,733
3,659
3,365
1,215
1,517
3,558
3,687
3,17
3,689
3,299
3,596
3,356
3,455
3,28
1,648
3,44
2,744
7,249
7,108
3,450
3,244
7,324
3,677
3,682
3,650
3,337
3,264
3,268
3,700
3,561
3,674
3,32
7,351
3,651
3,345
7,432
3,114
3,551
3,173
7,416
3,672
3,88
3,444
3,115
3,77
3,82
6,225
3,177
3,514
3,266
3,52
3,276
3,611
3,625
3,79
1,102
2,438
3,180
3,326
7,708
3,524
3,402
3,83
3,645
3,146
6,456
3,565
7,513
3,685
6,76
3,329
3,585
6,6
3,506
3,122
1,388
9,322
3,247
3,445
3,254
3,608
2,375
3,465
3,392
3,591
3,303
3,197
3,308
3,45
3,80
3,508
3,727
7,294
3,702
3,721
3,273
3,137
3,489
2,302
3,144
11,191
1,196
7,482
3,643
7,448
3,566
3,618
7,715
2,384
3,412
3,440
3,156
3,526
3,248
3,722
1,691
7,531
3,452
3,492
3,349
3,363
3,675
3,119
3,368
3,124
3,740
3,274
3,62
3,390
3,612
3,542
3,275
3,216
2,256
3,219
1,549
7,149
3,688
3,577
3,285
3,131
3,425
3,204
3,626
3,528
3,84
6,469
3,51
3,753
3,209
3,296
3,50
3,221
3,245
3,646
3,545
3,671
3,614
3,320
3,467
3,282
7,101
4,194
3,199
3,602
7,207
3,409
3,178
3,129
7,251
3,617
3,527
3,373
3,330
3,38
1,15
3,470
3,311
7,704
3,739
3,49
7,679
3,745
3,103
3,353
3,193
8,288
10,429
3,423
3,300
3,284
3,36
2,487
3,280
7,461
3,569
3,155
3,112
1,718
3,579
3,734
3,37
3,192
3,457
3,210
2,656
3,556
3,376
6,321
3,441
3,42
2,582
2,575
3,30
3,213
3,377
3,33
2,65
3,385
3,419
3,696
3,69
3,333
3,105
6,316
3,475
3,295
3,499
3,697
7,134
7,459
3,427
3,586
3,145
3,143
7,751
3,238
3,610
3,106
3,132
3,286
9,223
12,752
7,117
