23,661
32,1045
23,845
23,943
23,19
24,1007
24,529
24,582
23,245
23,70
19,959
23,917
23,381
16,130
23,220
23,325
23,58
23,212
23,672
23,1051
26,568
23,564
23,1015
23,781
9,1108
23,924
23,448
13,969
23,125
23,1047
23,870
23,332
23,466
23,188
23,1091
23,541
23,153
23,983
23,1113
26,300
23,236
24,352
23,1072
23,532
23,309
23,454
17,645
23,1012
23,1080
23,504
16,1020
23,668
24,389
29,1023
24,221
26,839
23,627
23,98
20,974
23,1096
23,78
23,988
23,259
23,430
13,1018
29,322
24,402
23,772
20,403
23,800
23,74
23,633
23,339
23,1021
23,589
23,906
13,386
23,497
18,1062
23,357
23,767
23,301
23,795
23,796
23,651
23,283
23,306
23,976
23,435
23,416
23,30
23,656
23,975
23,88
23,86
23,1119
24,1041
23,918
23,330
40,686
23,13
23,869
23,955
9,683
23,610
23,216
23,35
8,342
23,262
23,292
23,714
23,272
23,496
23,937
3,565
23,63
4,289
23,328
23,827
23,1057
7,482
23,298
23,499
23,1010
23,29
23,821
23,23
31,36
23,360
23,436
24,569
2,535
23,468
23,741
23,903
23,785
23,296
23,788
23,794
23,982
32,546
23,234
23,539
23,780
23,495
23,590
23,119
23,464
23,542
22,742
23,1087
13,92
23,249
5,673
23,510
23,773
23,106
23,462
23,792
23,1016
23,992
24,160
23,347
11,629
23,1089
24,175
23,443
23,545
23,614
23,145
23,1000
22,952
23,609
23,786
23,358
25,71
23,485
23,494
23,1048
7,769
23,1100
23,604
23,12
24,928
23,498
23,1026
32,933
23,846
22,862
31,797
23,755
1,1044
23,174
23,970
23,782
23,690
23,385
23,812
23,240
3,947
30,225
23,849
22,1076
23,15
23,178
19,193
24,893
23,637
23,1111
11,916
23,689
23,1092
23,371
23,362
24,183
23,603
32,704
32,994
26,995
23,156
23,413
13,359
3,1046
23,543
23,914
22,688
23,68
23,202
23,151
23,138
21,528
23,660
23,133
23,577
23,61
23,675
16,287
16,428
23,1093
23,367
23,980
16,263
23,483
23,380
23,516
41,920
22,1013
24,155
23,885
23,343
23,575
24,22
23,76
23,479
23,843
23,401
23,815
23,404
23,874
23,438
23,653
23,168
23,314
23,808
23,87
23,484
23,440
23,1058
23,967
23,291
23,824
23,9
23,270
23,126
23,787
23,1053
32,60
23,771
24,101
24,320
23,214
23,33
23,470
23,676
23,418
5,818
23,853
23,157
23,1099
23,275
23,267
23,269
23,763
23,195
19,973
23,143
23,80
23,105
23,912
23,444
23,866
9,857
22,647
23,930
23,606
23,682
23,476
7,1088
23,747
23,73
23,75
23,186
29,599
23,285
23,445
23,702
30,311
23,957
23,159
23,748
23,667
23,394
23,613
23,960
23,290
23,829
23,113
23,327
23,602
23,149
9,209
23,353
5,46
23,399
26,945
23,527
23,181
23,396
23,801
17,958
23,208
23,366
23,764
23,446
23,759
23,941
23,997
24,1107
24,749
43,931
23,856
23,392
23,57
22,254
23,579
30,987
23,316
23,687
23,774
23,148
22,266
23,82
23,826
24,895
3,956
23,118
23,85
23,1008
23,41
23,894
23,662
16,789
23,880
28,4
23,1005
5,459
18,256
31,433
23,944
23,642
23,835
23,882
23,517
21,524
23,329
23,566
5,228
24,1106
23,1033
23,730
23,907
23,1098
3,1042
23,761
23,754
23,909
23,913
23,109
23,95
23,410
23,368
23,243
23,50
23,205
23,737
23,1090
23,232
3,278
23,34
23,929
23,1024
23,776
23,507
23,442
23,49
23,140
23,146
23,555
23,318
23,341
12,790
24,513
3,204
23,1049
23,258
24,573
23,805
23,708
23,695
23,457
23,199
16,103
23,94
24,972
23,692
23,891
22,836
23,405
19,522
23,182
23,191
23,585
23,873
23,425
23,276
23,584
24,757
23,230
21,1073
24,576
23,592
24,398
24,848
23,158
23,750
23,1068
23,634
23,1
23,552
31,850
23,758
23,1071
23,966
23,43
24,250
23,406
34,1035
23,112
17,649
23,307
16,493
23,173
16,429
33,1036
23,293
23,503
23,1067
31,703
23,491
23,833
32,1003
23,624
23,390
23,147
23,407
32,163
23,310
5,411
23,768
18,312
23,1040
23,122
23,194
23,694
23,544
23,593
23,538
23,261
23,315
32,550
32,1104
23,431
23,623
23,685
23,852
24,570
23,858
23,896
23,281
23,1056
23,953
23,233
23,678
24,170
9,583
23,571
23,134
23,321
23,939
23,144
21,299
23,99
23,334
23,1011
23,990
23,834
23,709
23,458
23,863
23,657
13,652
23,699
23,727
3,346
23,777
23,536
33,72
23,211
23,631
23,872
23,382
23,530
23,420
23,297
23,3
23,1081
27,842
7,1050
12,556
23,62
23,102
23,253
9,1074
22,337
23,1054
23,400
13,520
13,492
23,559
23,344
16,179
16,197
22,596
23,419
23,89
23,923
23,712
23,901
23,255
23,641
23,323
23,489
23,594
23,294
23,828
23,91
23,373
16,823
23,414
10,525
23,227
23,26
23,167
23,1009
23,696
23,241
1,526
22,717
23,224
23,137
23,165
23,932
23,1022
23,902
23,391
23,716
30,93
23,244
23,274
23,911
24,251
23,1029
23,1014
23,640
22,762
23,512
22,618
23,706
23,926
23,807
23,1094
22,900
23,177
23,409
29,456
23,351
23,1027
23,415
23,632
23,574
30,32
26,264
23,617
23,338
23,96
23,18
23,819
23,1061
23,508
5,655
23,114
23,940
23,783
23,427
5,90
32,239
23,934
16,31
23,480
23,1075
23,644
23,847
23,17
23,273
23,288
23,455
23,81
23,950
23,383
17,235
23,611
23,265
23,304
30,48
23,319
23,1082
23,691
16,936
23,825
23,551
23,169
23,369
15,129
21,1102
31,1001
32,659
23,441
23,27
23,809
9,523
7,875
23,505
23,260
23,892
23,282
23,733
8,1052
23,161
5,424
5,586
24,44
23,626
23,461
24,284
23,451
23,52
23,397
23,379
23,136
23,198
23,518
23,5
24,984
23,213
23,925
23,324
32,37
16,120
23,10
30,938
31,725
23,370
23,608
23,107
16,268
23,740
9,600
23,326
23,897
23,674
20,111
23,463
31,810
23,572
22,888
23,110
23,84
19,229
24,616
16,625
23,271
23,775
23,728
30,1097
23,765
16,64
23,417
23,395
17,820
23,1070
31,567
9,760
23,628
31,39
5,1069
41,1085
23,954
31,142
23,477
23,905
23,746
23,1039
23,948
12,965
26,363
23,511
23,345
23,968
23,908
23,998
29,743
22,38
16,722
23,305
23,375
3,595
23,45
23,620
23,83
23,196
23,1083
23,123
23,540
23,779
23,355
26,336
23,24
23,412
23,591
23,832
23,961
23,139
23,739
23,981
23,831
23,844
23,639
3,509
23,877
23,710
23,851
23,841
23,648
13,581
23,487
23,257
23,560
23,1095
23,899
23,919
17,472
23,135
13,20
23,646
23,643
23,502
23,127
16,533
20,1112
23,817
23,721
26,989
37,876
21,619
23,1101
23,1028
23,986
23,475
23,770
23,951
18,16
23,979
23,519
19,813
23,840
24,669
23,124
23,598
23,860
23,723
23,185
2,806
23,889
23,1006
23,116
23,171
23,868
23,303
23,189
5,437
23,946
23,226
23,203
23,607
23,554
23,605
42,150
24,354
23,752
23,588
23,890
23,612
23,985
23,361
23,247
23,563
23,172
23,715
23,1004
23,962
23,1055
23,348
23,279
2,166
11,252
23,162
23,364
23,450
8,7
23,184
24,55
23,514
23,719
16,861
13,8
23,426
16,816
23,131
23,6
23,878
32,280
23,452
23,349
23,248
23,1002
23,207
23,1066
24,991
19,693
23,465
9,453
23,97
31,506
31,681
23,42
39,1019
16,388
23,434
23,601
22,949
23,67
23,215
23,447
23,1043
23,53
23,422
23,1109
38,838
23,684
23,176
23,335
23,219
23,766
9,745
23,622
23,21
23,1037
23,802
23,40
11,56
23,1059
23,231
23,804
23,1110
14,384
23,664
23,521
23,449
23,547
23,374
37,964
6,460
23,713
23,478
23,883
23,378
8,738
23,1060
23,190
23,734
23,731
23,884
23,128
23,701
5,665
23,654
23,1084
23,1103
23,317
23,201
23,724
15,597
23,356
23,621
23,700
22,313
23,54
23,66
24,751
23,615
23,996
23,141
23,218
23,1030
23,1063
23,1025
23,636
23,217
23,500
23,1038
23,187
22,486
36,871
31,501
23,277
23,697
23,481
23,666
23,2
23,474
19,537
23,864
23,473
23,237
23,14
23,1114
12,720
16,1079
23,705
23,1077
23,978
23,578
23,753
23,471
22,51
23,562
23,372
23,432
23,238
23,887
24,561
23,726
16,993
23,798
23,867
32,242
23,1032
23,638
3,658
23,698
23,791
24,729
23,47
22,340
23,469
23,650
23,942
23,663
23,206
23,1116
23,295
23,814
23,1065
23,1078
23,11
23,439
9,718
23,879
24,971
23,711
23,799
23,69
23,59
23,490
32,79
23,811
23,377
23,803
23,921
32,898
13,886
16,1117
23,467
3,963
23,100
23,736
26,246
32,837
23,350
23,408
23,999
23,534
24,1064
23,778
23,223
23,200
23,1034
23,423
23,365
23,393
23,756
23,115
23,1086
23,117
24,679
23,935
23,630
23,830
26,635
31,286
23,735
23,333
32,680
3,387
19,376
24,488
23,154
23,854
23,132
23,822
23,192
23,587
23,922
23,553
23,881
23,515
16,732
19,904
16,1115
23,25
23,104
23,707
23,670
30,331
23,1017
3,302
23,108
23,859
23,677
23,927
23,580
23,671
23,121
23,548
23,180
23,308
23,152
23,28
23,784
23,1031
23,865
23,557
30,531
23,793
11,77
23,222
23,65
23,558
24,915
21,910
23,1118
23,210
23,164
16,855
9,1105
19,744
35,549
11,421
23,977
