18,307
18,518
18,190
12,422
12,622
2,230
18,494
12,7
12,371
20,500
18,749
17,497
19,534
18,711
36,19
18,717
13,635
12,627
18,742
18,713
11,203
11,463
18,583
18,747
18,323
18,496
18,723
13,690
20,661
25,670
12,70
10,701
42,639
18,358
12,283
31,399
28,510
38,158
19,609
11,150
18,710
27,391
11,737
13,550
5,188
18,453
18,472
18,567
32,738
40,236
40,529
3,434
19,14
18,593
18,699
20,278
18,235
18,71
18,25
18,605
18,382
39,630
11,46
18,473
42,435
18,603
12,644
19,604
48,172
18,152
18,201
18,153
18,720
18,340
11,741
2,269
3,731
18,298
3,488
5,41
18,378
3,458
2,480
39,743
18,705
12,255
11,576
24,229
12,479
18,396
18,442
19,633
18,383
12,78
18,218
18,548
12,189
18,133
19,261
18,111
41,20
3,267
32,281
18,328
48,678
51,415
11,318
13,142
11,504
18,522
18,681
28,572
12,707
9,259
3,96
18,200
55,3
18,125
39,372
12,695
18,613
4,220
19,694
39,162
18,573
18,72
21,512
20,539
38,73
18,407
39,433
52,179
18,379
46,507
18,698
18,598
5,532
12,315
18,360
18,525
18,338
18,735
44,725
5,226
44,728
2,100
18,553
12,543
39,93
18,74
18,257
18,658
18,537
18,34
34,57
6,493
18,653
18,334
18,126
12,85
12,621
18,600
18,240
18,570
18,198
11,224
18,171
12,417
18,623
18,157
18,136
18,186
22,64
18,716
18,719
18,536
3,364
38,652
18,599
3,47
11,205
18,317
18,183
11,81
11,116
18,509
19,195
18,250
18,165
18,571
5,246
28,151
32,335
38,175
18,498
5,313
5,555
18,620
38,578
18,169
18,24
18,1
18,395
39,61
18,732
18,637
38,446
12,692
40,666
27,629
18,277
18,309
25,23
19,714
11,540
39,523
11,592
18,292
39,381
18,746
40,147
16,703
53,141
18,270
3,615
18,306
12,607
18,297
18,182
18,359
12,410
12,176
11,726
19,202
18,95
18,736
18,228
50,118
12,343
18,730
12,58
18,414
11,471
13,60
40,709
18,486
4,443
7,683
13,11
18,424
38,211
18,291
18,485
1,533
18,404
39,242
18,515
12,680
18,521
12,272
18,481
12,159
19,589
13,568
18,167
3,140
18,110
13,559
18,403
18,342
12,16
18,501
5,139
39,206
39,426
3,405
18,503
18,341
19,27
35,212
18,331
41,686
18,684
33,641
39,631
52,252
16,505
32,344
12,355
20,314
18,447
18,495
12,474
5,624
48,357
40,483
18,398
18,712
13,367
32,98
12,706
5,164
5,2
11,54
12,406
18,347
18,619
5,418
18,420
12,490
36,665
11,632
18,451
18,676
18,352
48,366
18,163
18,370
12,59
40,580
27,237
4,325
18,350
13,502
18,362
3,664
18,90
18,544
2,660
38,26
18,663
12,380
48,327
18,170
18,584
11,130
13,449
18,91
19,421
18,587
18,55
18,389
18,135
18,174
9,154
12,66
18,121
12,265
39,104
18,253
10,48
18,638
32,640
12,279
18,588
13,552
18,92
18,214
18,53
18,39
12,642
18,662
39,187
18,263
11,724
18,601
18,400
39,636
12,466
18,99
18,234
18,13
38,68
12,430
5,439
27,339
26,123
18,393
18,748
18,290
18,56
18,693
18,10
5,29
42,597
11,128
12,127
4,222
18,287
39,12
18,647
5,477
20,594
12,476
18,289
18,354
11,258
18,557
18,394
19,560
11,241
2,35
18,262
18,348
18,148
18,563
18,89
11,590
38,301
18,160
12,94
5,138
11,454
18,530
18,319
22,346
18,546
18,361
43,516
18,271
18,535
18,332
32,239
18,168
39,67
18,437
47,541
11,5
32,387
19,369
11,464
9,657
18,634
18,31
18,113
12,86
12,628
3,750
19,436
5,310
27,667
18,18
18,4
3,669
1,120
18,293
18,161
5,232
18,491
13,654
18,411
39,668
18,616
12,729
13,562
2,462
28,305
18,374
46,208
11,484
35,231
12,595
18,511
12,655
5,227
19,260
40,8
11,97
40,9
36,401
18,547
18,460
18,107
18,21
48,166
12,538
12,554
11,184
18,181
18,564
18,468
5,40
18,185
12,478
18,75
18,87
30,304
18,63
5,397
18,649
12,43
39,428
18,431
18,606
18,336
18,408
18,519
18,574
48,520
18,233
18,22
18,673
18,312
18,109
18,217
4,581
18,386
5,413
18,243
18,733
12,659
18,365
2,215
3,517
18,558
12,687
11,17
18,689
11,299
11,596
18,356
18,455
18,28
2,648
18,44
7,744
38,249
39,108
18,450
12,244
39,324
18,677
18,682
18,650
12,337
18,264
18,268
11,700
18,561
18,674
12,32
39,351
18,651
18,345
40,432
12,114
11,551
18,173
39,416
18,672
9,88
19,444
18,115
11,77
18,82
27,225
12,177
13,514
18,266
12,52
13,276
12,611
12,625
11,79
2,102
5,438
18,180
18,326
34,708
18,524
18,402
18,83
18,645
11,146
29,456
18,565
39,513
18,685
28,76
18,329
11,585
29,6
18,506
18,122
2,388
44,322
18,247
19,445
18,254
12,608
5,375
18,465
18,392
12,591
12,303
13,197
20,308
18,45
18,80
18,508
19,727
38,294
18,702
18,721
18,273
11,137
18,489
5,302
18,144
50,191
3,196
39,482
18,643
40,448
18,566
12,618
38,715
5,384
18,412
18,440
18,156
18,526
18,248
18,722
3,691
39,531
18,452
12,492
18,349
18,363
18,675
18,119
18,368
12,124
18,740
19,274
18,62
18,390
18,612
19,542
18,275
19,216
5,256
18,219
2,549
40,149
12,688
13,577
11,285
13,131
15,425
18,204
18,626
12,528
12,84
27,469
12,51
18,753
11,209
18,296
18,50
19,221
18,245
18,646
18,545
18,671
12,614
12,320
12,467
18,282
40,101
23,194
11,199
14,602
39,207
18,409
13,178
18,129
32,251
18,617
18,527
13,373
18,330
18,38
2,15
18,470
13,311
39,704
13,739
18,49
39,679
18,745
20,103
18,353
18,193
43,288
49,429
18,423
18,300
13,284
18,36
5,487
18,280
37,461
18,569
18,155
18,112
2,718
18,579
18,734
18,37
18,192
18,457
18,210
5,656
18,556
18,376
28,321
18,441
18,42
5,582
8,575
18,30
19,213
18,377
18,33
5,65
18,385
12,419
18,696
18,69
18,333
11,105
28,316
18,475
18,295
18,499
18,697
32,134
39,459
18,427
18,586
18,145
13,143
32,751
18,238
18,610
20,106
18,132
12,286
45,223
54,752
40,117
