3,13
4,442
3,83
3,295
1,248
3,271
3,92
9,108
7,202
3,63
3,249
3,117
3,504
3,393
3,561
3,321
3,499
3,211
3,156
3,115
3,490
3,180
9,178
15,472
15,562
1,522
3,198
3,389
3,199
3,443
8,146
4,96
3,39
3,125
15,18
3,151
15,290
3,330
3,87
3,33
3,148
3,200
3,195
3,101
15,19
3,560
3,59
15,300
9,568
3,56
3,571
9,564
3,325
3,419
3,15
3,139
3,501
3,174
3,299
3,261
3,528
3,536
3,401
5,279
3,44
3,276
3,143
3,489
3,109
3,418
3,291
3,349
14,386
3,40
3,530
6,238
3,46
3,545
3,467
3,245
8,404
3,244
3,378
3,29
3,67
1,252
3,274
3,574
3,89
9,516
5,293
3,327
3,283
3,533
5,119
3,370
15,458
3,68
3,88
15,465
3,285
3,227
5,331
3,50
15,7
4,237
5,557
3,303
3,317
3,449
3,144
3,339
9,188
3,537
3,413
3,3
3,230
12,166
3,394
15,155
15,20
4,372
3,240
15,366
3,203
3,583
3,513
3,11
15,487
15,258
3,269
3,579
3,322
10,414
3,53
15,152
9,556
15,255
3,131
7,243
3,420
3,368
3,221
3,428
15,553
3,316
15,491
3,278
10,65
3,286
3,55
3,233
3,78
3,215
3,205
3,254
17,409
3,532
9,494
4,69
3,51
13,448
3,423
3,266
3,512
3,567
15,481
3,171
3,326
3,460
3,34
15,228
5,466
3,391
15,430
15,94
15,196
3,14
1,62
3,367
15,85
5,114
1,190
1,297
3,566
3,197
3,492
3,546
3,432
3,17
15,505
15,98
9,153
9,441
3,488
3,426
3,82
3,123
3,523
3,559
15,102
3,577
3,425
6,187
3,485
3,270
3,439
5,495
3,581
16,400
3,476
5,586
15,582
3,515
3,79
1,507
3,236
3,584
2,585
3,410
3,306
5,218
3,304
3,38
5,264
15,578
3,496
3,21
4,74
3,379
3,84
5,315
3,344
10,207
3,61
3,360
3,161
3,540
3,555
3,334
15,453
15,93
3,470
3,422
3,259
3,329
3,445
3,30
3,12
3,47
3,10
3,455
9,575
3,169
3,75
3,164
5,484
3,345
3,314
3,347
3,301
2,373
3,446
3,380
15,570
3,362
3,313
3,294
3,355
3,337
3,231
5,58
3,142
3,440
3,22
3,563
6,569
3,526
3,268
15,165
9,376
3,214
3,28
5,60
3,552
3,424
3,220
15,408
17,57
3,1
3,310
3,309
3,308
3,551
3,403
15,333
3,128
15,451
3,377
3,381
3,421
1,77
3,27
3,209
2,6
3,104
2,371
3,170
3,311
3,267
3,127
3,292
3,256
3,474
3,412
3,186
3,235
10,54
15,398
3,239
3,547
3,99
1,110
5,572
3,287
3,340
3,66
3,223
3,135
3,396
3,41
15,116
3,411
3,438
3,111
8,189
3,541
3,224
3,250
3,42
15,415
15,479
3,549
3,454
3,168
3,36
3,358
10,80
3,346
11,141
15,539
17,406
3,511
15,43
3,217
3,356
15,70
3,246
12,126
3,353
14,529
3,112
15,150
15,343
1,500
3,508
3,335
3,133
6,71
3,282
3,417
3,473
3,320
15,247
15,514
3,72
3,431
3,427
3,405
3,4
3,206
6,260
1,390
1,16
7,273
3,338
8,154
12,185
3,464
3,395
3,475
14,163
3,263
3,312
3,328
3,251
1,158
3,275
15,132
3,565
3,219
15,307
3,305
3,262
3,32
3,122
14,2
3,229
3,160
3,502
3,558
3,573
3,456
3,106
3,26
5,383
3,365
3,216
3,517
3,503
3,397
3,384
3,86
3,534
3,5
3,184
3,435
3,302
14,554
3,323
3,183
3,179
15,64
15,542
1,208
8,103
15,95
3,548
3,225
3,212
3,461
3,91
3,182
15,284
3,232
3,173
14,107
3,531
3,222
14,521
3,518
8,416
3,272
3,324
3,257
4,277
6,525
3,76
15,369
3,480
5,457
8,204
15,382
3,520
3,49
3,8
3,497
15,543
14,527
3,52
9,253
3,23
3,281
3,471
3,90
3,509
15,538
15,137
3,113
6,159
3,193
18,194
7,348
3,149
3,134
7,234
3,318
3,462
3,506
3,580
3,436
3,336
15,452
3,31
3,81
3,387
9,140
16,9
3,385
3,483
3,486
4,350
1,130
3,177
3,341
8,576
3,433
3,129
9,288
14,524
3,181
3,176
3,437
3,399
3,296
3,588
1,544
5,191
15,121
6,48
5,138
3,24
3,434
15,374
6,37
3,535
9,100
3,550
3,444
3,136
5,459
3,478
3,468
1,105
15,145
3,351
3,167
9,35
3,242
3,147
3,357
5,519
9,280
15,298
3,192
3,332
3,342
5,463
3,241
15,363
3,124
3,375
3,25
1,265
3,213
3,226
3,493
4,402
3,201
3,175
3,45
3,120
3,172
3,319
3,477
3,354
3,97
3,364
3,407
3,510
3,73
3,429
4,469
3,447
3,361
15,450
3,392
3,359
3,118
8,388
3,162
3,352
3,289
3,157
3,210
3,498
19,482
15,587
