3,13
4,442
3,83
3,295
1,248
3,271
3,92
13,108
8,202
3,63
3,249
3,117
3,504
3,393
3,561
3,321
3,499
3,211
3,156
3,115
3,490
3,180
12,178
20,472
20,562
1,522
3,198
3,389
3,199
3,443
11,146
4,96
3,39
3,125
20,18
3,151
20,290
3,330
3,87
3,33
3,148
3,200
3,195
3,101
20,19
3,560
3,59
20,300
13,568
3,56
3,571
13,564
3,325
3,419
3,15
3,139
3,501
3,174
3,299
3,261
3,528
3,536
3,401
5,279
3,44
3,276
3,143
3,489
3,109
3,418
3,291
3,349
19,386
3,40
3,530
7,238
3,46
3,545
3,467
3,245
11,404
3,244
3,378
3,29
3,67
1,252
3,274
3,574
3,89
12,516
5,293
3,327
3,283
3,533
5,119
3,370
21,458
3,68
3,88
20,465
3,285
3,227
5,331
3,50
20,7
4,237
5,557
3,303
3,317
3,449
3,144
3,339
14,188
3,537
3,413
3,3
3,230
17,166
3,394
20,155
20,20
4,372
3,240
20,366
3,203
3,583
3,513
3,11
20,487
20,258
3,269
3,579
3,322
15,414
3,53
20,152
14,556
20,255
3,131
8,243
3,420
3,368
3,221
3,428
20,553
3,316
20,491
3,278
15,65
3,286
3,55
3,233
3,78
3,215
3,205
3,254
23,409
3,532
14,494
4,69
3,51
18,448
3,423
3,266
3,512
3,567
20,481
3,171
3,326
3,460
3,34
20,228
5,466
3,391
20,430
20,94
20,196
3,14
1,62
3,367
20,85
5,114
1,190
1,297
3,566
3,197
3,492
3,546
3,432
3,17
20,505
20,98
14,153
14,441
3,488
3,426
3,82
3,123
3,523
3,559
20,102
3,577
3,425
7,187
3,485
3,270
3,439
5,495
3,581
22,400
3,476
5,586
20,582
3,515
3,79
1,507
3,236
3,584
2,585
3,410
3,306
6,218
3,304
3,38
5,264
20,578
3,496
3,21
4,74
3,379
3,84
5,315
3,344
15,207
3,61
3,360
3,161
3,540
3,555
3,334
20,453
20,93
3,470
3,422
3,259
3,329
3,445
3,30
3,12
3,47
3,10
3,455
13,575
3,169
3,75
3,164
6,484
3,345
3,314
3,347
3,301
2,373
3,446
3,380
20,570
3,362
3,313
3,294
3,355
3,337
3,231
6,58
3,142
3,440
3,22
3,563
7,569
3,526
3,268
20,165
12,376
3,214
3,28
5,60
3,552
3,424
3,220
20,408
23,57
3,1
3,310
3,309
3,308
3,551
3,403
20,333
3,128
20,451
3,377
3,381
3,421
1,77
3,27
3,209
2,6
3,104
2,371
3,170
3,311
3,267
3,127
3,292
3,256
3,474
3,412
3,186
3,235
15,54
20,398
3,239
3,547
3,99
1,110
6,572
3,287
3,340
3,66
3,223
3,135
3,396
3,41
20,116
3,411
3,438
3,111
10,189
3,541
3,224
3,250
3,42
20,415
20,479
3,549
3,454
3,168
3,36
3,358
15,80
3,346
16,141
20,539
23,406
3,511
21,43
3,217
3,356
20,70
3,246
17,126
3,353
19,529
3,112
20,150
21,343
1,500
3,508
3,335
3,133
7,71
3,282
3,417
3,473
3,320
20,247
20,514
3,72
3,431
3,427
3,405
3,4
3,206
7,260
1,390
1,16
8,273
3,338
11,154
17,185
3,464
3,395
3,475
19,163
3,263
3,312
3,328
3,251
1,158
3,275
20,132
3,565
3,219
20,307
3,305
3,262
3,32
3,122
19,2
3,229
3,160
3,502
3,558
3,573
3,456
3,106
3,26
6,383
3,365
3,216
3,517
3,503
3,397
3,384
3,86
3,534
3,5
3,184
3,435
3,302
19,554
3,323
3,183
3,179
20,64
20,542
1,208
10,103
20,95
3,548
3,225
3,212
3,461
3,91
3,182
20,284
3,232
3,173
19,107
3,531
3,222
19,521
3,518
10,416
3,272
3,324
3,257
4,277
7,525
3,76
20,369
3,480
5,457
10,204
20,382
3,520
3,49
3,8
3,497
20,543
19,527
3,52
12,253
3,23
3,281
3,471
3,90
3,509
20,538
20,137
3,113
7,159
3,193
24,194
9,348
3,149
3,134
9,234
3,318
3,462
3,506
3,580
3,436
3,336
20,452
3,31
3,81
3,387
13,140
22,9
3,385
3,483
3,486
4,350
1,130
3,177
3,341
10,576
3,433
3,129
14,288
19,524
3,181
3,176
3,437
3,399
3,296
3,588
1,544
6,191
20,121
7,48
6,138
3,24
3,434
20,374
7,37
3,535
13,100
3,550
3,444
3,136
6,459
3,478
3,468
1,105
20,145
3,351
3,167
14,35
3,242
3,147
3,357
5,519
13,280
20,298
3,192
3,332
3,342
5,463
3,241
20,363
3,124
3,375
3,25
1,265
3,213
3,226
3,493
4,402
3,201
3,175
3,45
3,120
3,172
3,319
3,477
3,354
3,97
3,364
3,407
3,510
3,73
3,429
4,469
3,447
3,361
20,450
3,392
3,359
3,118
10,388
3,162
3,352
3,289
3,157
3,210
3,498
25,482
20,587
