30,564
111,532
111,151
111,452
111,372
80,475
50,422
111,539
82,476
168,88
174,593
111,210
111,507
109,78
38,596
111,65
111,509
156,220
82,99
82,165
95,279
111,84
111,196
90,310
169,406
111,521
167,296
116,12
111,79
111,407
107,16
125,303
111,558
113,23
111,625
27,392
82,340
171,4
105,216
182,365
7,209
12,515
111,56
111,437
111,562
111,234
168,120
46,546
176,627
48,351
111,495
106,371
111,529
48,344
63,395
111,439
111,145
105,149
22,277
31,519
30,482
32,161
86,300
154,366
111,110
111,584
93,606
109,187
111,350
138,294
76,308
25,53
30,347
117,283
89,43
152,213
166,607
111,360
111,173
125,223
111,465
111,45
108,585
111,413
111,536
80,218
14,158
111,321
111,200
82,621
30,569
111,81
122,224
155,111
123,66
139,493
111,114
164,46
111,178
170,212
134,113
154,487
62,469
105,89
81,115
159,13
132,135
105,333
173,8
111,500
111,597
78,97
111,555
111,228
111,592
98,44
111,280
96,622
71,603
111,5
3,259
176,570
42,57
54,619
30,22
149,17
113,510
135,3
106,561
151,69
127,324
32,260
42,553
72,383
111,281
111,291
113,82
34,26
32,479
6,602
136,342
179,315
25,85
42,363
111,236
132,30
13,498
160,29
111,225
107,524
111,313
17,468
56,573
184,198
120,626
115,444
95,580
111,238
127,335
110,533
111,289
75,176
104,586
33,245
111,591
32,249
113,471
111,599
1,168
3,620
32,33
107,528
111,282
49,401
32,192
111,269
142,35
111,51
170,2
53,298
76,136
61,214
99,385
87,560
71,359
34,292
111,615
65,484
30,550
155,257
45,480
111,429
122,556
52,92
13,425
111,117
30,409
111,322
88,554
111,472
24,450
113,445
30,514
170,325
64,263
92,217
137,527
91,68
111,604
111,440
76,14
111,160
111,104
111,587
101,577
111,456
112,108
111,631
172,448
111,629
141,618
122,301
111,581
111,39
111,497
82,58
30,364
111,397
80,163
2,424
113,458
31,339
62,382
111,150
30,361
111,31
26,457
111,540
85,582
158,567
9,172
78,490
47,434
3,83
111,253
50,346
82,415
80,129
111,511
122,52
1,594
3,167
106,202
84,34
23,137
3,605
111,231
74,127
111,600
111,537
116,410
140,544
112,288
121,116
71,305
80,183
143,215
30,595
111,338
69,156
124,508
127,157
35,21
83,118
82,461
13,67
111,75
82,624
111,24
111,428
111,199
111,208
111,206
164,502
87,28
122,261
77,74
114,278
111,19
125,247
111,394
111,90
61,20
111,473
74,9
111,489
18,275
111,37
79,226
111,357
105,6
177,229
111,266
28,248
97,86
119,504
163,105
111,571
169,242
111,112
78,417
127,311
111,299
70,254
111,274
175,535
32,181
19,464
87,211
3,71
111,370
111,393
36,513
111,408
112,389
30,486
10,334
159,287
18,239
165,427
24,184
3,285
111,319
77,63
111,566
164,387
162,551
102,542
103,270
111,447
48,531
111,314
33,265
111,185
15,119
106,134
111,549
162,380
158,295
111,258
111,162
1,193
183,250
30,286
30,430
35,93
82,572
51,222
111,95
111,377
107,271
19,155
111,412
104,264
111,272
111,462
43,557
63,159
8,131
76,312
111,80
111,32
12,290
37,390
118,579
13,306
124,375
3,608
178,388
74,496
48,146
103,107
111,399
32,207
111,518
3,70
86,96
129,101
77,559
126,128
44,141
111,177
76,221
82,262
111,609
155,474
104,267
58,483
133,543
21,188
111,354
1,491
23,1
147,268
61,189
111,326
111,416
76,598
111,197
113,73
177,235
120,125
111,203
41,435
106,227
30,494
78,61
33,91
32,355
160,304
28,530
111,545
47,421
104,526
111,132
157,432
87,588
88,139
111,610
122,523
153,438
32,171
59,481
107,419
30,166
61,384
111,317
32,62
111,175
109,60
61,232
174,630
60,343
111,454
111,418
155,449
67,164
105,186
33,138
111,520
183,201
111,331
178,72
33,143
18,403
105,255
107,576
103,237
63,517
169,36
94,273
127,356
148,616
76,323
111,15
169,374
161,485
111,601
111,613
3,414
111,362
111,318
82,522
144,455
111,329
111,297
22,506
150,512
111,400
111,59
32,477
111,345
145,501
111,568
39,152
77,195
111,376
3,147
82,276
107,42
30,373
175,87
111,628
30,293
111,534
131,525
105,611
111,552
57,405
111,590
15,182
116,436
60,441
81,443
3,503
21,433
111,398
115,368
111,55
111,459
106,233
21,103
76,617
111,124
111,538
11,153
27,499
137,205
111,180
24,194
111,50
20,341
32,54
111,381
61,423
29,243
109,548
111,174
111,246
28,7
67,358
111,133
111,123
61,144
76,367
111,191
113,391
55,48
111,505
107,332
175,488
68,121
66,386
113,320
28,170
111,252
157,589
47,256
73,378
111,470
68,244
61,402
111,251
111,352
111,169
111,230
127,632
111,369
134,41
111,140
111,612
111,327
176,241
111,516
166,49
86,122
107,563
16,541
111,492
111,316
78,302
122,411
111,11
146,442
173,623
23,575
105,109
181,219
128,614
111,204
105,100
107,179
163,38
111,460
111,25
111,466
105,309
32,47
3,10
61,578
111,633
111,40
111,379
106,453
100,142
111,77
111,565
30,27
111,353
113,451
40,154
111,148
111,420
109,328
113,106
111,467
111,349
130,240
140,426
32,547
61,583
5,307
40,337
172,348
111,284
35,98
54,336
105,330
111,94
111,396
111,446
111,190
173,64
89,102
111,18
111,126
111,463
14,478
105,76
31,130
105,431
4,404
180,574
