7,798
7,410
6,575
7,901
4,705
7,80
7,580
7,884
7,29
7,451
7,572
7,85
7,22
1,985
7,547
7,816
7,161
1,914
7,234
8,927
7,204
7,242
1,296
7,301
1,1036
7,746
7,1074
7,656
7,393
8,883
8,512
7,791
1,802
7,843
1,254
8,356
7,114
7,1014
7,544
7,413
7,961
7,730
7,594
7,69
7,817
7,428
1,767
7,1065
7,850
1,76
7,760
7,935
7,644
7,374
7,881
7,576
7,989
7,754
7,68
7,229
7,695
3,239
2,1018
7,943
1,632
7,260
1,1062
7,861
7,655
7,1063
7,972
7,1081
7,498
7,951
7,763
7,991
7,846
7,782
5,723
7,444
7,625
7,494
5,419
1,72
7,115
1,677
7,24
7,209
1,238
7,837
7,476
7,178
7,380
7,1000
2,1075
7,939
7,287
7,667
7,578
7,27
7,262
7,762
7,128
8,790
7,528
7,1033
7,364
1,622
7,740
7,557
7,771
7,758
8,345
7,327
7,593
7,968
7,471
7,425
7,437
1,32
7,608
7,495
7,944
7,1048
7,360
7,98
8,43
7,252
7,922
7,71
7,744
7,707
7,688
7,661
1,282
2,866
7,328
7,863
7,905
7,423
8,375
7,320
7,138
7,45
7,454
8,1071
7,830
7,398
7,196
7,946
1,506
7,774
7,959
7,882
7,155
7,603
7,911
7,10
7,501
7,394
7,118
7,776
7,783
7,1020
7,106
1,480
7,674
7,1029
7,1061
7,854
7,497
7,979
7,162
7,713
7,827
7,847
7,696
7,1017
7,1013
7,650
7,8
7,250
7,399
7,913
7,187
7,335
7,152
7,909
7,182
7,39
1,230
1,122
7,245
7,490
7,317
7,452
7,6
7,321
8,134
7,848
7,435
7,1050
1,964
7,1021
7,348
7,651
1,469
7,525
7,875
8,334
7,443
7,460
7,933
1,940
7,565
2,589
1,1042
7,606
7,7
7,404
7,967
8,1077
8,676
7,34
7,163
8,395
1,521
7,958
7,315
7,897
7,896
7,121
1,353
7,279
7,825
7,396
7,388
7,426
7,996
7,742
7,1022
7,90
7,862
7,669
7,73
7,639
7,401
7,188
8,636
7,948
7,144
7,379
7,206
7,212
7,418
1,251
7,954
7,1047
7,201
7,607
7,167
7,824
7,546
7,835
7,947
7,489
7,869
7,125
7,44
7,259
7,941
2,778
7,132
8,145
7,801
7,183
7,59
7,965
7,293
7,716
7,482
7,635
7,366
1,37
7,851
7,793
7,343
8,175
7,450
1,342
7,765
7,173
7,785
7,277
7,720
7,936
7,690
8,659
2,826
7,246
7,4
7,446
2,809
7,302
7,524
7,448
7,432
7,1010
7,916
7,478
7,496
1,97
7,1034
7,995
7,624
7,605
7,683
7,743
7,484
7,441
7,769
5,852
9,468
1,717
8,642
7,1044
7,945
7,48
7,314
7,646
1,463
1,149
7,545
7,714
7,235
7,590
1,92
7,810
1,54
1,626
7,858
7,592
7,1002
7,813
7,554
7,285
2,1009
7,596
7,617
8,409
7,295
7,1058
7,955
7,523
2,671
7,1060
1,1043
7,581
7,703
7,849
1,224
7,853
7,819
7,618
8,179
7,459
1,520
1,583
7,892
7,726
7,1027
7,281
7,595
7,534
7,58
7,770
8,363
8,57
7,615
7,530
7,840
1,877
7,267
7,406
7,369
7,103
7,719
7,159
7,263
2,807
1,795
7,329
7,215
7,445
7,70
7,491
7,283
7,96
7,436
7,893
7,91
1,225
7,449
7,220
7,153
7,918
7,833
7,508
7,112
7,535
7,814
7,99
7,156
7,1032
7,258
7,976
7,424
7,300
7,888
1,1041
2,341
7,143
7,573
7,13
7,371
7,297
7,993
7,66
7,680
1,682
7,1008
7,1056
7,292
7,202
7,732
7,868
7,1028
7,307
7,319
7,666
7,427
7,81
7,42
7,313
7,461
7,243
7,376
7,19
7,75
7,1007
7,241
7,597
7,310
7,147
7,195
7,473
7,929
1,555
7,74
7,1003
7,221
7,502
7,176
7,291
7,124
7,942
7,53
7,172
7,55
7,756
7,867
7,169
7,109
7,2
7,160
7,381
7,988
7,872
8,697
7,370
7,1066
7,586
7,174
7,815
7,963
7,526
2,540
7,962
7,982
7,969
7,462
1,731
7,515
7,17
7,519
7,588
7,569
7,1052
1,417
7,483
7,51
7,384
1,477
7,999
8,1030
7,784
1,433
7,591
8,336
7,392
1,834
7,40
7,548
1,908
7,289
8,702
1,1069
7,467
7,558
7,653
7,986
7,701
7,957
7,131
7,386
7,93
7,383
7,704
8,937
7,60
1,749
7,248
7,992
7,998
7,275
8,488
7,823
7,748
1,930
7,974
7,414
8,1070
7,637
7,148
7,518
7,1083
7,11
7,692
7,829
1,745
7,77
7,165
7,208
7,582
7,1076
7,407
7,268
7,910
1,629
1,538
1,100
7,41
1,500
8,1053
7,902
7,403
7,271
8,777
7,422
1,318
7,647
7,752
7,627
1,116
7,21
7,665
7,197
7,878
7,26
7,266
7,184
7,228
7,130
7,796
7,442
7,198
8,158
7,859
7,193
7,686
7,983
7,755
7,549
7,338
7,634
7,111
7,567
7,264
7,200
1,984
3,280
7,465
7,724
1,133
7,373
7,779
7,429
7,455
7,738
1,129
8,753
8,658
1,1049
1,269
7,657
7,678
7,137
7,94
8,1051
7,180
1,973
7,923
6,168
7,82
7,672
7,1072
7,831
7,464
7,856
8,880
7,305
7,1045
7,64
7,747
7,126
7,344
7,185
2,52
7,602
7,537
7,49
7,211
7,949
7,640
8,257
7,938
7,800
1,1067
8,308
7,276
7,150
8,551
7,255
1,270
7,855
7,599
7,541
7,190
7,247
8,781
7,1078
1,351
1,294
7,231
7,950
7,38
7,710
1,1019
7,15
3,359
7,358
7,773
7,527
7,16
1,170
7,140
7,123
7,101
1,177
7,171
7,362
7,400
7,1057
7,533
7,934
7,470
1,1079
7,750
5,387
7,352
7,466
7,522
1,620
2,46
7,194
7,416
7,891
7,504
7,1035
8,1068
7,681
7,553
7,485
7,253
7,456
8,1055
7,566
7,61
7,1054
7,1024
1,142
1,797
7,994
7,664
2,926
7,408
7,330
1,899
7,727
7,735
1,864
7,439
7,997
7,431
1,405
7,218
7,457
7,1037
7,1
7,273
7,139
7,412
7,481
1,56
7,236
7,237
1,552
7,513
8,691
7,306
1,205
7,309
7,87
7,88
7,1011
7,598
7,873
7,286
7,1039
7,219
8,510
7,453
7,186
7,240
7,349
7,438
7,385
7,631
1,736
7,440
1,768
7,493
7,316
7,584
7,346
7,698
7,894
7,102
7,189
7,772
7,1073
7,571
7,107
7,643
1,641
7,472
7,105
7,486
7,684
1,154
7,722
7,213
7,885
7,556
7,562
7,434
1,1031
7,585
2,326
7,244
7,609
3,924
7,903
7,12
7,164
7,577
7,633
7,1004
6,981
7,261
7,119
7,708
1,895
1,766
8,532
1,729
7,311
7,415
7,117
7,733
8,181
6,304
7,786
7,265
7,990
7,1064
7,411
1,232
7,28
1,110
1,728
8,1026
7,157
7,397
7,966
7,9
7,616
8,579
7,764
7,685
7,372
8,673
7,333
7,757
7,915
1,876
7,808
1,628
8,709
7,354
1,475
8,917
7,699
1,78
1,919
7,890
7,389
7,932
7,474
7,447
7,794
7,278
7,543
7,788
7,887
7,223
8,210
7,564
7,274
1,325
7,1001
7,842
7,199
7,660
1,706
7,127
7,612
7,652
7,805
2,1040
1,529
7,839
7,113
8,536
7,645
7,249
7,479
7,298
1,751
7,288
7,30
7,222
7,365
7,509
7,104
1,700
7,630
7,822
1,141
7,828
7,587
7,505
7,619
7,977
7,378
7,832
7,811
1,611
7,874
8,568
7,146
7,920
7,542
1,350
7,857
8,516
1,1059
7,900
7,20
7,649
7,31
1,931
7,739
7,377
7,906
7,1046
7,226
7,36
7,928
8,323
1,970
7,83
7,322
7,689
1,79
7,1015
7,799
8,623
7,812
7,3
8,956
7,5
7,514
7,820
7,980
7,610
7,721
7,761
7,860
7,550
7,33
7,560
7,780
7,718
7,1023
7,1080
7,836
7,675
7,382
7,663
7,886
1,18
1,391
7,337
7,987
4,492
7,821
7,1006
7,865
1,804
7,203
7,838
7,725
7,1038
7,613
7,67
7,1025
7,889
7,507
5,65
2,207
7,531
7,357
7,662
1,25
7,693
8,559
1,898
7,499
1,368
7,47
7,654
7,14
7,50
7,539
7,84
1,503
7,904
7,570
7,679
7,759
7,1005
7,324
7,430
7,648
7,561
7,135
7,191
7,563
7,340
8,960
7,806
7,621
7,1012
1,687
1,953
7,952
7,284
7,458
7,89
7,331
1,737
7,604
7,290
5,233
1,23
7,120
7,339
7,35
7,978
7,367
7,775
1,420
7,841
1,668
7,574
7,818
7,511
7,925
7,332
7,151
7,256
7,871
7,907
7,844
7,741
7,734
1,712
7,312
8,803
7,600
7,845
7,227
7,787
7,86
8,108
7,975
7,192
7,214
7,614
7,921
7,517
7,1016
7,402
7,912
7,217
7,166
7,1082
8,879
7,361
7,711
7,303
7,390
7,715
7,272
7,638
7,487
7,694
7,355
7,421
7,136
7,971
7,63
7,347
7,299
7,789
7,870
7,95
7,216
1,601
7,670
1,792
7,62
