5,50
9,293
5,579
5,100
5,701
9,607
5,264
9,587
5,525
6,128
5,688
3,545
9,663
5,99
5,245
5,19
5,294
14,574
5,676
5,185
12,308
5,523
5,632
5,239
5,590
6,123
9,356
14,665
16,389
9,130
5,698
5,555
5,639
5,337
5,442
15,320
15,67
5,338
10,23
11,76
5,168
5,227
5,329
5,105
5,679
5,418
15,692
4,388
5,289
5,54
15,146
9,524
3,491
5,385
5,396
5,612
5,154
5,435
5,155
9,699
5,591
5,458
5,381
4,284
9,296
3,554
5,420
9,61
5,498
5,97
5,374
5,642
9,58
9,156
9,530
5,536
4,118
11,459
4,392
5,478
4,474
5,110
9,626
5,553
16,275
5,589
5,397
5,304
5,288
5,428
5,602
5,34
5,666
5,286
5,497
9,7
5,162
17,229
5,522
5,519
9,283
5,425
12,208
17,176
5,278
5,166
5,684
9,125
5,126
5,266
5,473
5,334
5,22
3,623
5,20
5,363
12,38
5,41
10,343
5,492
5,421
9,69
5,453
5,470
5,14
5,82
5,187
5,219
6,494
5,496
9,371
18,313
10,70
17,234
5,189
9,661
10,465
5,350
5,572
5,355
14,159
5,624
1,391
6,596
5,431
5,615
6,89
9,167
13,71
10,62
5,565
4,113
5,311
5,611
5,315
5,25
17,317
9,307
5,55
7,613
5,647
5,490
13,621
5,346
5,508
5,655
5,95
5,387
5,237
17,297
15,449
5,164
4,506
5,680
4,357
5,232
5,594
5,566
9,87
16,592
5,645
9,520
5,4
5,265
5,700
9,556
5,410
10,322
5,694
13,91
10,436
10,196
5,599
6,486
5,345
5,367
5,401
9,316
5,72
4,178
17,548
5,544
5,443
5,165
10,249
5,80
5,390
5,600
9,648
5,16
9,45
9,353
15,603
5,298
9,511
4,468
5,549
5,636
5,593
5,1
9,261
17,259
10,244
5,92
5,177
5,204
5,220
5,33
5,90
9,183
5,416
5,145
3,121
5,31
16,9
5,618
5,617
9,695
5,448
14,135
3,231
9,86
9,383
5,115
5,217
5,228
9,408
18,5
5,207
5,472
5,106
5,609
2,446
5,24
5,483
10,475
6,558
3,669
5,255
5,675
5,580
5,140
15,378
5,181
5,672
5,269
12,439
5,199
5,291
10,323
14,112
17,399
10,505
5,570
5,93
5,335
4,246
5,84
5,450
14,664
10,429
10,94
5,107
5,463
10,649
5,499
15,405
5,127
5,557
5,274
5,562
5,225
5,153
5,460
4,414
5,424
5,627
5,678
13,268
4,197
12,584
15,57
4,224
5,214
9,481
10,109
5,46
5,142
5,454
13,479
5,309
9,512
5,111
5,605
5,502
5,32
5,641
14,375
8,359
5,210
9,124
5,659
5,422
6,364
6,569
9,373
16,441
9,690
5,601
15,488
5,537
4,348
9,559
5,638
5,411
4,250
5,35
5,314
9,290
14,63
9,689
14,331
5,413
5,417
5,361
5,11
4,292
5,276
10,172
5,404
9,252
5,509
5,169
9,151
5,139
5,660
5,120
10,43
5,527
5,466
5,193
12,195
5,682
5,515
9,260
10,218
5,203
3,251
7,138
5,17
5,640
9,487
5,262
5,254
5,59
9,161
13,696
5,44
3,236
9,542
5,202
9,42
5,471
10,226
5,622
5,577
5,88
5,610
5,102
5,206
5,567
5,3
16,386
9,543
12,528
5,685
5,534
5,504
5,691
15,500
5,56
9,116
4,370
5,49
5,625
4,174
10,437
5,352
9,344
5,551
5,631
4,184
5,398
5,279
6,576
5,620
5,634
5,461
10,438
5,15
5,360
5,464
4,257
5,564
5,144
9,194
9,325
5,415
5,324
10,26
5,10
17,129
16,635
14,147
5,646
5,552
5,160
5,369
5,604
17,469
5,477
5,445
5,319
10,175
7,152
5,546
4,173
5,64
5,81
5,48
9,568
10,79
5,295
5,277
14,303
9,216
9,526
5,462
5,200
5,412
5,485
4,550
5,332
6,403
5,347
5,582
9,670
5,517
7,616
5,447
5,300
5,423
5,77
5,336
5,687
3,697
7,406
5,12
5,476
9,541
5,53
9,595
5,258
9,532
4,529
5,368
5,241
5,114
14,66
5,588
5,379
5,233
14,83
5,158
9,484
5,339
5,73
5,382
5,535
5,230
9,122
5,305
9,563
5,221
5,341
5,575
14,136
5,2
5,597
14,394
5,211
5,674
16,215
9,212
5,533
17,52
4,328
13,677
5,656
5,457
10,209
5,13
5,326
5,501
5,60
4,179
5,333
5,662
3,182
5,238
14,578
3,426
9,27
5,456
9,30
5,547
5,451
9,585
10,409
13,321
3,312
5,242
5,514
5,65
5,380
4,637
9,652
5,619
5,651
4,372
5,614
7,608
5,351
5,75
5,74
5,653
5,427
5,96
5,186
14,247
10,538
5,480
9,482
6,68
5,503
5,650
5,131
4,101
5,376
5,495
15,365
5,198
11,583
5,6
9,693
5,243
5,108
9,354
5,467
5,402
14,148
4,8
9,349
5,561
9,430
13,657
5,539
3,444
5,133
5,281
5,273
5,407
5,191
5,384
3,119
5,192
9,282
10,366
5,419
5,39
5,285
5,673
5,598
7,188
5,452
13,270
5,205
9,306
5,521
5,668
5,223
5,137
5,256
9,358
5,150
4,573
5,40
5,78
9,493
5,507
5,240
5,581
5,681
5,489
5,510
5,531
5,18
18,560
13,141
17,434
5,342
5,28
17,271
5,318
6,340
5,280
9,455
5,163
5,540
5,586
5,310
5,149
15,654
16,190
5,629
7,299
5,606
5,377
5,518
9,667
9,395
9,301
9,267
13,21
5,683
9,362
10,117
17,103
5,400
5,213
5,330
9,263
5,36
5,643
5,47
5,171
12,302
10,37
5,571
4,287
18,51
5,686
10,432
9,157
5,134
5,440
9,201
5,104
5,630
5,516
14,633
5,272
12,170
5,98
5,222
15,658
4,180
5,85
5,393
5,235
5,327
5,644
9,433
5,703
5,513
5,29
4,628
5,671
5,132
5,248
5,143
1,702
16,253
