7,876
36,323
7,808
7,836
7,109
7,992
7,40
18,214
7,320
7,216
24,554
7,32
7,434
7,68
7,447
7,117
7,957
7,664
24,645
7,1032
7,427
7,668
7,340
24,888
7,505
7,342
27,170
7,360
7,330
7,891
7,287
7,1063
24,278
7,970
7,913
7,682
7,972
7,654
7,243
7,419
7,266
7,141
7,739
7,828
1,319
7,380
7,501
7,916
7,293
7,908
24,968
7,364
24,1076
7,658
7,730
7,47
7,306
20,571
7,722
7,296
7,871
7,446
27,387
7,77
14,963
7,366
7,1056
7,1089
7,173
7,971
7,846
7,678
7,897
16,816
7,1017
24,939
7,308
33,561
1,921
7,202
7,748
7,17
7,583
7,70
7,404
7,529
7,1009
7,852
7,787
7,1000
7,414
24,85
7,494
24,98
24,814
7,585
7,378
7,185
7,488
18,254
16,316
7,261
7,1012
7,149
18,745
10,262
7,524
24,268
7,270
7,448
24,339
24,207
7,646
21,450
7,934
16,178
7,684
7,399
16,28
7,99
24,917
7,246
24,784
7,1027
18,406
7,424
7,652
24,482
18,914
7,1030
7,826
7,827
7,245
7,12
7,299
7,562
7,423
7,283
24,203
7,525
7,769
7,979
7,647
7,159
24,783
7,998
7,679
18,29
7,721
7,73
7,560
7,800
2,744
7,749
7,142
7,81
7,1052
7,1072
7,703
24,490
18,620
7,631
24,1037
7,956
7,1008
7,1071
7,162
7,210
7,523
7,305
7,38
7,499
7,535
7,55
7,1069
29,747
7,1088
7,1082
7,929
7,1
15,742
7,23
7,536
7,579
7,187
7,297
7,750
7,39
7,157
7,215
7,115
7,756
7,665
7,978
24,983
8,773
7,75
16,1059
7,697
7,41
7,303
7,568
7,1002
7,941
7,660
7,731
7,107
7,417
18,875
7,186
7,1084
24,1020
7,411
7,812
7,223
7,97
7,96
18,442
16,588
7,355
7,151
28,251
7,344
7,405
3,902
7,1014
18,623
7,946
16,779
7,233
24,926
7,767
7,5
24,509
7,774
7,889
7,644
7,72
7,666
7,880
7,272
7,648
7,489
7,843
7,612
7,1004
14,782
18,291
7,179
7,589
7,503
7,1053
7,729
7,34
7,943
7,763
7,858
7,363
24,346
7,250
7,418
7,596
7,952
7,977
24,496
7,553
7,847
7,1054
7,211
7,694
7,59
7,240
16,1041
7,985
7,361
7,960
7,260
7,539
7,771
24,1085
24,50
7,1083
7,918
24,996
7,518
7,1077
7,415
24,236
24,298
7,1060
7,574
7,691
7,903
24,274
7,362
7,436
7,840
7,878
7,777
7,801
7,522
7,60
7,237
24,313
7,1003
7,1013
7,899
7,639
7,217
22,877
7,630
7,1044
7,166
7,923
7,1023
7,391
7,822
24,607
7,35
7,208
7,549
16,760
7,988
27,622
24,656
11,605
7,942
24,147
7,230
7,636
7,540
7,425
7,56
24,629
24,3
7,235
7,172
27,1022
7,348
7,124
7,311
7,904
38,420
7,354
7,794
7,394
14,527
7,781
30,189
7,200
7,825
7,1016
19,174
7,820
7,659
7,728
14,716
7,22
7,228
7,866
7,441
7,993
7,920
7,21
7,66
7,86
24,445
7,437
7,621
7,7
24,10
24,528
7,573
24,375
7,786
7,359
7,37
7,755
7,707
7,110
7,388
24,500
6,864
7,184
6,837
7,1078
7,671
7,403
7,127
24,557
7,947
7,146
28,845
7,422
24,241
7,392
7,197
24,862
7,52
7,674
7,628
7,282
7,102
7,62
7,351
7,155
7,949
7,807
24,958
24,1058
7,961
7,13
24,604
7,440
7,932
7,276
7,14
7,477
7,704
7,705
7,582
7,861
7,317
7,772
7,255
7,472
7,651
31,26
7,758
26,898
7,713
7,617
39,580
7,257
24,504
7,712
7,42
7,400
7,759
7,113
7,865
7,643
2,1048
1,4
7,633
7,594
7,87
7,754
7,873
7,80
7,20
24,206
7,1051
7,134
7,765
7,641
13,271
7,36
7,802
7,275
7,82
25,57
7,132
7,842
7,397
24,806
37,133
7,692
7,429
7,137
28,1074
7,1086
7,193
7,256
7,793
7,44
7,726
16,269
7,369
7,156
1,483
7,699
7,451
7,401
18,188
7,833
24,104
7,1031
7,1034
7,15
24,969
7,461
24,279
7,819
26,408
7,46
24,890
4,689
7,796
7,667
7,103
7,199
7,736
7,811
7,154
24,650
7,285
24,201
7,995
17,999
13,592
9,329
7,460
24,635
7,695
7,204
7,986
7,120
7,1042
24,884
7,601
7,1040
7,723
7,164
7,332
7,126
7,881
7,412
7,473
7,67
7,1036
7,224
7,158
7,517
7,761
7,407
16,521
7,43
7,426
7,476
7,140
24,590
16,1018
7,513
24,295
24,277
7,855
1,718
7,711
1,242
7,373
7,183
7,1001
7,900
24,1062
7,776
7,365
24,938
24,829
7,680
7,544
7,1047
28,474
7,627
14,331
24,785
7,69
7,421
14,396
22,676
7,973
16,31
7,226
7,1025
24,859
13,470
7,131
24,49
7,1055
7,386
7,459
7,300
7,135
7,177
7,449
7,1024
24,152
7,834
7,653
7,18
24,465
7,530
7,167
7,602
24,901
7,818
24,951
7,854
24,61
6,844
7,301
7,502
7,657
7,850
7,714
7,191
7,823
7,286
7,531
7,683
24,911
7,267
7,584
7,624
3,143
7,6
7,516
2,130
38,290
7,486
7,194
7,609
7,661
7,606
7,88
16,333
7,839
7,315
7,464
7,577
7,376
7,886
7,48
7,54
7,706
7,688
7,431
24,1073
7,479
7,389
7,841
1,738
7,1079
7,940
7,492
7,598
7,118
7,321
1,377
7,309
7,350
7,1068
7,439
7,907
16,463
7,122
7,1091
7,987
7,232
7,709
7,640
16,64
41,144
7,637
7,9
7,790
7,997
7,252
16,982
7,84
7,817
24,244
24,93
7,370
23,1007
7,25
7,532
7,89
7,337
7,150
24,169
7,953
7,213
7,402
18,734
27,249
7,469
7,264
7,670
24,879
7,165
7,919
7,741
7,821
7,458
24,263
7,564
7,632
7,1065
6,71
24,698
23,906
7,368
7,16
7,533
7,954
7,805
24,352
7,455
16,857
7,307
7,292
7,341
7,556
18,693
7,1080
24,475
7,327
24,345
1,519
7,168
7,944
7,379
24,534
8,180
7,593
7,551
7,192
7,930
7,182
7,515
24,634
7,356
7,136
7,870
7,1029
24,138
7,586
7,238
7,384
7,567
7,358
24,1081
7,964
7,1061
27,336
7,454
7,753
7,922
7,967
7,541
24,432
7,239
7,896
7,190
7,727
13,616
7,810
7,603
7,253
7,860
35,1064
7,740
24,456
7,438
7,804
7,614
7,314
7,608
24,526
7,872
7,538
7,768
7,416
26,312
7,1006
7,937
26,205
7,220
1,733
7,484
7,851
7,687
7,547
7,735
7,613
7,1015
7,468
24,258
7,795
7,945
16,453
7,887
7,30
7,1045
7,302
24,1066
27,966
28,381
7,989
7,480
7,791
1,975
7,788
7,1057
7,766
7,974
7,935
24,83
7,751
7,221
7,625
35,175
7,955
24,610
7,581
7,962
7,677
7,552
7,171
7,507
7,91
7,874
24,90
7,700
7,600
7,383
7,385
7,883
24,832
26,725
6,196
7,512
7,225
12,615
7,498
7,1087
30,106
7,618
7,443
7,153
7,720
7,649
7,481
7,642
7,444
7,780
24,45
18,548
7,550
7,803
7,79
24,893
7,326
7,835
40,322
7,710
7,885
7,662
7,273
7,537
7,101
24,543
7,1043
7,116
7,669
32,572
24,905
24,910
7,119
7,219
7,655
7,198
7,74
7,981
7,792
7,229
7,1021
7,626
7,948
7,478
24,976
6,181
7,927
16,510
7,1039
7,247
7,569
7,357
7,925
7,1035
24,347
1,1050
24,65
24,565
7,757
7,511
7,457
7,576
7,797
7,1067
7,611
7,936
7,395
16,33
7,334
7,869
7,520
24,145
16,546
7,195
18,950
7,294
7,325
24,892
7,163
7,752
7,743
7,435
7,491
7,789
7,770
7,578
33,984
14,558
7,1049
17,824
26,559
7,493
7,696
24,545
7,318
40,863
7,599
7,281
24,108
7,288
7,830
7,915
7,690
7,815
7,719
7,335
7,595
7,265
7,304
7,280
16,737
7,514
24,160
7,587
7,95
7,231
7,76
7,717
7,367
7,390
7,139
24,111
7,1070
7,809
7,234
7,1019
7,497
24,1028
7,413
7,980
7,597
7,965
7,764
7,638
7,121
7,701
7,1010
7,1033
15,1011
7,673
7,681
7,92
24,487
16,732
7,53
7,555
24,112
7,508
7,848
7,374
7,398
7,566
34,542
24,382
7,991
7,410
24,452
7,284
7,1038
7,51
7,591
7,909
7,724
7,371
7,24
7,868
7,575
33,128
7,931
7,409
7,372
7,1075
24,506
24,1026
7,466
7,895
7,994
7,11
7,94
7,882
7,259
24,672
7,123
16,853
7,328
7,289
7,959
7,19
24,894
7,708
24,212
7,675
7,702
7,462
7,798
24,686
7,27
14,338
7,63
7,746
24,324
14,775
7,778
7,495
7,831
16,430
7,928
7,799
18,393
7,471
7,222
24,563
14,310
7,570
7,176
7,227
7,1046
7,161
7,8
7,100
7,849
7,125
7,912
7,685
7,209
7,129
7,105
7,1090
7,248
24,485
7,218
7,715
24,148
7,353
7,114
7,58
7,349
24,838
7,428
7,867
7,467
7,2
7,762
7,813
7,78
7,1005
7,924
7,990
7,619
5,343
7,433
7,933
18,856
7,663
