3,876
20,323
3,808
3,836
3,109
3,992
3,40
9,214
3,320
3,216
12,554
3,32
3,434
3,68
3,447
3,117
3,957
3,664
12,645
3,1032
3,427
3,668
3,340
12,888
3,505
3,342
13,170
3,360
3,330
3,891
3,287
3,1063
12,278
3,970
3,913
3,682
3,972
3,654
3,243
3,419
3,266
3,141
3,739
3,828
1,319
3,380
3,501
3,916
3,293
3,908
12,968
3,364
12,1076
3,658
3,730
3,47
3,306
10,571
3,722
3,296
3,871
3,446
13,387
3,77
7,963
3,366
3,1056
3,1089
3,173
3,971
3,846
3,678
3,897
8,816
3,1017
12,939
3,308
17,561
1,921
3,202
3,748
3,17
3,583
3,70
3,404
3,529
3,1009
3,852
3,787
3,1000
3,414
12,85
3,494
12,98
12,814
3,585
3,378
3,185
3,488
9,254
8,316
3,261
3,1012
3,149
9,745
4,262
3,524
12,268
3,270
3,448
12,339
12,207
3,646
10,450
3,934
8,178
3,684
3,399
8,28
3,99
12,917
3,246
12,784
3,1027
9,406
3,424
3,652
12,482
9,914
3,1030
3,826
3,827
3,245
3,12
3,299
3,562
3,423
3,283
12,203
3,525
3,769
3,979
3,647
3,159
12,783
3,998
3,679
9,29
3,721
3,73
3,560
3,800
2,744
3,749
3,142
3,81
3,1052
3,1072
3,703
12,490
9,620
3,631
12,1037
3,956
3,1008
3,1071
3,162
3,210
3,523
3,305
3,38
3,499
3,535
3,55
3,1069
14,747
3,1088
3,1082
3,929
3,1
8,742
3,23
3,536
3,579
3,187
3,297
3,750
3,39
3,157
3,215
3,115
3,756
3,665
3,978
12,983
3,773
3,75
8,1059
3,697
3,41
3,303
3,568
3,1002
3,941
3,660
3,731
3,107
3,417
9,875
3,186
3,1084
12,1020
3,411
3,812
3,223
3,97
3,96
9,442
8,588
3,355
3,151
13,251
3,344
3,405
3,902
3,1014
9,623
3,946
8,779
3,233
12,926
3,767
3,5
12,509
3,774
3,889
3,644
3,72
3,666
3,880
3,272
3,648
3,489
3,843
3,612
3,1004
7,782
9,291
3,179
3,589
3,503
3,1053
3,729
3,34
3,943
3,763
3,858
3,363
12,346
3,250
3,418
3,596
3,952
3,977
12,496
3,553
3,847
3,1054
3,211
3,694
3,59
3,240
8,1041
3,985
3,361
3,960
3,260
3,539
3,771
12,1085
12,50
3,1083
3,918
12,996
3,518
3,1077
3,415
12,236
12,298
3,1060
3,574
3,691
3,903
12,274
3,362
3,436
3,840
3,878
3,777
3,801
3,522
3,60
3,237
12,313
3,1003
3,1013
3,899
3,639
3,217
11,877
3,630
3,1044
3,166
3,923
3,1023
3,391
3,822
12,607
3,35
3,208
3,549
8,760
3,988
13,622
12,656
5,605
3,942
12,147
3,230
3,636
3,540
3,425
3,56
12,629
12,3
3,235
3,172
13,1022
3,348
3,124
3,311
3,904
21,420
3,354
3,794
3,394
7,527
3,781
15,189
3,200
3,825
3,1016
9,174
3,820
3,659
3,728
7,716
3,22
3,228
3,866
3,441
3,993
3,920
3,21
3,66
3,86
12,445
3,437
3,621
3,7
12,10
12,528
3,573
12,375
3,786
3,359
3,37
3,755
3,707
3,110
3,388
12,500
3,864
3,184
3,837
3,1078
3,671
3,403
3,127
12,557
3,947
3,146
13,845
3,422
12,241
3,392
3,197
12,862
3,52
3,674
3,628
3,282
3,102
3,62
3,351
3,155
3,949
3,807
12,958
12,1058
3,961
3,13
12,604
3,440
3,932
3,276
3,14
3,477
3,704
3,705
3,582
3,861
3,317
3,772
3,255
3,472
3,651
15,26
3,758
13,898
3,713
3,617
21,580
3,257
12,504
3,712
3,42
3,400
3,759
3,113
3,865
3,643
2,1048
1,4
3,633
3,594
3,87
3,754
3,873
3,80
3,20
12,206
3,1051
3,134
3,765
3,641
7,271
3,36
3,802
3,275
3,82
12,57
3,132
3,842
3,397
12,806
20,133
3,692
3,429
3,137
13,1074
3,1086
3,193
3,256
3,793
3,44
3,726
8,269
3,369
3,156
1,483
3,699
3,451
3,401
9,188
3,833
12,104
3,1031
3,1034
3,15
12,969
3,461
12,279
3,819
13,408
3,46
12,890
3,689
3,796
3,667
3,103
3,199
3,736
3,811
3,154
12,650
3,285
12,201
3,995
8,999
7,592
3,329
3,460
12,635
3,695
3,204
3,986
3,120
3,1042
12,884
3,601
3,1040
3,723
3,164
3,332
3,126
3,881
3,412
3,473
3,67
3,1036
3,224
3,158
3,517
3,761
3,407
8,521
3,43
3,426
3,476
3,140
12,590
8,1018
3,513
12,295
12,277
3,855
1,718
3,711
1,242
3,373
3,183
3,1001
3,900
12,1062
3,776
3,365
12,938
12,829
3,680
3,544
3,1047
13,474
3,627
7,331
12,785
3,69
3,421
7,396
11,676
3,973
8,31
3,226
3,1025
12,859
7,470
3,131
12,49
3,1055
3,386
3,459
3,300
3,135
3,177
3,449
3,1024
12,152
3,834
3,653
3,18
12,465
3,530
3,167
3,602
12,901
3,818
12,951
3,854
12,61
3,844
3,301
3,502
3,657
3,850
3,714
3,191
3,823
3,286
3,531
3,683
12,911
3,267
3,584
3,624
3,143
3,6
3,516
2,130
21,290
3,486
3,194
3,609
3,661
3,606
3,88
8,333
3,839
3,315
3,464
3,577
3,376
3,886
3,48
3,54
3,706
3,688
3,431
12,1073
3,479
3,389
3,841
1,738
3,1079
3,940
3,492
3,598
3,118
3,321
1,377
3,309
3,350
3,1068
3,439
3,907
8,463
3,122
3,1091
3,987
3,232
3,709
3,640
8,64
22,144
3,637
3,9
3,790
3,997
3,252
8,982
3,84
3,817
12,244
12,93
3,370
12,1007
3,25
3,532
3,89
3,337
3,150
12,169
3,953
3,213
3,402
9,734
13,249
3,469
3,264
3,670
12,879
3,165
3,919
3,741
3,821
3,458
12,263
3,564
3,632
3,1065
3,71
12,698
12,906
3,368
3,16
3,533
3,954
3,805
12,352
3,455
8,857
3,307
3,292
3,341
3,556
9,693
3,1080
12,475
3,327
12,345
1,519
3,168
3,944
3,379
12,534
3,180
3,593
3,551
3,192
3,930
3,182
3,515
12,634
3,356
3,136
3,870
3,1029
12,138
3,586
3,238
3,384
3,567
3,358
12,1081
3,964
3,1061
13,336
3,454
3,753
3,922
3,967
3,541
12,432
3,239
3,896
3,190
3,727
7,616
3,810
3,603
3,253
3,860
19,1064
3,740
12,456
3,438
3,804
3,614
3,314
3,608
12,526
3,872
3,538
3,768
3,416
13,312
3,1006
3,937
13,205
3,220
1,733
3,484
3,851
3,687
3,547
3,735
3,613
3,1015
3,468
12,258
3,795
3,945
8,453
3,887
3,30
3,1045
3,302
12,1066
13,966
13,381
3,989
3,480
3,791
1,975
3,788
3,1057
3,766
3,974
3,935
12,83
3,751
3,221
3,625
19,175
3,955
12,610
3,581
3,962
3,677
3,552
3,171
3,507
3,91
3,874
12,90
3,700
3,600
3,383
3,385
3,883
12,832
13,725
3,196
3,512
3,225
6,615
3,498
3,1087
15,106
3,618
3,443
3,153
3,720
3,649
3,481
3,642
3,444
3,780
12,45
9,548
3,550
3,803
3,79
12,893
3,326
3,835
21,322
3,710
3,885
3,662
3,273
3,537
3,101
12,543
3,1043
3,116
3,669
16,572
12,905
12,910
3,119
3,219
3,655
3,198
3,74
3,981
3,792
3,229
3,1021
3,626
3,948
3,478
12,976
3,181
3,927
8,510
3,1039
3,247
3,569
3,357
3,925
3,1035
12,347
1,1050
12,65
12,565
3,757
3,511
3,457
3,576
3,797
3,1067
3,611
3,936
3,395
8,33
3,334
3,869
3,520
12,145
8,546
3,195
9,950
3,294
3,325
12,892
3,163
3,752
3,743
3,435
3,491
3,789
3,770
3,578
17,984
7,558
3,1049
8,824
13,559
3,493
3,696
12,545
3,318
21,863
3,599
3,281
12,108
3,288
3,830
3,915
3,690
3,815
3,719
3,335
3,595
3,265
3,304
3,280
8,737
3,514
12,160
3,587
3,95
3,231
3,76
3,717
3,367
3,390
3,139
12,111
3,1070
3,809
3,234
3,1019
3,497
12,1028
3,413
3,980
3,597
3,965
3,764
3,638
3,121
3,701
3,1010
3,1033
8,1011
3,673
3,681
3,92
12,487
8,732
3,53
3,555
12,112
3,508
3,848
3,374
3,398
3,566
18,542
12,382
3,991
3,410
12,452
3,284
3,1038
3,51
3,591
3,909
3,724
3,371
3,24
3,868
3,575
17,128
3,931
3,409
3,372
3,1075
12,506
12,1026
3,466
3,895
3,994
3,11
3,94
3,882
3,259
12,672
3,123
8,853
3,328
3,289
3,959
3,19
12,894
3,708
12,212
3,675
3,702
3,462
3,798
12,686
3,27
7,338
3,63
3,746
12,324
7,775
3,778
3,495
3,831
8,430
3,928
3,799
9,393
3,471
3,222
12,563
7,310
3,570
3,176
3,227
3,1046
3,161
3,8
3,100
3,849
3,125
3,912
3,685
3,209
3,129
3,105
3,1090
3,248
12,485
3,218
3,715
12,148
3,353
3,114
3,58
3,349
12,838
3,428
3,867
3,467
3,2
3,762
3,813
3,78
3,1005
3,924
3,990
3,619
3,343
3,433
3,933
9,856
3,663
