29,798
29,410
21,575
29,901
14,705
29,80
29,580
29,884
29,29
29,451
29,572
29,85
29,22
3,985
29,547
29,816
29,161
3,914
29,234
33,927
29,204
29,242
3,296
29,301
3,1036
29,746
29,1074
29,656
29,393
32,883
33,512
29,791
3,802
29,843
3,254
31,356
29,114
29,1014
29,544
29,413
29,961
29,730
29,594
29,69
29,817
29,428
3,767
29,1065
29,850
3,76
29,760
29,935
29,644
29,374
29,881
29,576
29,989
29,754
29,68
29,229
29,695
13,239
9,1018
29,943
3,632
29,260
3,1062
29,861
29,655
29,1063
29,972
29,1081
29,498
29,951
29,763
29,991
29,846
25,782
20,723
29,444
29,625
29,494
16,419
3,72
29,115
4,677
29,24
29,209
3,238
29,837
29,476
29,178
29,380
29,1000
10,1075
29,939
29,287
29,667
29,578
29,27
29,262
29,762
29,128
32,790
29,528
29,1033
29,364
4,622
29,740
29,557
29,771
29,758
32,345
29,327
29,593
29,968
29,471
29,425
29,437
3,32
29,608
29,495
29,944
29,1048
29,360
29,98
32,43
29,252
29,922
29,71
29,744
29,707
29,688
29,661
3,282
7,866
29,328
29,863
29,905
29,423
33,375
29,320
29,138
29,45
29,454
33,1071
29,830
29,398
29,196
29,946
3,506
29,774
29,959
29,882
29,155
29,603
29,911
29,10
29,501
29,394
29,118
29,776
29,783
29,1020
29,106
1,480
29,674
29,1029
29,1061
29,854
29,497
29,979
29,162
29,713
29,827
29,847
29,696
29,1017
29,1013
29,650
29,8
29,250
29,399
29,913
29,187
29,335
29,152
29,909
29,182
29,39
3,230
4,122
29,245
29,490
29,317
29,452
29,6
29,321
32,134
29,848
29,435
29,1050
3,964
29,1021
29,348
29,651
3,469
29,525
29,875
32,334
29,443
29,460
29,933
4,940
29,565
10,589
1,1042
29,606
29,7
29,404
29,967
32,1077
32,676
29,34
29,163
31,395
4,521
29,958
29,315
29,897
29,896
29,121
3,353
29,279
29,825
29,396
29,388
29,426
29,996
29,742
29,1022
29,90
29,862
29,669
29,73
29,639
29,401
29,188
32,636
29,948
29,144
29,379
29,206
29,212
29,418
4,251
29,954
29,1047
29,201
29,607
29,167
29,824
29,546
29,835
29,947
29,489
29,869
29,125
29,44
29,259
29,941
7,778
29,132
32,145
29,801
29,183
29,59
25,965
29,293
29,716
29,482
29,635
29,366
3,37
29,851
29,793
29,343
32,175
29,450
3,342
29,765
29,173
29,785
29,277
29,720
29,936
29,690
32,659
10,826
29,246
29,4
29,446
7,809
29,302
29,524
29,448
29,432
29,1010
29,916
29,478
29,496
4,97
29,1034
29,995
29,624
29,605
29,683
29,743
29,484
29,441
29,769
17,852
34,468
3,717
32,642
29,1044
29,945
29,48
29,314
29,646
3,463
3,149
29,545
29,714
29,235
29,590
3,92
29,810
3,54
3,626
29,858
29,592
29,1002
29,813
29,554
29,285
10,1009
29,596
29,617
33,409
29,295
29,1058
29,955
28,523
7,671
29,1060
3,1043
29,581
29,703
29,849
1,224
29,853
29,819
29,618
32,179
29,459
3,520
3,583
29,892
29,726
29,1027
29,281
29,595
29,534
29,58
29,770
33,363
33,57
29,615
29,530
29,840
3,877
29,267
29,406
29,369
29,103
29,719
29,159
25,263
7,807
3,795
29,329
29,215
29,445
29,70
29,491
29,283
29,96
29,436
29,893
29,91
1,225
29,449
29,220
29,153
29,918
29,833
29,508
29,112
29,535
29,814
29,99
29,156
29,1032
29,258
29,976
29,424
29,300
29,888
3,1041
7,341
29,143
29,573
29,13
29,371
29,297
29,993
29,66
29,680
3,682
29,1008
29,1056
29,292
29,202
29,732
29,868
29,1028
29,307
29,319
29,666
29,427
29,81
29,42
29,313
29,461
29,243
25,376
29,19
29,75
29,1007
29,241
29,597
29,310
29,147
29,195
29,473
29,929
3,555
29,74
29,1003
29,221
29,502
29,176
29,291
29,124
29,942
29,53
29,172
29,55
29,756
29,867
29,169
29,109
25,2
28,160
29,381
29,988
29,872
32,697
29,370
29,1066
29,586
29,174
29,815
29,963
29,526
7,540
29,962
29,982
29,969
29,462
3,731
29,515
29,17
29,519
29,588
29,569
29,1052
3,417
29,483
29,51
29,384
3,477
29,999
33,1030
29,784
3,433
29,591
32,336
29,392
3,834
29,40
29,548
3,908
29,289
33,702
5,1069
29,467
29,558
29,653
29,986
29,701
29,957
29,131
29,386
29,93
29,383
29,704
32,937
29,60
3,749
29,248
29,992
29,998
29,275
32,488
29,823
29,748
3,930
29,974
29,414
33,1070
25,637
29,148
29,518
29,1083
29,11
29,692
29,829
3,745
29,77
29,165
29,208
29,582
29,1076
29,407
29,268
29,910
3,629
3,538
3,100
29,41
3,500
32,1053
29,902
29,403
29,271
33,777
29,422
3,318
29,647
29,752
29,627
3,116
29,21
29,665
29,197
29,878
29,26
29,266
29,184
29,228
29,130
29,796
29,442
29,198
33,158
29,859
29,193
29,686
29,983
29,755
29,549
29,338
29,634
29,111
29,567
29,264
29,200
4,984
11,280
29,465
29,724
3,133
29,373
29,779
29,429
29,455
29,738
3,129
33,753
32,658
3,1049
4,269
29,657
29,678
29,137
29,94
33,1051
29,180
3,973
29,923
23,168
29,82
29,672
29,1072
29,831
27,464
29,856
32,880
29,305
29,1045
29,64
29,747
29,126
29,344
29,185
7,52
29,602
29,537
29,49
29,211
29,949
29,640
32,257
29,938
29,800
3,1067
33,308
29,276
29,150
32,551
29,255
3,270
29,855
29,599
29,541
29,190
29,247
32,781
29,1078
3,351
3,294
29,231
29,950
29,38
29,710
3,1019
29,15
11,359
29,358
29,773
29,527
29,16
3,170
29,140
29,123
29,101
3,177
29,171
29,362
29,400
29,1057
29,533
29,934
29,470
3,1079
29,750
18,387
29,352
29,466
29,522
3,620
7,46
29,194
29,416
29,891
29,504
30,1035
32,1068
29,681
29,553
29,485
29,253
29,456
32,1055
29,566
29,61
28,1054
29,1024
2,142
4,797
29,994
29,664
7,926
29,408
29,330
3,899
29,727
29,735
3,864
29,439
29,997
29,431
3,405
29,218
29,457
29,1037
29,1
29,273
29,139
29,412
29,481
4,56
29,236
29,237
3,552
29,513
33,691
29,306
4,205
29,309
29,87
29,88
29,1011
29,598
29,873
29,286
29,1039
29,219
32,510
29,453
29,186
29,240
29,349
29,438
27,385
29,631
3,736
29,440
3,768
29,493
29,316
29,584
29,346
29,698
29,894
29,102
29,189
29,772
29,1073
29,571
29,107
29,643
3,641
29,472
29,105
29,486
29,684
3,154
29,722
29,213
29,885
29,556
29,562
29,434
4,1031
25,585
10,326
29,244
29,609
12,924
29,903
25,12
29,164
29,577
29,633
29,1004
24,981
29,261
29,119
29,708
4,895
3,766
32,532
3,729
29,311
27,415
29,117
29,733
33,181
22,304
29,786
29,265
29,990
29,1064
29,411
3,232
29,28
3,110
3,728
33,1026
29,157
29,397
29,966
29,9
29,616
33,579
29,764
29,685
29,372
33,673
29,333
29,757
29,915
3,876
29,808
3,628
32,709
29,354
3,475
32,917
29,699
4,78
4,919
29,890
29,389
29,932
29,474
29,447
29,794
29,278
29,543
29,788
29,887
29,223
33,210
29,564
29,274
3,325
29,1001
29,842
29,199
29,660
3,706
29,127
29,612
29,652
29,805
10,1040
4,529
29,839
29,113
33,536
29,645
27,249
29,479
29,298
1,751
29,288
29,30
29,222
29,365
29,509
29,104
3,700
26,630
29,822
3,141
25,828
29,587
29,505
29,619
29,977
29,378
29,832
29,811
3,611
29,874
33,568
29,146
29,920
29,542
3,350
29,857
31,516
4,1059
29,900
29,20
29,649
29,31
1,931
29,739
29,377
27,906
29,1046
28,226
29,36
25,928
33,323
4,970
29,83
29,322
29,689
3,79
29,1015
29,799
31,623
29,812
29,3
33,956
25,5
29,514
29,820
29,980
29,610
29,721
29,761
29,860
29,550
29,33
29,560
29,780
29,718
29,1023
29,1080
29,836
29,675
29,382
29,663
29,886
3,18
3,391
29,337
29,987
15,492
29,821
29,1006
29,865
3,804
29,203
29,838
29,725
29,1038
29,613
29,67
29,1025
29,889
29,507
16,65
8,207
29,531
29,357
29,662
4,25
29,693
33,559
3,898
29,499
3,368
29,47
29,654
29,14
29,50
29,539
29,84
3,503
29,904
29,570
29,679
29,759
29,1005
29,324
29,430
29,648
29,561
29,135
29,191
29,563
29,340
32,960
29,806
29,621
29,1012
3,687
3,953
29,952
29,284
29,458
29,89
29,331
3,737
29,604
29,290
19,233
6,23
29,120
29,339
29,35
29,978
29,367
29,775
3,420
29,841
3,668
29,574
29,818
29,511
29,925
29,332
29,151
29,256
29,871
29,907
29,844
29,741
29,734
3,712
29,312
32,803
29,600
29,845
29,227
29,787
29,86
31,108
29,975
29,192
29,214
29,614
29,921
29,517
29,1016
29,402
29,912
29,217
29,166
29,1082
33,879
29,361
29,711
29,303
29,390
29,715
29,272
29,638
29,487
29,694
29,355
29,421
29,136
29,971
29,63
29,347
29,299
29,789
29,870
29,95
29,216
3,601
29,670
1,792
29,62
