51,798
51,410
33,575
51,901
25,705
51,80
51,580
51,884
58,29
51,451
51,572
56,85
51,22
6,985
51,547
51,816
51,161
6,914
51,234
70,927
51,204
51,242
5,296
51,301
6,1036
51,746
51,1074
58,656
51,393
65,883
70,512
51,791
6,802
51,843
5,254
63,356
51,114
51,1014
51,544
51,413
51,961
51,730
51,594
51,69
51,817
51,428
6,767
51,1065
51,850
6,76
51,760
51,935
51,644
51,374
51,881
50,576
51,989
51,754
51,68
51,229
51,695
24,239
19,1018
51,943
6,632
51,260
6,1062
51,861
51,655
51,1063
51,972
51,1081
51,498
51,951
51,763
51,991
51,846
37,782
32,723
51,444
51,625
51,494
27,419
6,72
51,115
10,677
52,24
53,209
6,238
51,837
51,476
51,178
51,380
51,1000
20,1075
51,939
51,287
51,667
51,578
51,27
51,262
56,762
51,128
64,790
56,528
51,1033
56,364
12,622
51,740
58,557
51,771
51,758
66,345
51,327
51,593
51,968
55,471
51,425
55,437
5,32
51,608
51,495
51,944
51,1048
51,360
51,98
66,43
51,252
51,922
51,71
51,744
51,707
51,688
51,661
6,282
15,866
51,328
51,863
51,905
51,423
69,375
51,320
51,138
51,45
51,454
69,1071
51,830
51,398
51,196
51,946
9,506
51,774
51,959
56,882
51,155
51,603
58,911
51,10
51,501
51,394
51,118
51,776
51,783
56,1020
51,106
2,480
51,674
51,1029
51,1061
51,854
51,497
51,979
51,162
51,713
51,827
51,847
51,696
51,1017
51,1013
51,650
55,8
51,250
51,399
51,913
51,187
46,335
51,152
51,909
56,182
51,39
6,230
12,122
51,245
51,490
51,317
51,452
51,6
51,321
66,134
51,848
51,435
51,1050
6,964
51,1021
49,348
51,651
6,469
51,525
51,875
66,334
51,443
51,460
56,933
11,940
51,565
20,589
2,1042
51,606
46,7
51,404
51,967
67,1077
66,676
51,34
51,163
62,395
10,521
51,958
51,315
51,897
51,896
58,121
5,353
51,279
51,825
50,396
50,388
51,426
51,996
46,742
51,1022
51,90
51,862
56,669
51,73
51,639
51,401
51,188
66,636
51,948
51,144
51,379
51,206
51,212
51,418
10,251
51,954
51,1047
51,201
51,607
55,167
51,824
51,546
51,835
58,947
51,489
51,869
51,125
51,44
51,259
51,941
17,778
51,132
66,145
51,801
51,183
51,59
37,965
51,293
51,716
51,482
51,635
51,366
6,37
51,851
46,793
51,343
65,175
51,450
5,342
51,765
51,173
51,785
51,277
51,720
51,936
51,690
66,659
20,826
51,246
51,4
51,446
17,809
57,302
51,524
49,448
51,432
51,1010
52,916
51,478
55,496
10,97
51,1034
51,995
51,624
48,605
51,683
51,743
51,484
51,441
51,769
29,852
72,468
6,717
66,642
56,1044
51,945
51,48
51,314
51,646
6,463
8,149
59,545
51,714
51,235
51,590
6,92
51,810
5,54
6,626
51,858
51,592
51,1002
51,813
51,554
54,285
20,1009
51,596
47,617
69,409
51,295
51,1058
51,955
42,523
15,671
51,1060
6,1043
51,581
51,703
51,849
1,224
51,853
51,819
51,618
64,179
51,459
5,520
6,583
51,892
51,726
51,1027
58,281
51,595
51,534
51,58
51,770
71,363
69,57
51,615
51,530
51,840
6,877
51,267
51,406
45,369
51,103
51,719
51,159
37,263
17,807
6,795
51,329
51,215
51,445
51,70
51,491
58,283
51,96
51,436
51,893
51,91
2,225
51,449
51,220
51,153
51,918
51,833
51,508
51,112
51,535
58,814
51,99
51,156
51,1032
55,258
51,976
51,424
51,300
51,888
5,1041
15,341
51,143
51,573
51,13
51,371
51,297
51,993
51,66
51,680
6,682
51,1008
51,1056
51,292
56,202
51,732
51,868
51,1028
47,307
51,319
45,666
51,427
51,81
51,42
51,313
51,461
51,243
37,376
51,19
51,75
51,1007
51,241
51,597
46,310
51,147
51,195
51,473
51,929
6,555
51,74
51,1003
51,221
51,502
51,176
51,291
51,124
51,942
51,53
51,172
51,55
51,756
51,867
56,169
51,109
37,2
43,160
51,381
51,988
51,872
66,697
51,370
51,1066
51,586
51,174
51,815
51,963
56,526
16,540
51,962
51,982
51,969
51,462
6,731
45,515
51,17
51,519
51,588
51,569
51,1052
6,417
51,483
51,51
51,384
6,477
51,999
69,1030
51,784
6,433
51,591
64,336
46,392
4,834
51,40
50,548
6,908
51,289
69,702
13,1069
51,467
51,558
51,653
51,986
51,701
51,957
51,131
51,386
51,93
51,383
51,704
66,937
51,60
6,749
55,248
51,992
51,998
51,275
66,488
51,823
51,748
6,930
51,974
51,414
69,1070
37,637
51,148
51,518
51,1083
51,11
51,692
51,829
6,745
51,77
50,165
51,208
51,582
51,1076
56,407
51,268
51,910
6,629
6,538
6,100
56,41
6,500
66,1053
51,902
51,403
51,271
69,777
51,422
6,318
56,647
51,752
51,627
5,116
51,21
51,665
56,197
51,878
58,26
51,266
51,184
51,228
51,130
54,796
56,442
51,198
69,158
51,859
51,193
51,686
51,983
51,755
51,549
51,338
51,634
51,111
51,567
46,264
51,200
10,984
22,280
51,465
51,724
7,133
51,373
51,779
51,429
51,455
56,738
6,129
69,753
66,658
6,1049
11,269
51,657
58,678
51,137
51,94
69,1051
51,180
6,973
51,923
35,168
51,82
51,672
51,1072
51,831
41,464
51,856
68,880
45,305
51,1045
56,64
51,747
51,126
51,344
51,185
16,52
51,602
51,537
56,49
51,211
56,949
51,640
66,257
51,938
51,800
6,1067
70,308
51,276
51,150
66,551
51,255
6,270
51,855
51,599
51,541
51,190
51,247
66,781
51,1078
6,351
6,294
51,231
51,950
51,38
51,710
5,1019
51,15
21,359
51,358
51,773
58,527
51,16
6,170
51,140
51,123
51,101
6,177
51,171
51,362
51,400
51,1057
56,533
58,934
51,470
6,1079
51,750
30,387
51,352
50,466
51,522
6,620
15,46
51,194
51,416
51,891
56,504
60,1035
64,1068
51,681
51,553
51,485
51,253
51,456
66,1055
51,566
55,61
42,1054
51,1024
3,142
10,797
51,994
51,664
17,926
51,408
51,330
6,899
51,727
51,735
6,864
56,439
51,997
51,431
6,405
51,218
51,457
58,1037
55,1
51,273
51,139
51,412
55,481
10,56
51,236
45,237
6,552
51,513
71,691
51,306
10,205
51,309
51,87
51,88
51,1011
51,598
51,873
51,286
51,1039
51,219
66,510
51,453
51,186
51,240
51,349
51,438
39,385
51,631
6,736
51,440
6,768
51,493
51,316
58,584
51,346
55,698
51,894
45,102
51,189
51,772
51,1073
56,571
51,107
51,643
5,641
51,472
51,105
51,486
51,684
6,154
51,722
51,213
51,885
51,556
51,562
57,434
10,1031
37,585
20,326
51,244
51,609
23,924
51,903
37,12
51,164
51,577
51,633
51,1004
36,981
51,261
51,119
51,708
10,895
6,766
66,532
6,729
51,311
40,415
51,117
51,733
69,181
34,304
51,786
51,265
51,990
51,1064
51,411
5,232
51,28
6,110
6,728
69,1026
51,157
51,397
51,966
51,9
51,616
69,579
51,764
51,685
51,372
69,673
51,333
51,757
51,915
6,876
51,808
6,628
66,709
51,354
5,475
66,917
51,699
10,78
10,919
51,890
51,389
51,932
51,474
51,447
51,794
51,278
51,543
51,788
51,887
51,223
69,210
51,564
51,274
6,325
51,1001
51,842
51,199
51,660
6,706
51,127
51,612
51,652
51,805
20,1040
10,529
51,839
46,113
69,536
51,645
39,249
51,479
51,298
1,751
51,288
51,30
51,222
51,365
51,509
56,104
6,700
38,630
51,822
6,141
37,828
51,587
51,505
51,619
56,977
55,378
51,832
51,811
6,611
51,874
70,568
51,146
51,920
56,542
6,350
51,857
61,516
10,1059
51,900
51,20
51,649
51,31
2,931
51,739
51,377
39,906
51,1046
44,226
51,36
37,928
69,323
11,970
51,83
51,322
56,689
4,79
51,1015
51,799
63,623
51,812
51,3
70,956
37,5
51,514
51,820
51,980
51,610
51,721
51,761
51,860
51,550
51,33
51,560
51,780
51,718
51,1023
51,1080
51,836
51,675
51,382
51,663
51,886
6,18
6,391
51,337
51,987
26,492
51,821
51,1006
51,865
6,804
51,203
51,838
51,725
51,1038
51,613
58,67
51,1025
51,889
51,507
28,65
18,207
51,531
51,357
51,662
12,25
51,693
69,559
5,898
51,499
6,368
55,47
51,654
51,14
51,50
51,539
51,84
6,503
51,904
51,570
58,679
51,759
51,1005
51,324
51,430
51,648
51,561
51,135
51,191
51,563
51,340
66,960
51,806
51,621
56,1012
6,687
6,953
51,952
51,284
51,458
51,89
46,331
6,737
51,604
51,290
31,233
14,23
51,120
51,339
51,35
51,978
51,367
51,775
6,420
51,841
6,668
58,574
51,818
51,511
51,925
51,332
56,151
51,256
51,871
51,907
51,844
51,741
51,734
6,712
46,312
66,803
51,600
51,845
51,227
51,787
51,86
61,108
51,975
51,192
51,214
51,614
51,921
51,517
51,1016
51,402
51,912
51,217
51,166
51,1082
70,879
51,361
51,711
51,303
51,390
58,715
51,272
51,638
51,487
51,694
51,355
51,421
51,136
51,971
56,63
51,347
51,299
51,789
51,870
51,95
51,216
6,601
51,670
1,792
51,62
