4,50
7,293
4,579
4,100
4,701
7,607
4,264
7,587
4,525
5,128
4,688
2,545
7,663
4,99
4,245
4,19
4,294
9,574
4,676
4,185
9,308
4,523
4,632
4,239
4,590
5,123
7,356
9,665
11,389
7,130
4,698
4,555
4,639
4,337
4,442
10,320
10,67
4,338
7,23
8,76
4,168
4,227
4,329
4,105
4,679
4,418
10,692
3,388
4,289
4,54
10,146
7,524
2,491
4,385
4,396
4,612
4,154
4,435
4,155
7,699
4,591
4,458
4,381
3,284
7,296
2,554
4,420
7,61
4,498
4,97
4,374
4,642
7,58
7,156
7,530
4,536
3,118
8,459
3,392
4,478
3,474
4,110
7,626
4,553
11,275
4,589
4,397
4,304
4,288
4,428
4,602
4,34
4,666
4,286
4,497
7,7
4,162
11,229
4,522
4,519
7,283
4,425
9,208
11,176
4,278
4,166
4,684
7,125
4,126
4,266
4,473
4,334
4,22
2,623
4,20
4,363
9,38
4,41
7,343
4,492
4,421
7,69
4,453
4,470
4,14
4,82
4,187
4,219
5,494
4,496
7,371
12,313
7,70
11,234
4,189
7,661
7,465
4,350
4,572
4,355
9,159
4,624
1,391
5,596
4,431
4,615
5,89
7,167
9,71
7,62
4,565
3,113
4,311
4,611
4,315
4,25
11,317
7,307
4,55
5,613
4,647
4,490
9,621
4,346
4,508
4,655
4,95
4,387
4,237
11,297
10,449
4,164
3,506
4,680
3,357
4,232
4,594
4,566
7,87
11,592
4,645
7,520
4,4
4,265
4,700
7,556
4,410
7,322
4,694
9,91
7,436
7,196
4,599
5,486
4,345
4,367
4,401
7,316
4,72
3,178
11,548
4,544
4,443
4,165
7,249
4,80
4,390
4,600
7,648
4,16
7,45
7,353
10,603
4,298
7,511
3,468
4,549
4,636
4,593
4,1
7,261
11,259
7,244
4,92
4,177
4,204
4,220
4,33
4,90
7,183
4,416
4,145
2,121
4,31
11,9
4,618
4,617
7,695
4,448
9,135
2,231
7,86
7,383
4,115
4,217
4,228
7,408
12,5
4,207
4,472
4,106
4,609
1,446
4,24
4,483
7,475
5,558
2,669
4,255
4,675
4,580
4,140
10,378
4,181
4,672
4,269
9,439
4,199
4,291
7,323
9,112
11,399
7,505
4,570
4,93
4,335
3,246
4,84
4,450
9,664
7,429
7,94
4,107
4,463
7,649
4,499
10,405
4,127
4,557
4,274
4,562
4,225
4,153
4,460
3,414
4,424
4,627
4,678
9,268
3,197
9,584
10,57
3,224
4,214
7,481
7,109
4,46
4,142
4,454
9,479
4,309
7,512
4,111
4,605
4,502
4,32
4,641
9,375
6,359
4,210
7,124
4,659
4,422
5,364
5,569
7,373
11,441
7,690
4,601
10,488
4,537
3,348
7,559
4,638
4,411
3,250
4,35
4,314
7,290
9,63
7,689
9,331
4,413
4,417
4,361
4,11
3,292
4,276
7,172
4,404
7,252
4,509
4,169
7,151
4,139
4,660
4,120
7,43
4,527
4,466
4,193
9,195
4,682
4,515
7,260
7,218
4,203
2,251
5,138
4,17
4,640
7,487
4,262
4,254
4,59
7,161
9,696
4,44
2,236
7,542
4,202
7,42
4,471
7,226
4,622
4,577
4,88
4,610
4,102
4,206
4,567
4,3
11,386
7,543
9,528
4,685
4,534
4,504
4,691
10,500
4,56
7,116
3,370
4,49
4,625
3,174
7,437
4,352
7,344
4,551
4,631
3,184
4,398
4,279
5,576
4,620
4,634
4,461
7,438
4,15
4,360
4,464
3,257
4,564
4,144
7,194
7,325
4,415
4,324
7,26
4,10
11,129
11,635
9,147
4,646
4,552
4,160
4,369
4,604
11,469
4,477
4,445
4,319
7,175
5,152
4,546
3,173
4,64
4,81
4,48
7,568
7,79
4,295
4,277
9,303
7,216
7,526
4,462
4,200
4,412
4,485
3,550
4,332
5,403
4,347
4,582
7,670
4,517
5,616
4,447
4,300
4,423
4,77
4,336
4,687
2,697
5,406
4,12
4,476
7,541
4,53
7,595
4,258
7,532
3,529
4,368
4,241
4,114
9,66
4,588
4,379
4,233
9,83
4,158
7,484
4,339
4,73
4,382
4,535
4,230
7,122
4,305
7,563
4,221
4,341
4,575
9,136
4,2
4,597
9,394
4,211
4,674
11,215
7,212
4,533
11,52
3,328
9,677
4,656
4,457
7,209
4,13
4,326
4,501
4,60
3,179
4,333
4,662
2,182
4,238
9,578
2,426
7,27
4,456
7,30
4,547
4,451
7,585
7,409
9,321
2,312
4,242
4,514
4,65
4,380
3,637
7,652
4,619
4,651
3,372
4,614
5,608
4,351
4,75
4,74
4,653
4,427
4,96
4,186
9,247
7,538
4,480
7,482
5,68
4,503
4,650
4,131
3,101
4,376
4,495
10,365
4,198
8,583
4,6
7,693
4,243
4,108
7,354
4,467
4,402
9,148
3,8
7,349
4,561
7,430
9,657
4,539
2,444
4,133
4,281
4,273
4,407
4,191
4,384
2,119
4,192
7,282
7,366
4,419
4,39
4,285
4,673
4,598
5,188
4,452
9,270
4,205
7,306
4,521
4,668
4,223
4,137
4,256
7,358
4,150
3,573
4,40
4,78
7,493
4,507
4,240
4,581
4,681
4,489
4,510
4,531
4,18
12,560
9,141
11,434
4,342
4,28
11,271
4,318
5,340
4,280
7,455
4,163
4,540
4,586
4,310
4,149
10,654
11,190
4,629
5,299
4,606
4,377
4,518
7,667
7,395
7,301
7,267
9,21
4,683
7,362
7,117
11,103
4,400
4,213
4,330
7,263
4,36
4,643
4,47
4,171
9,302
7,37
4,571
3,287
12,51
4,686
7,432
7,157
4,134
4,440
7,201
4,104
4,630
4,516
9,633
4,272
9,170
4,98
4,222
10,658
3,180
4,85
4,393
4,235
4,327
4,644
7,433
4,703
4,513
4,29
3,628
4,671
4,132
4,248
4,143
1,702
11,253
