45,798
45,410
31,575
45,901
23,705
45,80
45,580
45,884
51,29
45,451
45,572
49,85
45,22
5,985
45,547
45,816
45,161
5,914
45,234
60,927
45,204
45,242
5,296
45,301
5,1036
45,746
45,1074
51,656
45,393
56,883
60,512
45,791
5,802
45,843
5,254
54,356
45,114
45,1014
45,544
45,413
45,961
45,730
45,594
45,69
45,817
45,428
5,767
45,1065
45,850
5,76
45,760
45,935
45,644
45,374
45,881
45,576
45,989
45,754
45,68
45,229
45,695
22,239
17,1018
45,943
5,632
45,260
5,1062
45,861
45,655
45,1063
45,972
45,1081
45,498
45,951
45,763
45,991
45,846
35,782
30,723
45,444
45,625
45,494
25,419
5,72
45,115
8,677
45,24
46,209
5,238
45,837
45,476
45,178
45,380
45,1000
18,1075
45,939
45,287
45,667
45,578
45,27
45,262
49,762
45,128
55,790
49,528
45,1033
49,364
10,622
45,740
51,557
45,771
45,758
57,345
45,327
45,593
45,968
48,471
45,425
48,437
5,32
45,608
45,495
45,944
45,1048
45,360
45,98
57,43
45,252
45,922
45,71
45,744
45,707
45,688
45,661
5,282
13,866
45,328
45,863
45,905
45,423
60,375
45,320
45,138
45,45
45,454
60,1071
45,830
45,398
45,196
45,946
7,506
45,774
45,959
49,882
45,155
45,603
51,911
45,10
45,501
45,394
45,118
45,776
45,783
49,1020
45,106
2,480
45,674
45,1029
45,1061
45,854
45,497
45,979
45,162
45,713
45,827
45,847
45,696
45,1017
45,1013
45,650
48,8
45,250
45,399
45,913
45,187
43,335
45,152
45,909
49,182
45,39
5,230
10,122
45,245
45,490
45,317
45,452
45,6
45,321
57,134
45,848
45,435
45,1050
5,964
45,1021
45,348
45,651
5,469
45,525
45,875
57,334
45,443
45,460
49,933
9,940
45,565
18,589
2,1042
45,606
43,7
45,404
45,967
58,1077
57,676
45,34
45,163
53,395
8,521
45,958
45,315
45,897
45,896
51,121
5,353
45,279
45,825
45,396
45,388
45,426
45,996
43,742
45,1022
45,90
45,862
49,669
45,73
45,639
45,401
45,188
57,636
45,948
45,144
45,379
45,206
45,212
45,418
8,251
45,954
45,1047
45,201
45,607
48,167
45,824
45,546
45,835
51,947
45,489
45,869
45,125
45,44
45,259
45,941
15,778
45,132
57,145
45,801
45,183
45,59
35,965
45,293
45,716
45,482
45,635
45,366
5,37
45,851
43,793
45,343
56,175
45,450
5,342
45,765
45,173
45,785
45,277
45,720
45,936
45,690
57,659
18,826
45,246
45,4
45,446
15,809
50,302
45,524
45,448
45,432
45,1010
45,916
45,478
48,496
8,97
45,1034
45,995
45,624
44,605
45,683
45,743
45,484
45,441
45,769
27,852
62,468
5,717
57,642
49,1044
45,945
45,48
45,314
45,646
5,463
6,149
51,545
45,714
45,235
45,590
5,92
45,810
5,54
5,626
45,858
45,592
45,1002
45,813
45,554
47,285
18,1009
45,596
43,617
60,409
45,295
45,1058
45,955
40,523
13,671
45,1060
5,1043
45,581
45,703
45,849
1,224
45,853
45,819
45,618
55,179
45,459
5,520
5,583
45,892
45,726
45,1027
51,281
45,595
45,534
45,58
45,770
61,363
60,57
45,615
45,530
45,840
5,877
45,267
45,406
43,369
45,103
45,719
45,159
35,263
15,807
5,795
45,329
45,215
45,445
45,70
45,491
51,283
45,96
45,436
45,893
45,91
2,225
45,449
45,220
45,153
45,918
45,833
45,508
45,112
45,535
51,814
45,99
45,156
45,1032
48,258
45,976
45,424
45,300
45,888
5,1041
13,341
45,143
45,573
45,13
45,371
45,297
45,993
45,66
45,680
5,682
45,1008
45,1056
45,292
49,202
45,732
45,868
45,1028
43,307
45,319
43,666
45,427
45,81
45,42
45,313
45,461
45,243
35,376
45,19
45,75
45,1007
45,241
45,597
43,310
45,147
45,195
45,473
45,929
5,555
45,74
45,1003
45,221
45,502
45,176
45,291
45,124
45,942
45,53
45,172
45,55
45,756
45,867
49,169
45,109
35,2
41,160
45,381
45,988
45,872
57,697
45,370
45,1066
45,586
45,174
45,815
45,963
49,526
14,540
45,962
45,982
45,969
45,462
5,731
43,515
45,17
45,519
45,588
45,569
45,1052
5,417
45,483
45,51
45,384
5,477
45,999
60,1030
45,784
5,433
45,591
55,336
43,392
4,834
45,40
45,548
5,908
45,289
60,702
11,1069
45,467
45,558
45,653
45,986
45,701
45,957
45,131
45,386
45,93
45,383
45,704
57,937
45,60
5,749
48,248
45,992
45,998
45,275
57,488
45,823
45,748
5,930
45,974
45,414
60,1070
35,637
45,148
45,518
45,1083
45,11
45,692
45,829
5,745
45,77
45,165
45,208
45,582
45,1076
49,407
45,268
45,910
5,629
5,538
5,100
49,41
5,500
57,1053
45,902
45,403
45,271
60,777
45,422
5,318
49,647
45,752
45,627
5,116
45,21
45,665
49,197
45,878
51,26
45,266
45,184
45,228
45,130
47,796
49,442
45,198
60,158
45,859
45,193
45,686
45,983
45,755
45,549
45,338
45,634
45,111
45,567
43,264
45,200
8,984
20,280
45,465
45,724
5,133
45,373
45,779
45,429
45,455
49,738
5,129
60,753
57,658
5,1049
9,269
45,657
51,678
45,137
45,94
60,1051
45,180
5,973
45,923
33,168
45,82
45,672
45,1072
45,831
39,464
45,856
59,880
43,305
45,1045
49,64
45,747
45,126
45,344
45,185
14,52
45,602
45,537
49,49
45,211
49,949
45,640
57,257
45,938
45,800
5,1067
60,308
45,276
45,150
57,551
45,255
5,270
45,855
45,599
45,541
45,190
45,247
57,781
45,1078
5,351
5,294
45,231
45,950
45,38
45,710
5,1019
45,15
19,359
45,358
45,773
51,527
45,16
5,170
45,140
45,123
45,101
5,177
45,171
45,362
45,400
45,1057
49,533
51,934
45,470
5,1079
45,750
28,387
45,352
45,466
45,522
5,620
13,46
45,194
45,416
45,891
49,504
52,1035
55,1068
45,681
45,553
45,485
45,253
45,456
57,1055
45,566
48,61
40,1054
45,1024
3,142
8,797
45,994
45,664
15,926
45,408
45,330
5,899
45,727
45,735
5,864
49,439
45,997
45,431
5,405
45,218
45,457
51,1037
48,1
45,273
45,139
45,412
48,481
8,56
45,236
43,237
5,552
45,513
61,691
45,306
8,205
45,309
45,87
45,88
45,1011
45,598
45,873
45,286
45,1039
45,219
57,510
45,453
45,186
45,240
45,349
45,438
37,385
45,631
5,736
45,440
5,768
45,493
45,316
51,584
45,346
48,698
45,894
43,102
45,189
45,772
45,1073
49,571
45,107
45,643
5,641
45,472
45,105
45,486
45,684
5,154
45,722
45,213
45,885
45,556
45,562
50,434
8,1031
35,585
18,326
45,244
45,609
21,924
45,903
35,12
45,164
45,577
45,633
45,1004
34,981
45,261
45,119
45,708
8,895
5,766
57,532
5,729
45,311
38,415
45,117
45,733
60,181
32,304
45,786
45,265
45,990
45,1064
45,411
5,232
45,28
5,110
5,728
60,1026
45,157
45,397
45,966
45,9
45,616
60,579
45,764
45,685
45,372
60,673
45,333
45,757
45,915
5,876
45,808
5,628
57,709
45,354
5,475
57,917
45,699
8,78
8,919
45,890
45,389
45,932
45,474
45,447
45,794
45,278
45,543
45,788
45,887
45,223
60,210
45,564
45,274
5,325
45,1001
45,842
45,199
45,660
5,706
45,127
45,612
45,652
45,805
18,1040
8,529
45,839
43,113
60,536
45,645
37,249
45,479
45,298
1,751
45,288
45,30
45,222
45,365
45,509
49,104
5,700
36,630
45,822
5,141
35,828
45,587
45,505
45,619
49,977
48,378
45,832
45,811
5,611
45,874
60,568
45,146
45,920
49,542
5,350
45,857
53,516
8,1059
45,900
45,20
45,649
45,31
2,931
45,739
45,377
37,906
45,1046
42,226
45,36
35,928
60,323
9,970
45,83
45,322
49,689
4,79
45,1015
45,799
54,623
45,812
45,3
60,956
35,5
45,514
45,820
45,980
45,610
45,721
45,761
45,860
45,550
45,33
45,560
45,780
45,718
45,1023
45,1080
45,836
45,675
45,382
45,663
45,886
5,18
5,391
45,337
45,987
24,492
45,821
45,1006
45,865
5,804
45,203
45,838
45,725
45,1038
45,613
51,67
45,1025
45,889
45,507
26,65
16,207
45,531
45,357
45,662
10,25
45,693
60,559
5,898
45,499
5,368
48,47
45,654
45,14
45,50
45,539
45,84
5,503
45,904
45,570
51,679
45,759
45,1005
45,324
45,430
45,648
45,561
45,135
45,191
45,563
45,340
57,960
45,806
45,621
49,1012
5,687
5,953
45,952
45,284
45,458
45,89
43,331
5,737
45,604
45,290
29,233
12,23
45,120
45,339
45,35
45,978
45,367
45,775
5,420
45,841
5,668
51,574
45,818
45,511
45,925
45,332
49,151
45,256
45,871
45,907
45,844
45,741
45,734
5,712
43,312
57,803
45,600
45,845
45,227
45,787
45,86
53,108
45,975
45,192
45,214
45,614
45,921
45,517
45,1016
45,402
45,912
45,217
45,166
45,1082
60,879
45,361
45,711
45,303
45,390
51,715
45,272
45,638
45,487
45,694
45,355
45,421
45,136
45,971
49,63
45,347
45,299
45,789
45,870
45,95
45,216
5,601
45,670
1,792
45,62
