5,307
5,518
5,190
4,422
4,622
1,230
5,494
4,7
4,371
5,500
5,749
5,497
5,534
5,711
10,19
5,717
4,635
4,627
5,742
5,713
4,203
4,463
5,583
5,747
5,323
5,496
5,723
4,690
5,661
8,670
4,70
4,701
11,639
5,358
4,283
9,399
8,510
10,158
5,609
4,150
5,710
8,391
4,737
4,550
2,188
5,453
5,472
5,567
9,738
10,236
10,529
1,434
5,14
5,593
5,699
5,278
5,235
5,71
5,25
5,605
5,382
10,630
4,46
5,473
11,435
5,603
4,644
5,604
13,172
5,152
5,201
5,153
5,720
5,340
4,741
1,269
1,731
5,298
1,488
2,41
5,378
1,458
1,480
10,743
5,705
4,255
4,576
7,229
4,479
5,396
5,442
5,633
5,383
4,78
5,218
5,548
4,189
5,133
5,261
5,111
10,20
1,267
9,281
5,328
13,678
14,415
4,318
4,142
4,504
5,522
5,681
8,572
4,707
3,259
1,96
5,200
16,3
5,125
10,372
4,695
5,613
1,220
5,694
10,162
5,573
5,72
5,512
5,539
10,73
5,407
10,433
14,179
5,379
13,507
5,698
5,598
2,532
4,315
5,360
5,525
5,338
5,735
12,725
2,226
12,728
1,100
5,553
4,543
10,93
5,74
5,257
5,658
5,537
5,34
9,57
2,493
5,653
5,334
5,126
4,85
4,621
5,600
5,240
5,570
5,198
4,224
5,171
4,417
5,623
5,157
5,136
5,186
6,64
5,716
5,719
5,536
1,364
10,652
5,599
1,47
4,205
5,317
5,183
4,81
4,116
5,509
5,195
5,250
5,165
5,571
2,246
8,151
9,335
10,175
5,498
2,313
2,555
5,620
10,578
5,169
5,24
5,1
5,395
10,61
5,732
5,637
10,446
4,692
10,666
8,629
5,277
5,309
8,23
5,714
4,540
10,523
4,592
5,292
10,381
5,746
10,147
5,703
14,141
5,270
1,615
5,306
4,607
5,297
5,182
5,359
4,410
4,176
4,726
5,202
5,95
5,736
5,228
14,118
4,343
5,730
4,58
5,414
4,471
4,60
10,709
5,486
1,443
2,683
4,11
5,424
10,211
5,291
5,485
1,533
5,404
10,242
5,515
4,680
5,521
4,272
5,481
4,159
5,589
4,568
5,167
1,140
5,110
4,559
5,403
5,342
4,16
5,501
2,139
10,206
10,426
1,405
5,503
5,341
5,27
9,212
5,331
10,686
5,684
9,641
10,631
14,252
5,505
9,344
4,355
5,314
5,447
5,495
4,474
2,624
13,357
10,483
5,398
5,712
4,367
9,98
4,706
2,164
2,2
4,54
4,406
5,347
5,619
2,418
5,420
4,490
10,665
4,632
5,451
5,676
5,352
13,366
5,163
5,370
4,59
10,580
8,237
1,325
5,350
4,502
5,362
1,664
5,90
5,544
1,660
10,26
5,663
4,380
13,327
5,170
5,584
4,130
4,449
5,91
5,421
5,587
5,55
5,389
5,135
5,174
3,154
4,66
5,121
4,265
10,104
5,253
4,48
5,638
9,640
4,279
5,588
4,552
5,92
5,214
5,53
5,39
4,642
5,662
10,187
5,263
4,724
5,601
5,400
10,636
4,466
5,99
5,234
5,13
10,68
4,430
2,439
8,339
8,123
5,393
5,748
5,290
5,56
5,693
5,10
2,29
11,597
4,128
4,127
1,222
5,287
10,12
5,647
2,477
5,594
4,476
5,289
5,354
4,258
5,557
5,394
5,560
4,241
1,35
5,262
5,348
5,148
5,563
5,89
4,590
10,301
5,160
4,94
2,138
4,454
5,530
5,319
6,346
5,546
5,361
11,516
5,271
5,535
5,332
9,239
5,168
10,67
5,437
13,541
4,5
9,387
5,369
4,464
3,657
5,634
5,31
5,113
4,86
4,628
1,750
5,436
2,310
8,667
5,18
5,4
1,669
1,120
5,293
5,161
2,232
5,491
4,654
5,411
10,668
5,616
4,729
4,562
1,462
8,305
5,374
13,208
4,484
9,231
4,595
5,511
4,655
2,227
5,260
10,8
4,97
10,9
10,401
5,547
5,460
5,107
5,21
13,166
4,538
4,554
4,184
5,181
5,564
5,468
2,40
5,185
4,478
5,75
5,87
9,304
5,63
2,397
5,649
4,43
10,428
5,431
5,606
5,336
5,408
5,519
5,574
13,520
5,233
5,22
5,673
5,312
5,109
5,217
1,581
5,386
2,413
5,243
5,733
4,659
5,365
1,215
1,517
5,558
4,687
4,17
5,689
4,299
4,596
5,356
5,455
5,28
1,648
5,44
2,744
10,249
10,108
5,450
4,244
10,324
5,677
5,682
5,650
4,337
5,264
5,268
4,700
5,561
5,674
4,32
10,351
5,651
5,345
10,432
4,114
4,551
5,173
10,416
5,672
3,88
5,444
5,115
4,77
5,82
8,225
4,177
4,514
5,266
4,52
4,276
4,611
4,625
4,79
1,102
2,438
5,180
5,326
9,708
5,524
5,402
5,83
5,645
4,146
8,456
5,565
10,513
5,685
8,76
5,329
4,585
8,6
5,506
5,122
1,388
12,322
5,247
5,445
5,254
4,608
2,375
5,465
5,392
4,591
4,303
4,197
5,308
5,45
5,80
5,508
5,727
10,294
5,702
5,721
5,273
4,137
5,489
2,302
5,144
14,191
1,196
10,482
5,643
10,448
5,566
4,618
10,715
2,384
5,412
5,440
5,156
5,526
5,248
5,722
1,691
10,531
5,452
4,492
5,349
5,363
5,675
5,119
5,368
4,124
5,740
5,274
5,62
5,390
5,612
5,542
5,275
5,216
2,256
5,219
1,549
10,149
4,688
4,577
4,285
4,131
4,425
5,204
5,626
4,528
4,84
8,469
4,51
5,753
4,209
5,296
5,50
5,221
5,245
5,646
5,545
5,671
4,614
4,320
4,467
5,282
10,101
6,194
4,199
4,602
10,207
5,409
4,178
5,129
9,251
5,617
5,527
4,373
5,330
5,38
1,15
5,470
4,311
10,704
4,739
5,49
10,679
5,745
5,103
5,353
5,193
11,288
13,429
5,423
5,300
4,284
5,36
2,487
5,280
10,461
5,569
5,155
5,112
1,718
5,579
5,734
5,37
5,192
5,457
5,210
2,656
5,556
5,376
8,321
5,441
5,42
2,582
2,575
5,30
5,213
5,377
5,33
2,65
5,385
4,419
5,696
5,69
5,333
4,105
8,316
5,475
5,295
5,499
5,697
9,134
10,459
5,427
5,586
5,145
4,143
9,751
5,238
5,610
5,106
5,132
4,286
12,223
15,752
10,117
