39,661
56,1045
39,845
39,943
39,19
41,1007
41,529
41,582
39,245
39,70
31,959
39,917
39,381
24,130
39,220
39,325
39,58
39,212
39,672
39,1051
44,568
39,564
39,1015
39,781
13,1108
39,924
39,448
20,969
39,125
39,1047
39,870
39,332
39,466
39,188
39,1091
39,541
39,153
39,983
39,1113
43,300
39,236
41,352
39,1072
39,532
39,309
39,454
26,645
39,1012
39,1080
39,504
24,1020
39,668
41,389
47,1023
41,221
43,839
39,627
39,98
32,974
39,1096
39,78
39,988
39,259
39,430
21,1018
47,322
41,402
39,772
32,403
39,800
39,74
39,633
39,339
39,1021
39,589
39,906
20,386
39,497
29,1062
39,357
39,767
39,301
39,795
39,796
39,651
39,283
39,306
39,976
39,435
39,416
39,30
39,656
39,975
39,88
39,86
39,1119
41,1041
39,918
39,330
65,686
39,13
39,869
39,955
13,683
39,610
39,216
39,35
12,342
39,262
39,292
39,714
39,272
39,496
39,937
5,565
37,63
6,289
39,328
39,827
39,1057
11,482
39,298
39,499
39,1010
39,29
39,821
39,23
51,36
39,360
39,436
41,569
3,535
39,468
39,741
39,903
39,785
39,296
39,788
39,794
39,982
53,546
39,234
39,539
39,780
39,495
39,590
39,119
39,464
39,542
36,742
39,1087
20,92
39,249
7,673
39,510
39,773
39,106
39,462
39,792
39,1016
39,992
41,160
39,347
16,629
39,1089
41,175
39,443
39,545
39,614
39,145
38,1000
35,952
39,609
39,786
39,358
42,71
39,485
39,494
39,1048
10,769
39,1100
39,604
39,12
41,928
37,498
39,1026
55,933
39,846
36,862
51,797
39,755
2,1044
39,174
39,970
39,782
39,690
39,385
39,812
39,240
4,947
49,225
39,849
36,1076
39,15
39,178
31,193
41,893
39,637
39,1111
16,916
39,689
39,1092
39,371
39,362
41,183
39,603
53,704
53,994
44,995
39,156
39,413
20,359
4,1046
39,543
39,914
36,688
39,68
39,202
39,151
39,138
33,528
39,660
39,133
39,577
39,61
39,675
24,287
24,428
39,1093
39,367
39,980
25,263
39,483
39,380
39,516
66,920
36,1013
41,155
39,885
39,343
39,575
41,22
39,76
39,479
39,843
39,401
39,815
39,404
39,874
39,438
39,653
39,168
39,314
39,808
39,87
39,484
39,440
39,1058
39,967
39,291
39,824
39,9
39,270
39,126
39,787
39,1053
55,60
39,771
41,101
41,320
39,214
39,33
39,470
39,676
39,418
8,818
39,853
39,157
39,1099
39,275
39,267
39,269
39,763
39,195
31,973
39,143
39,80
39,105
39,912
39,444
39,866
14,857
36,647
39,930
39,606
39,682
39,476
10,1088
39,747
39,73
39,75
39,186
47,599
39,285
39,445
39,702
49,311
39,957
39,159
39,748
39,667
39,394
39,613
39,960
39,290
39,829
39,113
39,327
39,602
39,149
13,209
39,353
8,46
39,399
44,945
39,527
39,181
39,396
39,801
26,958
39,208
39,366
39,764
39,446
39,759
39,941
39,997
41,1107
41,749
69,931
39,856
39,392
39,57
36,254
39,579
49,987
39,316
39,687
39,774
39,148
36,266
39,82
39,826
41,895
4,956
39,118
39,85
39,1008
39,41
39,894
39,662
24,789
39,880
46,4
39,1005
7,459
28,256
52,433
39,944
39,642
39,835
39,882
39,517
33,524
39,329
39,566
7,228
41,1106
39,1033
39,730
39,907
39,1098
4,1042
39,761
39,754
39,909
39,913
39,109
39,95
39,410
39,368
39,243
39,50
39,205
39,737
39,1090
39,232
4,278
39,34
39,929
39,1024
39,776
39,507
39,442
39,49
39,140
39,146
39,555
39,318
39,341
18,790
41,513
4,204
39,1049
39,258
41,573
39,805
39,708
39,695
39,457
39,199
24,103
39,94
41,972
39,692
39,891
36,836
39,405
30,522
39,182
39,191
39,585
39,873
39,425
39,276
39,584
41,757
39,230
34,1073
41,576
39,592
41,398
41,848
39,158
39,750
39,1068
39,634
39,1
39,552
52,850
39,758
39,1071
39,966
39,43
41,250
39,406
58,1035
39,112
26,649
39,307
24,493
39,173
24,429
57,1036
39,293
39,503
39,1067
52,703
39,491
39,833
55,1003
39,624
39,390
39,147
39,407
55,163
39,310
7,411
39,768
29,312
39,1040
39,122
39,194
39,694
39,544
39,593
39,538
39,261
39,315
53,550
55,1104
39,431
39,623
39,685
39,852
41,570
39,858
39,896
39,281
39,1056
39,953
39,233
39,678
41,170
13,583
39,571
39,134
39,321
39,939
39,144
33,299
39,99
39,334
39,1011
39,990
39,834
39,709
39,458
39,863
39,657
20,652
39,699
39,727
4,346
39,777
39,536
57,72
39,211
39,631
39,872
39,382
39,530
39,420
39,297
39,3
39,1081
45,842
11,1050
18,556
39,62
39,102
39,253
13,1074
36,337
39,1054
39,400
20,520
21,492
39,559
39,344
24,179
24,197
35,596
39,419
39,89
39,923
39,712
39,901
39,255
39,641
39,323
39,489
39,594
39,294
39,828
39,91
39,373
24,823
39,414
15,525
39,227
39,26
39,167
39,1009
39,696
39,241
1,526
36,717
39,224
39,137
39,165
39,932
39,1022
39,902
39,391
39,716
49,93
39,244
39,274
39,911
41,251
39,1029
39,1014
39,640
36,762
39,512
36,618
39,706
39,926
39,807
39,1094
36,900
39,177
39,409
48,456
39,351
39,1027
39,415
39,632
39,574
49,32
44,264
39,617
39,338
39,96
39,18
39,819
39,1061
39,508
8,655
39,114
39,940
39,783
39,427
8,90
53,239
39,934
25,31
39,480
39,1075
39,644
39,847
39,17
39,273
39,288
39,455
39,81
39,950
39,383
27,235
39,611
39,265
39,304
49,48
39,319
39,1082
39,691
25,936
39,825
39,551
39,169
39,369
23,129
33,1102
51,1001
55,659
39,441
39,27
39,809
13,523
11,875
39,505
39,260
39,892
39,282
39,733
12,1052
39,161
8,424
7,586
41,44
39,626
39,461
41,284
39,451
39,52
39,397
39,379
39,136
39,198
39,518
39,5
41,984
39,213
39,925
39,324
55,37
25,120
39,10
50,938
51,725
39,370
39,608
39,107
24,268
39,740
13,600
39,326
39,897
39,674
32,111
39,463
52,810
39,572
35,888
39,110
39,84
30,229
41,616
24,625
39,271
39,775
40,728
49,1097
39,765
24,64
39,417
39,395
26,820
39,1070
51,567
13,760
39,628
51,39
8,1069
67,1085
39,954
52,142
39,477
39,905
39,746
39,1039
39,948
18,965
44,363
39,511
39,345
39,968
39,908
39,998
47,743
36,38
24,722
39,305
39,375
5,595
39,45
39,620
39,83
39,196
39,1083
39,123
39,540
39,779
39,355
44,336
39,24
39,412
39,591
39,832
39,961
39,139
39,739
39,981
39,831
39,844
39,639
4,509
39,877
39,710
39,851
39,841
39,648
20,581
39,487
39,257
39,560
39,1095
39,899
39,919
26,472
39,135
20,20
39,646
39,643
39,502
39,127
25,533
32,1112
39,817
39,721
43,989
62,876
33,619
39,1101
37,1028
39,986
39,475
39,770
39,951
28,16
39,979
39,519
31,813
39,840
41,669
39,124
39,598
39,860
39,723
39,185
3,806
39,889
39,1006
39,116
39,171
39,868
39,303
39,189
8,437
39,946
39,226
39,203
39,607
39,554
39,605
68,150
41,354
39,752
39,588
39,890
39,612
39,985
39,361
39,247
39,563
39,172
39,715
39,1004
39,962
39,1055
39,348
39,279
3,166
16,252
39,162
39,364
39,450
12,7
39,184
41,55
39,514
39,719
24,861
20,8
39,426
25,816
38,131
39,6
39,878
55,280
39,452
39,349
39,248
39,1002
39,207
39,1066
41,991
30,693
39,465
13,453
39,97
52,506
51,681
39,42
64,1019
24,388
39,434
37,601
36,949
39,67
39,215
39,447
39,1043
39,53
39,422
39,1109
63,838
39,684
39,176
39,335
39,219
39,766
13,745
39,622
39,21
39,1037
39,802
39,40
16,56
39,1059
39,231
39,804
39,1110
22,384
39,664
39,521
39,449
39,547
39,374
61,964
9,460
39,713
39,478
39,883
39,378
12,738
39,1060
39,190
39,734
39,731
39,884
39,128
39,701
8,665
39,654
39,1084
39,1103
39,317
39,201
39,724
23,597
39,356
39,621
39,700
36,313
39,54
39,66
41,751
39,615
39,996
39,141
39,218
39,1030
39,1063
39,1025
39,636
39,217
39,500
39,1038
39,187
35,486
60,871
52,501
39,277
39,697
39,481
39,666
39,2
39,474
30,537
39,864
39,473
39,237
39,14
39,1114
19,720
24,1079
39,705
39,1077
39,978
39,578
39,753
39,471
36,51
39,562
39,372
39,432
39,238
39,887
41,561
39,726
24,993
39,798
39,867
53,242
39,1032
39,638
4,658
39,698
39,791
41,729
39,47
35,340
39,469
37,650
39,942
39,663
39,206
39,1116
39,295
39,814
39,1065
39,1078
39,11
39,439
14,718
39,879
41,971
39,711
39,799
39,69
39,59
39,490
53,79
39,811
39,377
39,803
39,921
53,898
20,886
25,1117
39,467
4,963
39,100
39,736
43,246
54,837
39,350
39,408
39,999
39,534
41,1064
39,778
39,223
39,200
39,1034
39,423
39,365
39,393
39,756
39,115
39,1086
39,117
41,679
39,935
39,630
39,830
43,635
52,286
39,735
39,333
53,680
4,387
31,376
41,488
39,154
39,854
39,132
39,822
39,192
39,587
39,922
39,553
39,881
39,515
24,732
31,904
24,1115
39,25
39,104
39,707
39,670
49,331
39,1017
5,302
39,108
39,859
39,677
39,927
39,580
39,671
39,121
39,548
39,180
39,308
39,152
39,28
39,784
39,1031
39,865
39,557
49,531
39,793
17,77
39,222
39,65
39,558
41,915
33,910
39,1118
39,210
39,164
24,855
13,1105
31,744
59,549
16,421
39,977
