16,876
79,323
16,808
16,836
16,109
16,992
16,40
43,214
16,320
16,216
57,554
16,32
16,434
16,68
16,447
16,117
16,957
16,664
58,645
16,1032
16,427
16,668
16,340
54,888
16,505
16,342
66,170
16,360
16,330
16,891
16,287
16,1063
53,278
16,970
16,913
16,682
16,972
16,654
16,243
16,419
16,266
16,141
16,739
16,828
1,319
16,380
16,501
16,916
16,293
16,908
53,968
16,364
53,1076
16,658
16,730
16,47
16,306
47,571
16,722
16,296
16,871
16,446
66,387
16,77
30,963
16,366
16,1056
16,1089
16,173
16,971
16,846
16,678
16,897
38,816
16,1017
53,939
16,308
74,561
2,921
16,202
16,748
16,17
18,583
16,70
16,404
16,529
16,1009
16,852
16,787
21,1000
14,414
53,85
16,494
57,98
53,814
16,585
16,378
16,185
16,488
43,254
35,316
16,261
16,1012
16,149
44,745
24,262
16,524
53,268
16,270
16,448
53,339
53,207
16,646
48,450
16,934
35,178
16,684
16,399
36,28
16,99
53,917
16,246
57,784
16,1027
43,406
16,424
16,652
54,482
44,914
16,1030
16,826
16,827
16,245
16,12
16,299
16,562
16,423
16,283
53,203
16,525
16,769
16,979
16,647
16,159
53,783
16,998
16,679
42,29
16,721
16,73
16,560
16,800
5,744
16,749
16,142
16,81
16,1052
16,1072
16,703
53,490
43,620
16,631
53,1037
16,956
16,1008
16,1071
16,162
16,210
16,523
16,305
14,38
16,499
16,535
16,55
19,1069
69,747
16,1088
16,1082
16,929
16,1
33,742
16,23
16,536
16,579
16,187
16,297
16,750
16,39
16,157
16,215
16,115
16,756
16,665
16,978
53,983
22,773
16,75
37,1059
16,697
16,41
16,303
16,568
16,1002
16,941
16,660
16,731
16,107
16,417
45,875
16,186
16,1084
59,1020
16,411
16,812
16,223
16,97
16,96
42,442
36,588
16,355
18,151
67,251
16,344
16,405
7,902
16,1014
43,623
16,946
38,779
16,233
53,926
16,767
16,5
53,509
16,774
16,889
16,644
16,72
16,666
16,880
16,272
16,648
16,489
16,843
16,612
16,1004
32,782
42,291
16,179
16,589
16,503
16,1053
16,729
16,34
16,943
16,763
16,858
16,363
57,346
16,250
16,418
16,596
16,952
16,977
53,496
16,553
16,847
16,1054
16,211
16,694
16,59
16,240
35,1041
16,985
16,361
16,960
16,260
16,539
16,771
53,1085
53,50
16,1083
16,918
53,996
16,518
16,1077
16,415
53,236
58,298
16,1060
16,574
16,691
16,903
53,274
16,362
16,436
16,840
16,878
16,777
16,801
16,522
16,60
16,237
53,313
16,1003
16,1013
16,899
16,639
16,217
50,877
16,630
16,1044
16,166
16,923
16,1023
16,391
16,822
53,607
16,35
16,208
16,549
35,760
16,988
65,622
53,656
25,605
16,942
57,147
16,230
16,636
16,540
16,425
16,56
53,629
53,3
16,235
16,172
66,1022
16,348
16,124
16,311
16,904
81,420
16,354
16,794
16,394
31,527
16,781
70,189
16,200
16,825
16,1016
46,174
16,820
16,659
16,728
32,716
16,22
16,228
16,866
16,441
16,993
16,920
16,21
16,66
16,86
53,445
16,437
16,621
16,7
54,10
57,528
16,573
53,375
16,786
16,359
16,37
16,755
16,707
16,110
16,388
53,500
10,864
16,184
10,837
16,1078
16,671
16,403
16,127
53,557
16,947
16,146
67,845
16,422
53,241
16,392
16,197
53,862
16,52
16,674
16,628
16,282
16,102
16,62
16,351
16,155
16,949
16,807
56,958
53,1058
16,961
16,13
53,604
16,440
16,932
16,276
16,14
16,477
16,704
16,705
16,582
16,861
16,317
16,772
16,255
16,472
16,651
71,26
16,758
63,898
16,713
16,617
83,580
16,257
53,504
16,712
16,42
16,400
16,759
16,113
16,865
16,643
4,1048
1,4
16,633
16,594
16,87
16,754
16,873
16,80
16,20
53,206
16,1051
16,134
16,765
16,641
28,271
16,36
16,802
16,275
16,82
60,57
16,132
16,842
16,397
57,806
80,133
16,692
16,429
16,137
67,1074
16,1086
16,193
16,256
16,793
16,44
16,726
39,269
16,369
15,156
1,483
16,699
16,451
16,401
42,188
16,833
53,104
16,1031
16,1034
16,15
53,969
16,461
53,279
16,819
61,408
16,46
53,890
8,689
16,796
16,667
16,103
16,199
16,736
16,811
16,154
57,650
14,285
53,201
16,995
40,999
27,592
23,329
16,460
53,635
16,695
16,204
16,986
16,120
16,1042
53,884
16,601
16,1040
16,723
16,164
16,332
16,126
16,881
16,412
16,473
16,67
16,1036
16,224
16,158
16,517
16,761
16,407
35,521
16,43
16,426
16,476
16,140
53,590
35,1018
16,513
53,295
53,277
16,855
1,718
16,711
1,242
16,373
14,183
16,1001
16,900
53,1062
16,776
16,365
53,938
53,829
16,680
16,544
16,1047
68,474
16,627
30,331
53,785
16,69
16,421
32,396
49,676
16,973
36,31
16,226
16,1025
54,859
29,470
16,131
53,49
16,1055
16,386
14,459
16,300
16,135
16,177
16,449
16,1024
53,152
16,834
16,653
16,18
53,465
16,530
16,167
16,602
53,901
16,818
53,951
16,854
53,61
11,844
16,301
16,502
16,657
16,850
16,714
16,191
16,823
16,286
16,531
20,683
53,911
16,267
16,584
16,624
6,143
16,6
16,516
4,130
82,290
16,486
16,194
16,609
16,661
16,606
18,88
38,333
16,839
16,315
16,464
16,577
16,376
16,886
16,48
16,54
16,706
16,688
16,431
53,1073
16,479
16,389
16,841
1,738
16,1079
16,940
16,492
16,598
16,118
16,321
1,377
16,309
16,350
16,1068
16,439
16,907
36,463
16,122
16,1091
16,987
16,232
16,709
16,640
35,64
86,144
16,637
16,9
16,790
16,997
16,252
36,982
16,84
16,817
57,244
53,93
16,370
52,1007
16,25
14,532
16,89
16,337
16,150
53,169
16,953
16,213
16,402
45,734
66,249
16,469
16,264
16,670
53,879
16,165
16,919
16,741
16,821
16,458
53,263
16,564
16,632
16,1065
11,71
53,698
51,906
16,368
16,16
16,533
16,954
16,805
59,352
16,455
35,857
16,307
16,292
16,341
16,556
42,693
16,1080
53,475
16,327
53,345
1,519
16,168
16,944
16,379
54,534
22,180
16,593
16,551
16,192
16,930
16,182
16,515
53,634
16,356
16,136
16,870
16,1029
53,138
16,586
16,238
16,384
16,567
16,358
53,1081
16,964
16,1061
65,336
16,454
16,753
16,922
16,967
18,541
53,432
16,239
16,896
16,190
16,727
27,616
16,810
16,603
16,253
16,860
78,1064
16,740
53,456
16,438
18,804
16,614
16,314
16,608
53,526
16,872
16,538
16,768
16,416
61,312
16,1006
16,937
61,205
16,220
1,733
16,484
16,851
16,687
16,547
16,735
16,613
16,1015
18,468
53,258
16,795
15,945
38,453
16,887
16,30
16,1045
16,302
53,1066
66,966
67,381
16,989
16,480
16,791
1,975
16,788
16,1057
16,766
16,974
16,935
53,83
16,751
16,221
16,625
77,175
16,955
53,610
16,581
16,962
16,677
16,552
16,171
16,507
16,91
16,874
53,90
16,700
16,600
16,383
16,385
16,883
53,832
62,725
13,196
16,512
16,225
26,615
16,498
16,1087
70,106
16,618
16,443
16,153
16,720
16,649
16,481
16,642
16,444
16,780
53,45
43,548
16,550
16,803
16,79
57,893
16,326
16,835
84,322
16,710
16,885
16,662
16,273
16,537
16,101
53,543
16,1043
16,116
16,669
72,572
54,905
53,910
16,119
16,219
16,655
16,198
14,74
16,981
16,792
16,229
16,1021
16,626
16,948
16,478
57,976
12,181
16,927
35,510
16,1039
16,247
16,569
16,357
16,925
16,1035
53,347
3,1050
58,65
57,565
16,757
16,511
16,457
16,576
16,797
16,1067
16,611
16,936
16,395
36,33
16,334
16,869
16,520
53,145
36,546
16,195
45,950
16,294
16,325
53,892
16,163
16,752
16,743
16,435
16,491
16,789
16,770
16,578
75,984
31,558
16,1049
41,824
64,559
16,493
16,696
55,545
16,318
85,863
16,599
18,281
53,108
16,288
16,830
16,915
16,690
16,815
16,719
16,335
16,595
16,265
16,304
16,280
39,737
16,514
53,160
16,587
16,95
16,231
16,76
19,717
16,367
16,390
16,139
58,111
16,1070
16,809
14,234
16,1019
16,497
53,1028
16,413
16,980
16,597
16,965
16,764
16,638
16,121
16,701
18,1010
18,1033
34,1011
16,673
16,681
16,92
53,487
38,732
16,53
16,555
53,112
16,508
16,848
16,374
16,398
17,566
76,542
53,382
16,991
16,410
57,452
16,284
16,1038
16,51
16,591
16,909
16,724
16,371
16,24
16,868
16,575
73,128
16,931
16,409
16,372
16,1075
53,506
53,1026
16,466
16,895
16,994
16,11
16,94
16,882
16,259
53,672
16,123
38,853
16,328
16,289
16,959
16,19
57,894
16,708
53,212
16,675
16,702
16,462
16,798
53,686
16,27
31,338
16,63
16,746
53,324
32,775
16,778
16,495
16,831
35,430
16,928
16,799
43,393
16,471
16,222
53,563
31,310
16,570
16,176
16,227
16,1046
16,161
16,8
18,100
16,849
16,125
16,912
16,685
16,209
16,129
16,105
16,1090
16,248
53,485
16,218
16,715
53,148
16,353
16,114
16,58
16,349
57,838
16,428
16,867
16,467
16,2
16,762
16,813
16,78
16,1005
16,924
16,990
16,619
9,343
16,433
16,933
42,856
16,663
