6,661
7,1045
6,845
6,943
6,19
6,1007
6,529
6,582
6,245
6,70
5,959
6,917
6,381
5,130
6,220
6,325
6,58
6,212
6,672
6,1051
6,568
6,564
6,1015
6,781
3,1108
6,924
6,448
4,969
6,125
6,1047
6,870
6,332
6,466
6,188
6,1091
6,541
6,153
6,983
6,1113
6,300
6,236
6,352
6,1072
6,532
6,309
6,454
5,645
6,1012
6,1080
6,504
5,1020
6,668
6,389
7,1023
6,221
6,839
6,627
6,98
5,974
6,1096
6,78
6,988
6,259
6,430
4,1018
7,322
6,402
6,772
5,403
6,800
6,74
6,633
6,339
6,1021
6,589
6,906
4,386
6,497
5,1062
6,357
6,767
6,301
6,795
6,796
6,651
6,283
6,306
6,976
6,435
6,416
6,30
6,656
6,975
6,88
6,86
6,1119
6,1041
6,918
6,330
10,686
6,13
6,869
6,955
3,683
6,610
6,216
6,35
3,342
6,262
6,292
6,714
6,272
6,496
6,937
1,565
6,63
1,289
6,328
6,827
6,1057
3,482
6,298
6,499
6,1010
6,29
6,821
6,23
7,36
6,360
6,436
6,569
1,535
6,468
6,741
6,903
6,785
6,296
6,788
6,794
6,982
7,546
6,234
6,539
6,780
6,495
6,590
6,119
6,464
6,542
6,742
6,1087
4,92
6,249
1,673
6,510
6,773
6,106
6,462
6,792
6,1016
6,992
6,160
6,347
4,629
6,1089
6,175
6,443
6,545
6,614
6,145
6,1000
6,952
6,609
6,786
6,358
6,71
6,485
6,494
6,1048
3,769
6,1100
6,604
6,12
6,928
6,498
6,1026
7,933
6,846
6,862
7,797
6,755
1,1044
6,174
6,970
6,782
6,690
6,385
6,812
6,240
1,947
7,225
6,849
6,1076
6,15
6,178
5,193
6,893
6,637
6,1111
4,916
6,689
6,1092
6,371
6,362
6,183
6,603
7,704
7,994
6,995
6,156
6,413
4,359
1,1046
6,543
6,914
6,688
6,68
6,202
6,151
6,138
6,528
6,660
6,133
6,577
6,61
6,675
5,287
5,428
6,1093
6,367
6,980
5,263
6,483
6,380
6,516
11,920
6,1013
6,155
6,885
6,343
6,575
6,22
6,76
6,479
6,843
6,401
6,815
6,404
6,874
6,438
6,653
6,168
6,314
6,808
6,87
6,484
6,440
6,1058
6,967
6,291
6,824
6,9
6,270
6,126
6,787
6,1053
7,60
6,771
6,101
6,320
6,214
6,33
6,470
6,676
6,418
1,818
6,853
6,157
6,1099
6,275
6,267
6,269
6,763
6,195
5,973
6,143
6,80
6,105
6,912
6,444
6,866
3,857
6,647
6,930
6,606
6,682
6,476
3,1088
6,747
6,73
6,75
6,186
7,599
6,285
6,445
6,702
7,311
6,957
6,159
6,748
6,667
6,394
6,613
6,960
6,290
6,829
6,113
6,327
6,602
6,149
3,209
6,353
1,46
6,399
6,945
6,527
6,181
6,396
6,801
5,958
6,208
6,366
6,764
6,446
6,759
6,941
6,997
6,1107
6,749
11,931
6,856
6,392
6,57
6,254
6,579
7,987
6,316
6,687
6,774
6,148
6,266
6,82
6,826
6,895
1,956
6,118
6,85
6,1008
6,41
6,894
6,662
5,789
6,880
6,4
6,1005
1,459
5,256
7,433
6,944
6,642
6,835
6,882
6,517
6,524
6,329
6,566
1,228
6,1106
6,1033
6,730
6,907
6,1098
1,1042
6,761
6,754
6,909
6,913
6,109
6,95
6,410
6,368
6,243
6,50
6,205
6,737
6,1090
6,232
1,278
6,34
6,929
6,1024
6,776
6,507
6,442
6,49
6,140
6,146
6,555
6,318
6,341
4,790
6,513
1,204
6,1049
6,258
6,573
6,805
6,708
6,695
6,457
6,199
5,103
6,94
6,972
6,692
6,891
6,836
6,405
5,522
6,182
6,191
6,585
6,873
6,425
6,276
6,584
6,757
6,230
6,1073
6,576
6,592
6,398
6,848
6,158
6,750
6,1068
6,634
6,1
6,552
7,850
6,758
6,1071
6,966
6,43
6,250
6,406
8,1035
6,112
5,649
6,307
5,493
6,173
5,429
7,1036
6,293
6,503
6,1067
7,703
6,491
6,833
7,1003
6,624
6,390
6,147
6,407
7,163
6,310
1,411
6,768
5,312
6,1040
6,122
6,194
6,694
6,544
6,593
6,538
6,261
6,315
7,550
7,1104
6,431
6,623
6,685
6,852
6,570
6,858
6,896
6,281
6,1056
6,953
6,233
6,678
6,170
3,583
6,571
6,134
6,321
6,939
6,144
6,299
6,99
6,334
6,1011
6,990
6,834
6,709
6,458
6,863
6,657
4,652
6,699
6,727
1,346
6,777
6,536
7,72
6,211
6,631
6,872
6,382
6,530
6,420
6,297
6,3
6,1081
6,842
3,1050
4,556
6,62
6,102
6,253
3,1074
6,337
6,1054
6,400
4,520
4,492
6,559
6,344
5,179
5,197
6,596
6,419
6,89
6,923
6,712
6,901
6,255
6,641
6,323
6,489
6,594
6,294
6,828
6,91
6,373
5,823
6,414
3,525
6,227
6,26
6,167
6,1009
6,696
6,241
1,526
6,717
6,224
6,137
6,165
6,932
6,1022
6,902
6,391
6,716
7,93
6,244
6,274
6,911
6,251
6,1029
6,1014
6,640
6,762
6,512
6,618
6,706
6,926
6,807
6,1094
6,900
6,177
6,409
7,456
6,351
6,1027
6,415
6,632
6,574
7,32
6,264
6,617
6,338
6,96
6,18
6,819
6,1061
6,508
1,655
6,114
6,940
6,783
6,427
1,90
7,239
6,934
5,31
6,480
6,1075
6,644
6,847
6,17
6,273
6,288
6,455
6,81
6,950
6,383
5,235
6,611
6,265
6,304
7,48
6,319
6,1082
6,691
5,936
6,825
6,551
6,169
6,369
5,129
6,1102
7,1001
7,659
6,441
6,27
6,809
3,523
3,875
6,505
6,260
6,892
6,282
6,733
3,1052
6,161
1,424
1,586
6,44
6,626
6,461
6,284
6,451
6,52
6,397
6,379
6,136
6,198
6,518
6,5
6,984
6,213
6,925
6,324
7,37
5,120
6,10
7,938
7,725
6,370
6,608
6,107
5,268
6,740
3,600
6,326
6,897
6,674
5,111
6,463
7,810
6,572
6,888
6,110
6,84
5,229
6,616
5,625
6,271
6,775
6,728
7,1097
6,765
5,64
6,417
6,395
5,820
6,1070
7,567
3,760
6,628
7,39
1,1069
11,1085
6,954
7,142
6,477
6,905
6,746
6,1039
6,948
4,965
6,363
6,511
6,345
6,968
6,908
6,998
7,743
6,38
5,722
6,305
6,375
1,595
6,45
6,620
6,83
6,196
6,1083
6,123
6,540
6,779
6,355
6,336
6,24
6,412
6,591
6,832
6,961
6,139
6,739
6,981
6,831
6,844
6,639
1,509
6,877
6,710
6,851
6,841
6,648
4,581
6,487
6,257
6,560
6,1095
6,899
6,919
5,472
6,135
4,20
6,646
6,643
6,502
6,127
5,533
5,1112
6,817
6,721
6,989
9,876
6,619
6,1101
6,1028
6,986
6,475
6,770
6,951
5,16
6,979
6,519
5,813
6,840
6,669
6,124
6,598
6,860
6,723
6,185
1,806
6,889
6,1006
6,116
6,171
6,868
6,303
6,189
1,437
6,946
6,226
6,203
6,607
6,554
6,605
11,150
6,354
6,752
6,588
6,890
6,612
6,985
6,361
6,247
6,563
6,172
6,715
6,1004
6,962
6,1055
6,348
6,279
1,166
4,252
6,162
6,364
6,450
3,7
6,184
6,55
6,514
6,719
5,861
4,8
6,426
5,816
6,131
6,6
6,878
7,280
6,452
6,349
6,248
6,1002
6,207
6,1066
6,991
5,693
6,465
3,453
6,97
7,506
7,681
6,42
9,1019
5,388
6,434
6,601
6,949
6,67
6,215
6,447
6,1043
6,53
6,422
6,1109
9,838
6,684
6,176
6,335
6,219
6,766
3,745
6,622
6,21
6,1037
6,802
6,40
4,56
6,1059
6,231
6,804
6,1110
4,384
6,664
6,521
6,449
6,547
6,374
9,964
2,460
6,713
6,478
6,883
6,378
3,738
6,1060
6,190
6,734
6,731
6,884
6,128
6,701
1,665
6,654
6,1084
6,1103
6,317
6,201
6,724
5,597
6,356
6,621
6,700
6,313
6,54
6,66
6,751
6,615
6,996
6,141
6,218
6,1030
6,1063
6,1025
6,636
6,217
6,500
6,1038
6,187
6,486
8,871
7,501
6,277
6,697
6,481
6,666
6,2
6,474
5,537
6,864
6,473
6,237
6,14
6,1114
4,720
5,1079
6,705
6,1077
6,978
6,578
6,753
6,471
6,51
6,562
6,372
6,432
6,238
6,887
6,561
6,726
5,993
6,798
6,867
7,242
6,1032
6,638
1,658
6,698
6,791
6,729
6,47
6,340
6,469
6,650
6,942
6,663
6,206
6,1116
6,295
6,814
6,1065
6,1078
6,11
6,439
3,718
6,879
6,971
6,711
6,799
6,69
6,59
6,490
7,79
6,811
6,377
6,803
6,921
7,898
4,886
5,1117
6,467
1,963
6,100
6,736
6,246
7,837
6,350
6,408
6,999
6,534
6,1064
6,778
6,223
6,200
6,1034
6,423
6,365
6,393
6,756
6,115
6,1086
6,117
6,679
6,935
6,630
6,830
6,635
7,286
6,735
6,333
7,680
1,387
5,376
6,488
6,154
6,854
6,132
6,822
6,192
6,587
6,922
6,553
6,881
6,515
5,732
5,904
5,1115
6,25
6,104
6,707
6,670
7,331
6,1017
1,302
6,108
6,859
6,677
6,927
6,580
6,671
6,121
6,548
6,180
6,308
6,152
6,28
6,784
6,1031
6,865
6,557
7,531
6,793
4,77
6,222
6,65
6,558
6,915
6,910
6,1118
6,210
6,164
5,855
3,1105
5,744
8,549
4,421
6,977
