8,798
8,410
7,575
8,901
5,705
8,80
8,580
8,884
8,29
8,451
8,572
8,85
8,22
2,985
8,547
8,816
8,161
2,914
8,234
9,927
8,204
8,242
2,296
8,301
2,1036
8,746
8,1074
8,656
8,393
9,883
9,512
8,791
2,802
8,843
2,254
9,356
8,114
8,1014
8,544
8,413
8,961
8,730
8,594
8,69
8,817
8,428
2,767
8,1065
8,850
2,76
8,760
8,935
8,644
8,374
8,881
8,576
8,989
8,754
8,68
8,229
8,695
4,239
3,1018
8,943
2,632
8,260
2,1062
8,861
8,655
8,1063
8,972
8,1081
8,498
8,951
8,763
8,991
8,846
8,782
6,723
8,444
8,625
8,494
6,419
2,72
8,115
2,677
8,24
8,209
2,238
8,837
8,476
8,178
8,380
8,1000
3,1075
8,939
8,287
8,667
8,578
8,27
8,262
8,762
8,128
9,790
8,528
8,1033
8,364
2,622
8,740
8,557
8,771
8,758
9,345
8,327
8,593
8,968
8,471
8,425
8,437
2,32
8,608
8,495
8,944
8,1048
8,360
8,98
9,43
8,252
8,922
8,71
8,744
8,707
8,688
8,661
2,282
3,866
8,328
8,863
8,905
8,423
9,375
8,320
8,138
8,45
8,454
9,1071
8,830
8,398
8,196
8,946
2,506
8,774
8,959
8,882
8,155
8,603
8,911
8,10
8,501
8,394
8,118
8,776
8,783
8,1020
8,106
1,480
8,674
8,1029
8,1061
8,854
8,497
8,979
8,162
8,713
8,827
8,847
8,696
8,1017
8,1013
8,650
8,8
8,250
8,399
8,913
8,187
8,335
8,152
8,909
8,182
8,39
2,230
2,122
8,245
8,490
8,317
8,452
8,6
8,321
9,134
8,848
8,435
8,1050
2,964
8,1021
8,348
8,651
2,469
8,525
8,875
9,334
8,443
8,460
8,933
2,940
8,565
3,589
1,1042
8,606
8,7
8,404
8,967
9,1077
9,676
8,34
8,163
9,395
2,521
8,958
8,315
8,897
8,896
8,121
2,353
8,279
8,825
8,396
8,388
8,426
8,996
8,742
8,1022
8,90
8,862
8,669
8,73
8,639
8,401
8,188
9,636
8,948
8,144
8,379
8,206
8,212
8,418
2,251
8,954
8,1047
8,201
8,607
8,167
8,824
8,546
8,835
8,947
8,489
8,869
8,125
8,44
8,259
8,941
3,778
8,132
9,145
8,801
8,183
8,59
8,965
8,293
8,716
8,482
8,635
8,366
2,37
8,851
8,793
8,343
9,175
8,450
2,342
8,765
8,173
8,785
8,277
8,720
8,936
8,690
9,659
3,826
8,246
8,4
8,446
3,809
8,302
8,524
8,448
8,432
8,1010
8,916
8,478
8,496
2,97
8,1034
8,995
8,624
8,605
8,683
8,743
8,484
8,441
8,769
6,852
10,468
2,717
9,642
8,1044
8,945
8,48
8,314
8,646
2,463
2,149
8,545
8,714
8,235
8,590
2,92
8,810
2,54
2,626
8,858
8,592
8,1002
8,813
8,554
8,285
3,1009
8,596
8,617
9,409
8,295
8,1058
8,955
8,523
3,671
8,1060
2,1043
8,581
8,703
8,849
1,224
8,853
8,819
8,618
9,179
8,459
2,520
2,583
8,892
8,726
8,1027
8,281
8,595
8,534
8,58
8,770
9,363
9,57
8,615
8,530
8,840
2,877
8,267
8,406
8,369
8,103
8,719
8,159
8,263
3,807
2,795
8,329
8,215
8,445
8,70
8,491
8,283
8,96
8,436
8,893
8,91
1,225
8,449
8,220
8,153
8,918
8,833
8,508
8,112
8,535
8,814
8,99
8,156
8,1032
8,258
8,976
8,424
8,300
8,888
2,1041
3,341
8,143
8,573
8,13
8,371
8,297
8,993
8,66
8,680
2,682
8,1008
8,1056
8,292
8,202
8,732
8,868
8,1028
8,307
8,319
8,666
8,427
8,81
8,42
8,313
8,461
8,243
8,376
8,19
8,75
8,1007
8,241
8,597
8,310
8,147
8,195
8,473
8,929
2,555
8,74
8,1003
8,221
8,502
8,176
8,291
8,124
8,942
8,53
8,172
8,55
8,756
8,867
8,169
8,109
8,2
8,160
8,381
8,988
8,872
9,697
8,370
8,1066
8,586
8,174
8,815
8,963
8,526
3,540
8,962
8,982
8,969
8,462
2,731
8,515
8,17
8,519
8,588
8,569
8,1052
2,417
8,483
8,51
8,384
2,477
8,999
9,1030
8,784
2,433
8,591
9,336
8,392
2,834
8,40
8,548
2,908
8,289
9,702
2,1069
8,467
8,558
8,653
8,986
8,701
8,957
8,131
8,386
8,93
8,383
8,704
9,937
8,60
2,749
8,248
8,992
8,998
8,275
9,488
8,823
8,748
2,930
8,974
8,414
9,1070
8,637
8,148
8,518
8,1083
8,11
8,692
8,829
2,745
8,77
8,165
8,208
8,582
8,1076
8,407
8,268
8,910
2,629
2,538
2,100
8,41
2,500
9,1053
8,902
8,403
8,271
9,777
8,422
2,318
8,647
8,752
8,627
2,116
8,21
8,665
8,197
8,878
8,26
8,266
8,184
8,228
8,130
8,796
8,442
8,198
9,158
8,859
8,193
8,686
8,983
8,755
8,549
8,338
8,634
8,111
8,567
8,264
8,200
2,984
4,280
8,465
8,724
2,133
8,373
8,779
8,429
8,455
8,738
2,129
9,753
9,658
2,1049
2,269
8,657
8,678
8,137
8,94
9,1051
8,180
2,973
8,923
7,168
8,82
8,672
8,1072
8,831
8,464
8,856
9,880
8,305
8,1045
8,64
8,747
8,126
8,344
8,185
3,52
8,602
8,537
8,49
8,211
8,949
8,640
9,257
8,938
8,800
2,1067
9,308
8,276
8,150
9,551
8,255
2,270
8,855
8,599
8,541
8,190
8,247
9,781
8,1078
2,351
2,294
8,231
8,950
8,38
8,710
2,1019
8,15
4,359
8,358
8,773
8,527
8,16
2,170
8,140
8,123
8,101
2,177
8,171
8,362
8,400
8,1057
8,533
8,934
8,470
2,1079
8,750
6,387
8,352
8,466
8,522
2,620
3,46
8,194
8,416
8,891
8,504
8,1035
9,1068
8,681
8,553
8,485
8,253
8,456
9,1055
8,566
8,61
8,1054
8,1024
1,142
2,797
8,994
8,664
3,926
8,408
8,330
2,899
8,727
8,735
2,864
8,439
8,997
8,431
2,405
8,218
8,457
8,1037
8,1
8,273
8,139
8,412
8,481
2,56
8,236
8,237
2,552
8,513
9,691
8,306
2,205
8,309
8,87
8,88
8,1011
8,598
8,873
8,286
8,1039
8,219
9,510
8,453
8,186
8,240
8,349
8,438
8,385
8,631
2,736
8,440
2,768
8,493
8,316
8,584
8,346
8,698
8,894
8,102
8,189
8,772
8,1073
8,571
8,107
8,643
2,641
8,472
8,105
8,486
8,684
2,154
8,722
8,213
8,885
8,556
8,562
8,434
2,1031
8,585
3,326
8,244
8,609
4,924
8,903
8,12
8,164
8,577
8,633
8,1004
7,981
8,261
8,119
8,708
2,895
2,766
9,532
2,729
8,311
8,415
8,117
8,733
9,181
7,304
8,786
8,265
8,990
8,1064
8,411
2,232
8,28
2,110
2,728
9,1026
8,157
8,397
8,966
8,9
8,616
9,579
8,764
8,685
8,372
9,673
8,333
8,757
8,915
2,876
8,808
2,628
9,709
8,354
2,475
9,917
8,699
2,78
2,919
8,890
8,389
8,932
8,474
8,447
8,794
8,278
8,543
8,788
8,887
8,223
9,210
8,564
8,274
2,325
8,1001
8,842
8,199
8,660
2,706
8,127
8,612
8,652
8,805
3,1040
2,529
8,839
8,113
9,536
8,645
8,249
8,479
8,298
1,751
8,288
8,30
8,222
8,365
8,509
8,104
2,700
8,630
8,822
2,141
8,828
8,587
8,505
8,619
8,977
8,378
8,832
8,811
2,611
8,874
9,568
8,146
8,920
8,542
2,350
8,857
9,516
2,1059
8,900
8,20
8,649
8,31
1,931
8,739
8,377
8,906
8,1046
8,226
8,36
8,928
9,323
2,970
8,83
8,322
8,689
2,79
8,1015
8,799
9,623
8,812
8,3
9,956
8,5
8,514
8,820
8,980
8,610
8,721
8,761
8,860
8,550
8,33
8,560
8,780
8,718
8,1023
8,1080
8,836
8,675
8,382
8,663
8,886
2,18
2,391
8,337
8,987
5,492
8,821
8,1006
8,865
2,804
8,203
8,838
8,725
8,1038
8,613
8,67
8,1025
8,889
8,507
6,65
3,207
8,531
8,357
8,662
2,25
8,693
9,559
2,898
8,499
2,368
8,47
8,654
8,14
8,50
8,539
8,84
2,503
8,904
8,570
8,679
8,759
8,1005
8,324
8,430
8,648
8,561
8,135
8,191
8,563
8,340
9,960
8,806
8,621
8,1012
2,687
2,953
8,952
8,284
8,458
8,89
8,331
2,737
8,604
8,290
6,233
2,23
8,120
8,339
8,35
8,978
8,367
8,775
2,420
8,841
2,668
8,574
8,818
8,511
8,925
8,332
8,151
8,256
8,871
8,907
8,844
8,741
8,734
2,712
8,312
9,803
8,600
8,845
8,227
8,787
8,86
9,108
8,975
8,192
8,214
8,614
8,921
8,517
8,1016
8,402
8,912
8,217
8,166
8,1082
9,879
8,361
8,711
8,303
8,390
8,715
8,272
8,638
8,487
8,694
8,355
8,421
8,136
8,971
8,63
8,347
8,299
8,789
8,870
8,95
8,216
2,601
8,670
1,792
8,62
