7,564
18,532
18,151
18,452
18,372
15,475
9,422
18,539
15,476
35,88
35,593
18,210
18,507
18,78
7,596
18,65
18,509
30,220
15,99
15,165
18,279
18,84
18,196
17,310
35,406
18,521
34,296
19,12
18,79
18,407
18,16
20,303
18,558
18,23
18,625
7,392
15,340
35,4
18,216
36,365
3,209
6,515
18,56
18,437
18,562
18,234
35,120
9,546
35,627
9,351
18,495
18,371
18,529
9,344
11,395
18,439
18,145
18,149
6,277
7,519
7,482
7,161
16,300
29,366
18,110
18,584
18,606
18,187
18,350
22,294
15,308
7,53
7,347
19,283
17,43
27,213
34,607
18,360
18,173
20,223
18,465
18,45
18,585
18,413
18,536
15,218
6,158
18,321
18,200
15,621
7,569
18,81
20,224
29,111
20,66
22,493
18,114
32,46
18,178
35,212
22,113
29,487
11,469
18,89
15,115
31,13
21,135
18,333
35,8
18,500
18,597
15,97
18,555
18,228
18,592
18,44
18,280
18,622
13,603
18,5
1,259
35,570
9,57
11,619
7,22
27,17
18,510
22,3
18,561
27,69
20,324
7,260
9,553
13,383
18,281
18,291
18,82
7,26
7,479
3,602
22,342
36,315
7,85
9,363
18,236
21,30
6,498
31,29
18,225
18,524
18,313
6,468
11,573
37,198
20,626
18,444
18,580
18,238
20,335
18,533
18,289
14,176
18,586
7,245
18,591
7,249
18,471
18,599
1,168
1,620
7,33
18,528
18,282
9,401
7,192
18,269
23,35
18,51
35,2
10,298
15,136
11,214
18,385
16,560
13,359
7,292
18,615
12,484
7,550
29,257
9,480
18,429
20,556
10,92
6,425
18,117
7,409
18,322
17,554
18,472
7,450
18,445
7,514
35,325
11,263
17,217
22,527
17,68
18,604
18,440
15,14
18,160
18,104
18,587
18,577
18,456
18,108
18,631
35,448
18,629
23,618
20,301
18,581
18,39
18,497
15,58
7,364
18,397
15,163
1,424
18,458
7,339
11,382
18,150
7,361
18,31
7,457
18,540
15,582
31,567
4,172
15,490
9,434
1,83
18,253
9,346
15,415
15,129
18,511
20,52
1,594
1,167
18,202
15,34
7,137
1,605
18,231
14,127
18,600
18,537
19,410
23,544
18,288
20,116
13,305
15,183
24,215
7,595
18,338
13,156
20,508
20,157
7,21
15,118
15,461
6,67
18,75
15,624
18,24
18,428
18,199
18,208
18,206
32,502
16,28
20,261
15,74
18,278
18,19
20,247
18,394
18,90
11,20
18,473
14,9
18,489
6,275
18,37
15,226
18,357
18,6
35,229
18,266
7,248
18,86
20,504
32,105
18,571
35,242
18,112
15,417
20,311
18,299
13,254
18,274
35,535
7,181
6,464
16,211
1,71
18,370
18,393
7,513
18,408
18,389
7,486
4,334
31,287
6,239
33,427
7,184
1,285
18,319
15,63
18,566
32,387
32,551
18,542
18,270
18,447
9,531
18,314
7,265
18,185
6,119
18,134
18,549
32,380
31,295
18,258
18,162
1,193
37,250
7,286
7,430
7,93
15,572
9,222
18,95
18,377
18,271
6,155
18,412
18,264
18,272
18,462
9,557
11,159
3,131
15,312
18,80
18,32
6,290
7,390
20,579
6,306
20,375
1,608
36,388
14,496
9,146
18,107
18,399
7,207
18,518
1,70
16,96
20,101
15,559
20,128
9,141
18,177
15,221
15,262
18,609
29,474
18,267
11,483
21,543
6,188
18,354
1,491
7,1
26,268
11,189
18,326
18,416
15,598
18,197
18,73
35,235
20,125
18,203
8,435
18,227
7,494
15,61
7,91
7,355
31,304
7,530
18,545
9,421
18,526
18,132
31,432
16,588
17,139
18,610
20,523
28,438
7,171
11,481
18,419
7,166
11,384
18,317
7,62
18,175
18,60
11,232
35,630
11,343
18,454
18,418
29,449
13,164
18,186
7,138
18,520
37,201
18,331
36,72
7,143
6,403
18,255
18,576
18,237
11,517
35,36
18,273
20,356
27,616
15,323
18,15
35,374
31,485
18,601
18,613
1,414
18,362
18,318
15,522
24,455
18,329
18,297
6,506
27,512
18,400
18,59
7,477
18,345
24,501
18,568
7,152
15,195
18,376
1,147
15,276
18,42
7,373
35,87
18,628
7,293
18,534
20,525
18,611
18,552
11,405
18,590
6,182
19,436
11,441
15,443
1,503
6,433
18,398
18,368
18,55
18,459
18,233
6,103
15,617
18,124
18,538
5,153
7,499
22,205
18,180
7,194
18,50
6,341
7,54
18,381
11,423
7,243
18,548
18,174
18,246
7,7
13,358
18,133
18,123
11,144
15,367
18,191
18,391
11,48
18,505
18,332
35,488
13,121
12,386
18,320
7,170
18,252
31,589
9,256
13,378
18,470
13,244
11,402
18,251
18,352
18,169
18,230
20,632
18,369
22,41
18,140
18,612
18,327
35,241
18,516
34,49
16,122
18,563
6,541
18,492
18,316
15,302
20,411
18,11
25,442
35,623
7,575
18,109
36,219
20,614
18,204
18,100
18,179
32,38
18,460
18,25
18,466
18,309
7,47
1,10
11,578
18,633
18,40
18,379
18,453
18,142
18,77
18,565
7,27
18,353
18,451
8,154
18,148
18,420
18,328
18,106
18,467
18,349
20,240
23,426
7,547
11,583
3,307
8,337
35,348
18,284
7,98
11,336
18,330
18,94
18,396
18,446
18,190
35,64
17,102
18,18
18,126
18,463
6,478
18,76
7,130
18,431
2,404
36,574
