87,50
119,293
54,579
67,100
44,701
109,607
77,264
130,587
44,525
95,128
31,688
7,545
123,663
79,99
57,245
84,19
47,294
154,574
78,676
79,185
141,308
79,523
78,632
45,239
81,590
96,123
125,356
158,665
177,389
125,130
91,698
35,555
93,639
76,337
38,442
164,320
169,67
79,338
135,23
137,76
79,168
53,227
49,329
52,105
83,679
34,418
165,692
19,388
62,289
78,54
172,146
119,524
6,491
78,385
82,396
60,612
33,154
78,435
52,155
122,699
78,591
81,458
38,381
18,284
126,296
11,554
78,420
107,61
79,498
79,97
81,374
64,642
119,58
112,156
112,530
78,536
30,118
139,459
16,392
85,478
18,474
79,110
119,626
42,553
178,275
44,589
72,397
51,304
81,288
93,428
68,602
89,34
42,666
42,286
73,497
110,7
78,162
184,229
78,522
78,519
107,283
54,425
140,208
180,176
78,278
44,166
43,684
132,125
34,126
78,266
35,473
46,334
81,22
13,623
44,20
60,363
140,38
78,41
135,343
49,492
91,421
119,69
78,453
35,470
79,14
79,82
41,187
78,219
94,494
78,496
107,371
188,313
135,70
180,234
44,189
119,661
136,465
47,350
49,572
46,355
154,159
34,624
2,391
98,596
90,431
78,615
97,89
130,167
144,71
136,62
49,565
17,113
40,311
78,611
78,315
78,25
180,317
119,307
80,55
101,613
52,647
77,490
146,621
70,346
86,508
79,655
81,95
78,387
49,237
183,297
163,449
31,164
17,506
62,680
17,357
79,232
92,594
86,566
116,87
178,592
46,645
116,520
90,4
63,265
78,700
110,556
79,410
135,322
80,694
151,91
135,436
135,196
49,599
98,486
49,345
68,367
33,401
105,316
46,72
21,178
180,548
53,544
48,443
92,165
134,249
54,80
44,390
79,600
121,648
35,16
119,45
119,353
166,603
34,298
119,511
22,468
44,549
48,636
79,593
92,1
119,261
185,259
136,244
33,92
39,177
50,204
78,220
44,33
77,90
119,183
44,416
71,145
9,121
80,31
178,9
52,618
70,617
117,695
78,448
157,135
12,231
115,86
132,383
89,115
78,217
42,228
110,408
187,5
86,207
38,472
47,106
49,609
3,446
52,24
45,483
136,475
98,558
8,669
89,255
48,675
89,580
52,140
167,378
78,181
67,672
79,269
141,439
33,199
46,291
134,323
158,112
183,399
135,505
39,570
76,93
31,335
16,246
79,84
56,450
160,664
135,429
135,94
79,107
78,463
135,649
76,499
170,405
76,127
78,557
38,274
46,562
31,225
78,153
78,460
16,414
78,424
70,627
88,678
152,268
27,197
143,584
162,57
16,224
76,214
119,481
134,109
81,46
78,142
35,454
144,479
81,309
114,512
79,111
38,605
81,502
64,32
81,641
159,375
104,359
78,210
114,124
68,659
46,422
99,364
99,569
123,373
179,441
120,690
78,601
166,488
37,537
20,348
116,559
79,638
42,411
26,250
78,35
78,314
119,290
159,63
119,689
158,331
79,413
62,417
65,361
74,11
14,292
38,276
135,172
80,404
128,252
62,509
83,169
133,151
80,139
78,660
71,120
136,43
35,527
58,466
31,193
140,195
79,682
36,515
106,260
135,218
65,203
12,251
101,138
60,17
79,640
126,487
36,262
78,254
35,59
108,161
148,696
46,44
10,236
126,542
78,202
119,42
44,471
135,226
78,622
55,577
70,88
78,610
78,102
85,206
81,567
78,3
178,386
119,543
142,528
78,685
76,534
56,504
46,691
166,500
65,56
131,116
20,370
32,49
41,625
24,174
135,437
44,352
124,344
66,551
38,631
23,184
37,398
33,279
99,576
90,620
37,634
78,461
135,438
78,15
79,360
36,464
30,257
33,564
79,144
125,194
113,325
76,415
42,324
135,26
81,10
180,129
173,635
158,147
78,646
68,552
62,160
56,369
46,604
180,469
36,477
78,445
86,319
135,175
103,152
45,546
28,173
44,64
70,81
42,48
124,568
135,79
79,295
34,277
161,303
125,216
121,526
78,462
78,200
40,412
56,485
21,550
43,332
98,403
80,347
49,582
131,670
88,517
100,616
79,447
53,300
44,423
79,77
78,336
45,687
7,697
100,406
78,12
35,476
107,541
34,53
107,595
45,258
119,532
23,529
65,368
47,241
36,114
156,66
75,588
78,379
79,233
157,83
79,158
106,484
79,339
76,73
78,382
43,535
60,230
122,122
35,305
107,563
59,221
42,341
69,575
157,136
74,2
49,597
155,394
88,211
35,674
176,215
126,212
48,533
181,52
29,328
153,677
79,656
67,457
136,209
79,13
78,326
78,501
78,60
22,179
49,333
59,662
4,182
78,238
155,578
5,426
119,27
59,456
119,30
78,547
36,451
111,585
135,409
146,321
6,312
53,242
59,514
86,65
78,380
17,637
124,652
86,619
88,651
20,372
61,614
101,608
76,351
78,75
78,74
66,653
41,427
45,96
38,186
154,247
135,538
39,480
119,482
98,68
81,503
71,650
54,131
19,101
36,376
42,495
168,365
80,198
138,583
78,6
119,693
56,243
50,108
117,354
78,467
46,402
157,148
14,8
105,349
33,561
124,430
147,657
78,539
11,444
76,133
78,281
78,273
72,407
87,191
71,384
8,119
81,192
119,282
135,366
68,419
84,39
36,285
76,673
83,598
102,188
35,452
149,270
78,205
129,306
44,521
54,668
81,223
78,137
75,256
127,358
81,150
29,573
44,40
44,78
126,493
56,507
74,240
50,581
79,681
81,489
62,510
76,531
33,18
190,560
150,141
181,434
61,342
78,28
182,271
56,318
94,340
88,280
126,455
38,163
78,540
47,586
35,310
78,149
164,654
174,190
67,629
101,299
75,606
84,377
43,518
107,667
126,395
126,301
112,267
145,21
73,683
118,362
135,117
186,103
36,400
49,213
80,330
116,263
78,36
42,643
78,47
76,171
142,302
136,37
45,571
15,287
189,51
46,686
135,432
119,157
45,134
78,440
118,201
33,104
78,630
69,516
156,633
48,272
141,170
79,98
59,222
171,658
25,180
78,85
37,393
36,235
59,327
78,644
132,433
68,703
44,513
52,29
24,628
78,671
78,132
67,248
78,143
1,702
175,253
