30,421
32,411
5,17
5,207
25,476
5,513
25,681
25,700
23,279
25,147
16,149
25,428
5,636
5,327
5,187
25,585
25,440
25,441
25,638
25,60
25,677
25,416
25,240
25,113
25,384
25,132
5,110
5,152
16,604
25,321
5,399
5,610
25,169
25,219
5,594
25,20
25,77
25,5
25,64
25,204
25,400
25,339
5,503
25,167
25,622
8,499
25,362
25,473
25,103
5,527
25,508
5,635
5,666
25,216
5,7
5,612
25,454
5,232
25,260
25,693
5,526
16,497
5,252
25,439
25,262
25,221
25,511
25,16
5,229
25,41
25,280
16,698
25,554
25,128
4,540
25,114
25,494
5,561
25,304
25,154
23,684
25,39
25,600
25,261
5,40
5,184
25,97
9,354
25,423
25,76
5,139
14,21
5,530
9,437
25,597
25,118
25,356
25,290
5,544
3,386
5,65
25,697
25,583
25,688
5,195
15,501
5,200
19,73
25,82
25,611
25,89
16,317
25,571
25,448
25,49
5,133
25,430
25,98
25,276
25,521
15,319
5,447
25,663
25,183
3,263
16,312
14,54
25,71
23,696
25,202
25,690
25,102
25,652
16,628
16,302
25,655
23,538
5,496
25,672
5,461
5,433
25,178
5,123
5,575
25,648
5,584
25,590
25,479
25,617
25,182
25,664
25,609
25,602
25,514
16,436
5,486
25,488
25,190
25,640
25,326
25,413
25,268
25,369
5,676
25,57
25,649
25,593
25,83
25,429
25,485
25,298
25,553
16,425
25,30
25,287
21,160
25,460
25,517
25,644
5,542
16,328
25,373
25,87
25,365
5,558
16,667
25,157
5,408
25,380
25,427
5,42
25,581
25,468
5,464
25,224
25,104
25,596
25,25
25,606
25,38
25,237
25,34
25,492
25,574
1,475
16,36
25,174
5,306
5,407
5,406
12,415
5,142
25,153
25,417
25,375
25,355
19,493
25,599
25,136
5,539
25,342
5,569
27,96
25,310
25,59
25,536
5,598
5,168
25,370
25,226
18,177
25,145
25,463
25,565
9,213
25,686
25,699
25,196
25,389
25,469
5,378
5,311
5,404
5,238
5,10
35,608
25,284
32,336
25,165
5,466
25,297
25,22
25,682
27,452
25,158
20,247
5,673
25,502
24,481
25,434
25,351
25,577
25,591
5,374
25,67
25,545
25,692
25,381
23,19
25,403
5,573
25,172
5,74
5,665
5,507
25,314
28,45
25,119
25,265
25,451
25,296
5,225
5,151
25,193
25,159
7,18
25,490
23,680
25,131
25,201
18,528
5,236
5,579
16,658
25,394
25,632
25,376
25,117
25,689
9,446
25,385
25,519
25,95
25,124
5,391
25,197
16,350
35,641
25,345
25,214
25,148
25,26
5,251
25,582
5,605
25,529
25,161
7,624
25,668
5,661
25,24
5,509
25,555
25,309
25,472
25,218
25,359
25,379
24,215
5,477
25,163
5,230
19,533
5,111
25,150
25,66
5,419
10,33
25,397
23,639
23,601
25,387
25,267
5,551
25,289
16,683
5,675
5,171
16,516
25,199
25,120
5,410
23,643
25,162
25,44
25,239
10,458
5,637
25,694
32,37
5,691
25,409
5,371
5,631
25,115
5,48
5,512
16,303
25,130
25,524
25,343
23,325
25,234
25,198
25,272
25,630
5,398
25,295
25,324
25,233
25,570
7,642
25,462
25,618
25,438
25,68
25,266
5,192
25,8
28,456
25,443
26,84
5,109
25,12
5,51
5,255
25,495
25,47
25,634
25,249
15,179
5,175
25,270
25,90
5,299
25,619
25,253
25,281
25,79
25,483
25,607
25,80
25,23
25,285
25,189
25,383
25,301
3,705
25,203
23,258
25,70
16,701
25,166
5,562
25,505
16,170
25,323
25,335
25,654
25,414
15,316
5,412
25,278
25,651
5,331
25,471
25,329
25,259
25,392
25,254
25,223
5,515
25,678
5,137
23,550
25,620
25,9
25,341
28,81
5,288
25,269
25,623
8,687
25,445
5,340
25,467
13,674
25,420
14,552
25,578
25,372
25,353
25,129
25,390
5,470
25,449
23,277
25,629
25,108
28,333
25,217
25,256
25,176
5,556
25,291
25,231
25,1
8,566
25,588
5,520
25,2
16,248
25,626
5,360
25,679
25,670
5,246
25,308
5,589
25,349
9,346
25,206
25,422
25,426
25,62
25,173
25,11
5,557
25,564
5,671
25,307
25,532
25,135
7,126
25,580
9,535
25,134
25,72
25,368
5,29
25,703
25,294
25,181
25,704
27,186
25,482
25,155
9,112
25,401
32,121
25,106
5,702
11,431
25,534
5,459
25,92
25,127
25,257
25,361
25,334
5,510
16,53
25,337
17,548
16,85
25,78
5,650
25,522
25,480
25,320
9,344
25,322
5,366
25,275
25,621
5,498
5,271
5,4
5,241
23,567
25,563
23,180
25,465
25,242
25,364
22,633
16,367
25,27
5,537
5,487
25,377
25,191
5,292
16,282
25,525
30,50
5,101
2,86
25,61
25,592
25,660
5,559
25,543
25,208
25,143
5,243
25,405
23,474
25,15
16,245
25,695
25,283
25,659
25,613
25,442
5,3
5,116
31,546
36,52
25,250
25,315
5,35
25,627
25,586
5,227
25,393
25,347
25,305
25,156
25,146
25,576
25,185
9,547
25,13
25,332
25,489
25,99
25,657
25,188
25,32
25,164
25,395
5,194
5,14
5,424
5,662
25,435
25,549
25,264
23,58
5,500
25,228
23,274
25,656
5,273
32,138
5,352
25,685
29,141
25,572
25,244
25,220
5,122
25,432
25,348
25,595
25,444
25,63
25,91
25,43
25,330
25,6
25,55
25,402
5,358
5,293
4,614
25,531
25,105
5,93
25,455
25,69
12,31
25,212
25,396
5,140
5,388
25,313
5,560
5,625
25,222
5,209
25,484
25,646
25,450
25,616
25,56
25,615
6,144
34,107
16,28
25,363
25,210
23,645
25,587
25,75
25,647
27,100
33,125
25,418
25,669
25,235
25,541
25,506
5,603
25,491
23,300
25,94
25,88
25,518
25,286
25,382
25,318
25,504
5,46
25,478
25,453
25,338
25,357
25,523
25,568
15,205
16,211
16,653
25,457
