23,798
23,410
17,575
23,901
10,705
23,80
23,580
23,884
23,29
23,451
23,572
23,85
23,22
2,985
23,547
23,816
23,161
2,914
23,234
27,927
23,204
23,242
2,296
23,301
2,1036
23,746
23,1074
23,656
23,393
26,883
27,512
23,791
2,802
23,843
2,254
25,356
23,114
23,1014
23,544
23,413
23,961
23,730
23,594
23,69
23,817
23,428
2,767
23,1065
23,850
2,76
23,760
23,935
23,644
23,374
23,881
23,576
23,989
23,754
23,68
23,229
23,695
9,239
5,1018
23,943
2,632
23,260
2,1062
23,861
23,655
23,1063
23,972
23,1081
23,498
23,951
23,763
23,991
23,846
20,782
16,723
23,444
23,625
23,494
12,419
2,72
23,115
2,677
23,24
23,209
2,238
23,837
23,476
23,178
23,380
23,1000
6,1075
23,939
23,287
23,667
23,578
23,27
23,262
23,762
23,128
26,790
23,528
23,1033
23,364
2,622
23,740
23,557
23,771
23,758
26,345
23,327
23,593
23,968
23,471
23,425
23,437
2,32
23,608
23,495
23,944
23,1048
23,360
23,98
26,43
23,252
23,922
23,71
23,744
23,707
23,688
23,661
2,282
5,866
23,328
23,863
23,905
23,423
27,375
23,320
23,138
23,45
23,454
27,1071
23,830
23,398
23,196
23,946
2,506
23,774
23,959
23,882
23,155
23,603
23,911
23,10
23,501
23,394
23,118
23,776
23,783
23,1020
23,106
1,480
23,674
23,1029
23,1061
23,854
23,497
23,979
23,162
23,713
23,827
23,847
23,696
23,1017
23,1013
23,650
23,8
23,250
23,399
23,913
23,187
23,335
23,152
23,909
23,182
23,39
2,230
2,122
23,245
23,490
23,317
23,452
23,6
23,321
26,134
23,848
23,435
23,1050
2,964
23,1021
23,348
23,651
2,469
23,525
23,875
26,334
23,443
23,460
23,933
2,940
23,565
6,589
1,1042
23,606
23,7
23,404
23,967
26,1077
26,676
23,34
23,163
25,395
2,521
23,958
23,315
23,897
23,896
23,121
2,353
23,279
23,825
23,396
23,388
23,426
23,996
23,742
23,1022
23,90
23,862
23,669
23,73
23,639
23,401
23,188
26,636
23,948
23,144
23,379
23,206
23,212
23,418
2,251
23,954
23,1047
23,201
23,607
23,167
23,824
23,546
23,835
23,947
23,489
23,869
23,125
23,44
23,259
23,941
5,778
23,132
26,145
23,801
23,183
23,59
20,965
23,293
23,716
23,482
23,635
23,366
2,37
23,851
23,793
23,343
26,175
23,450
2,342
23,765
23,173
23,785
23,277
23,720
23,936
23,690
26,659
6,826
23,246
23,4
23,446
5,809
23,302
23,524
23,448
23,432
23,1010
23,916
23,478
23,496
2,97
23,1034
23,995
23,624
23,605
23,683
23,743
23,484
23,441
23,769
13,852
28,468
2,717
26,642
23,1044
23,945
23,48
23,314
23,646
2,463
2,149
23,545
23,714
23,235
23,590
2,92
23,810
2,54
2,626
23,858
23,592
23,1002
23,813
23,554
23,285
6,1009
23,596
23,617
27,409
23,295
23,1058
23,955
22,523
5,671
23,1060
2,1043
23,581
23,703
23,849
1,224
23,853
23,819
23,618
26,179
23,459
2,520
2,583
23,892
23,726
23,1027
23,281
23,595
23,534
23,58
23,770
27,363
27,57
23,615
23,530
23,840
2,877
23,267
23,406
23,369
23,103
23,719
23,159
20,263
5,807
2,795
23,329
23,215
23,445
23,70
23,491
23,283
23,96
23,436
23,893
23,91
1,225
23,449
23,220
23,153
23,918
23,833
23,508
23,112
23,535
23,814
23,99
23,156
23,1032
23,258
23,976
23,424
23,300
23,888
2,1041
5,341
23,143
23,573
23,13
23,371
23,297
23,993
23,66
23,680
2,682
23,1008
23,1056
23,292
23,202
23,732
23,868
23,1028
23,307
23,319
23,666
23,427
23,81
23,42
23,313
23,461
23,243
20,376
23,19
23,75
23,1007
23,241
23,597
23,310
23,147
23,195
23,473
23,929
2,555
23,74
23,1003
23,221
23,502
23,176
23,291
23,124
23,942
23,53
23,172
23,55
23,756
23,867
23,169
23,109
20,2
22,160
23,381
23,988
23,872
26,697
23,370
23,1066
23,586
23,174
23,815
23,963
23,526
5,540
23,962
23,982
23,969
23,462
2,731
23,515
23,17
23,519
23,588
23,569
23,1052
2,417
23,483
23,51
23,384
2,477
23,999
27,1030
23,784
2,433
23,591
26,336
23,392
2,834
23,40
23,548
2,908
23,289
27,702
3,1069
23,467
23,558
23,653
23,986
23,701
23,957
23,131
23,386
23,93
23,383
23,704
26,937
23,60
2,749
23,248
23,992
23,998
23,275
26,488
23,823
23,748
2,930
23,974
23,414
27,1070
20,637
23,148
23,518
23,1083
23,11
23,692
23,829
2,745
23,77
23,165
23,208
23,582
23,1076
23,407
23,268
23,910
2,629
2,538
2,100
23,41
2,500
26,1053
23,902
23,403
23,271
27,777
23,422
2,318
23,647
23,752
23,627
2,116
23,21
23,665
23,197
23,878
23,26
23,266
23,184
23,228
23,130
23,796
23,442
23,198
27,158
23,859
23,193
23,686
23,983
23,755
23,549
23,338
23,634
23,111
23,567
23,264
23,200
2,984
7,280
23,465
23,724
2,133
23,373
23,779
23,429
23,455
23,738
2,129
27,753
26,658
2,1049
2,269
23,657
23,678
23,137
23,94
27,1051
23,180
2,973
23,923
18,168
23,82
23,672
23,1072
23,831
21,464
23,856
26,880
23,305
23,1045
23,64
23,747
23,126
23,344
23,185
5,52
23,602
23,537
23,49
23,211
23,949
23,640
26,257
23,938
23,800
2,1067
27,308
23,276
23,150
26,551
23,255
2,270
23,855
23,599
23,541
23,190
23,247
26,781
23,1078
2,351
2,294
23,231
23,950
23,38
23,710
2,1019
23,15
7,359
23,358
23,773
23,527
23,16
2,170
23,140
23,123
23,101
2,177
23,171
23,362
23,400
23,1057
23,533
23,934
23,470
2,1079
23,750
14,387
23,352
23,466
23,522
2,620
5,46
23,194
23,416
23,891
23,504
24,1035
26,1068
23,681
23,553
23,485
23,253
23,456
26,1055
23,566
23,61
22,1054
23,1024
1,142
2,797
23,994
23,664
5,926
23,408
23,330
2,899
23,727
23,735
2,864
23,439
23,997
23,431
2,405
23,218
23,457
23,1037
23,1
23,273
23,139
23,412
23,481
2,56
23,236
23,237
2,552
23,513
27,691
23,306
2,205
23,309
23,87
23,88
23,1011
23,598
23,873
23,286
23,1039
23,219
26,510
23,453
23,186
23,240
23,349
23,438
21,385
23,631
2,736
23,440
2,768
23,493
23,316
23,584
23,346
23,698
23,894
23,102
23,189
23,772
23,1073
23,571
23,107
23,643
2,641
23,472
23,105
23,486
23,684
2,154
23,722
23,213
23,885
23,556
23,562
23,434
2,1031
20,585
6,326
23,244
23,609
8,924
23,903
20,12
23,164
23,577
23,633
23,1004
19,981
23,261
23,119
23,708
2,895
2,766
26,532
2,729
23,311
21,415
23,117
23,733
27,181
17,304
23,786
23,265
23,990
23,1064
23,411
2,232
23,28
2,110
2,728
27,1026
23,157
23,397
23,966
23,9
23,616
27,579
23,764
23,685
23,372
27,673
23,333
23,757
23,915
2,876
23,808
2,628
26,709
23,354
2,475
26,917
23,699
2,78
2,919
23,890
23,389
23,932
23,474
23,447
23,794
23,278
23,543
23,788
23,887
23,223
27,210
23,564
23,274
2,325
23,1001
23,842
23,199
23,660
2,706
23,127
23,612
23,652
23,805
6,1040
2,529
23,839
23,113
27,536
23,645
21,249
23,479
23,298
1,751
23,288
23,30
23,222
23,365
23,509
23,104
2,700
20,630
23,822
2,141
20,828
23,587
23,505
23,619
23,977
23,378
23,832
23,811
2,611
23,874
27,568
23,146
23,920
23,542
2,350
23,857
25,516
2,1059
23,900
23,20
23,649
23,31
1,931
23,739
23,377
21,906
23,1046
22,226
23,36
20,928
27,323
2,970
23,83
23,322
23,689
2,79
23,1015
23,799
25,623
23,812
23,3
27,956
20,5
23,514
23,820
23,980
23,610
23,721
23,761
23,860
23,550
23,33
23,560
23,780
23,718
23,1023
23,1080
23,836
23,675
23,382
23,663
23,886
2,18
2,391
23,337
23,987
11,492
23,821
23,1006
23,865
2,804
23,203
23,838
23,725
23,1038
23,613
23,67
23,1025
23,889
23,507
12,65
5,207
23,531
23,357
23,662
2,25
23,693
27,559
2,898
23,499
2,368
23,47
23,654
23,14
23,50
23,539
23,84
2,503
23,904
23,570
23,679
23,759
23,1005
23,324
23,430
23,648
23,561
23,135
23,191
23,563
23,340
26,960
23,806
23,621
23,1012
2,687
2,953
23,952
23,284
23,458
23,89
23,331
2,737
23,604
23,290
15,233
4,23
23,120
23,339
23,35
23,978
23,367
23,775
2,420
23,841
2,668
23,574
23,818
23,511
23,925
23,332
23,151
23,256
23,871
23,907
23,844
23,741
23,734
2,712
23,312
26,803
23,600
23,845
23,227
23,787
23,86
25,108
23,975
23,192
23,214
23,614
23,921
23,517
23,1016
23,402
23,912
23,217
23,166
23,1082
27,879
23,361
23,711
23,303
23,390
23,715
23,272
23,638
23,487
23,694
23,355
23,421
23,136
23,971
23,63
23,347
23,299
23,789
23,870
23,95
23,216
2,601
23,670
1,792
23,62
