5,564
12,532
12,151
12,452
12,372
10,475
6,422
12,539
10,476
26,88
26,593
12,210
12,507
12,78
5,596
12,65
12,509
22,220
10,99
10,165
12,279
12,84
12,196
11,310
26,406
12,521
26,296
13,12
12,79
12,407
12,16
14,303
12,558
12,23
12,625
5,392
10,340
26,4
12,216
26,365
1,209
4,515
12,56
12,437
12,562
12,234
26,120
6,546
26,627
6,351
12,495
12,371
12,529
6,344
7,395
12,439
12,145
12,149
4,277
5,519
5,482
5,161
10,300
22,366
12,110
12,584
12,606
12,187
12,350
16,294
10,308
5,53
5,347
13,283
11,43
21,213
26,607
12,360
12,173
14,223
12,465
12,45
12,585
12,413
12,536
10,218
4,158
12,321
12,200
10,621
5,569
12,81
14,224
22,111
14,66
16,493
12,114
24,46
12,178
26,212
16,113
22,487
7,469
12,89
10,115
23,13
15,135
12,333
26,8
12,500
12,597
10,97
12,555
12,228
12,592
12,44
12,280
12,622
9,603
12,5
1,259
26,570
6,57
7,619
5,22
21,17
12,510
16,3
12,561
21,69
14,324
5,260
6,553
9,383
12,281
12,291
12,82
5,26
5,479
1,602
16,342
26,315
5,85
6,363
12,236
15,30
4,498
23,29
12,225
12,524
12,313
4,468
7,573
27,198
14,626
12,444
12,580
12,238
14,335
12,533
12,289
9,176
12,586
5,245
12,591
5,249
12,471
12,599
1,168
1,620
5,33
12,528
12,282
6,401
5,192
12,269
17,35
12,51
26,2
7,298
10,136
7,214
12,385
10,560
9,359
5,292
12,615
8,484
5,550
22,257
6,480
12,429
14,556
7,92
4,425
12,117
5,409
12,322
11,554
12,472
5,450
12,445
5,514
26,325
7,263
11,217
16,527
11,68
12,604
12,440
10,14
12,160
12,104
12,587
12,577
12,456
12,108
12,631
26,448
12,629
17,618
14,301
12,581
12,39
12,497
10,58
5,364
12,397
10,163
1,424
12,458
5,339
7,382
12,150
5,361
12,31
5,457
12,540
10,582
23,567
2,172
10,490
6,434
1,83
12,253
6,346
10,415
10,129
12,511
14,52
1,594
1,167
12,202
10,34
5,137
1,605
12,231
9,127
12,600
12,537
13,410
17,544
12,288
14,116
9,305
10,183
18,215
5,595
12,338
9,156
14,508
14,157
5,21
10,118
10,461
4,67
12,75
10,624
12,24
12,428
12,199
12,208
12,206
24,502
10,28
14,261
10,74
12,278
12,19
14,247
12,394
12,90
7,20
12,473
9,9
12,489
4,275
12,37
10,226
12,357
12,6
26,229
12,266
5,248
12,86
14,504
24,105
12,571
26,242
12,112
10,417
14,311
12,299
9,254
12,274
26,535
5,181
4,464
10,211
1,71
12,370
12,393
5,513
12,408
12,389
5,486
2,334
23,287
4,239
25,427
5,184
1,285
12,319
10,63
12,566
24,387
24,551
12,542
12,270
12,447
6,531
12,314
5,265
12,185
4,119
12,134
12,549
24,380
23,295
12,258
12,162
1,193
27,250
5,286
5,430
5,93
10,572
6,222
12,95
12,377
12,271
4,155
12,412
12,264
12,272
12,462
6,557
7,159
1,131
10,312
12,80
12,32
4,290
5,390
14,579
4,306
14,375
1,608
26,388
9,496
6,146
12,107
12,399
5,207
12,518
1,70
10,96
14,101
10,559
14,128
6,141
12,177
10,221
10,262
12,609
22,474
12,267
7,483
15,543
4,188
12,354
1,491
5,1
20,268
7,189
12,326
12,416
10,598
12,197
12,73
26,235
14,125
12,203
5,435
12,227
5,494
10,61
5,91
5,355
23,304
5,530
12,545
6,421
12,526
12,132
23,432
10,588
11,139
12,610
14,523
21,438
5,171
7,481
12,419
5,166
7,384
12,317
5,62
12,175
12,60
7,232
26,630
7,343
12,454
12,418
22,449
9,164
12,186
5,138
12,520
27,201
12,331
26,72
5,143
4,403
12,255
12,576
12,237
7,517
26,36
12,273
14,356
21,616
10,323
12,15
26,374
23,485
12,601
12,613
1,414
12,362
12,318
10,522
18,455
12,329
12,297
4,506
21,512
12,400
12,59
5,477
12,345
18,501
12,568
5,152
10,195
12,376
1,147
10,276
12,42
5,373
26,87
12,628
5,293
12,534
14,525
12,611
12,552
7,405
12,590
4,182
13,436
7,441
10,443
1,503
4,433
12,398
12,368
12,55
12,459
12,233
4,103
10,617
12,124
12,538
3,153
5,499
16,205
12,180
5,194
12,50
4,341
5,54
12,381
7,423
5,243
12,548
12,174
12,246
5,7
9,358
12,133
12,123
7,144
10,367
12,191
12,391
7,48
12,505
12,332
26,488
9,121
8,386
12,320
5,170
12,252
23,589
6,256
9,378
12,470
9,244
7,402
12,251
12,352
12,169
12,230
14,632
12,369
16,41
12,140
12,612
12,327
26,241
12,516
26,49
10,122
12,563
4,541
12,492
12,316
10,302
14,411
12,11
19,442
26,623
5,575
12,109
26,219
14,614
12,204
12,100
12,179
24,38
12,460
12,25
12,466
12,309
5,47
1,10
7,578
12,633
12,40
12,379
12,453
12,142
12,77
12,565
5,27
12,353
12,451
5,154
12,148
12,420
12,328
12,106
12,467
12,349
14,240
17,426
5,547
7,583
1,307
5,337
26,348
12,284
5,98
7,336
12,330
12,94
12,396
12,446
12,190
26,64
11,102
12,18
12,126
12,463
4,478
12,76
5,130
12,431
1,404
26,574
