7,564
16,532
16,151
16,452
16,372
13,475
8,422
16,539
13,476
32,88
32,593
16,210
16,507
16,78
7,596
16,65
16,509
27,220
13,99
13,165
16,279
16,84
16,196
15,310
32,406
16,521
31,296
17,12
16,79
16,407
16,16
18,303
16,558
16,23
16,625
7,392
13,340
32,4
16,216
32,365
3,209
6,515
16,56
16,437
16,562
16,234
32,120
8,546
32,627
8,351
16,495
16,371
16,529
8,344
9,395
16,439
16,145
16,149
6,277
7,519
7,482
7,161
14,300
27,366
16,110
16,584
16,606
16,187
16,350
20,294
13,308
7,53
7,347
17,283
15,43
25,213
31,607
16,360
16,173
18,223
16,465
16,45
16,585
16,413
16,536
13,218
6,158
16,321
16,200
13,621
7,569
16,81
18,224
27,111
18,66
20,493
16,114
29,46
16,178
32,212
20,113
27,487
9,469
16,89
13,115
28,13
19,135
16,333
32,8
16,500
16,597
13,97
16,555
16,228
16,592
16,44
16,280
16,622
11,603
16,5
1,259
32,570
8,57
9,619
7,22
25,17
16,510
20,3
16,561
25,69
18,324
7,260
8,553
11,383
16,281
16,291
16,82
7,26
7,479
3,602
20,342
32,315
7,85
8,363
16,236
19,30
6,498
28,29
16,225
16,524
16,313
6,468
9,573
33,198
18,626
16,444
16,580
16,238
18,335
16,533
16,289
12,176
16,586
7,245
16,591
7,249
16,471
16,599
1,168
1,620
7,33
16,528
16,282
8,401
7,192
16,269
21,35
16,51
32,2
9,298
13,136
9,214
16,385
14,560
11,359
7,292
16,615
10,484
7,550
27,257
8,480
16,429
18,556
9,92
6,425
16,117
7,409
16,322
15,554
16,472
7,450
16,445
7,514
32,325
9,263
15,217
20,527
15,68
16,604
16,440
13,14
16,160
16,104
16,587
16,577
16,456
16,108
16,631
32,448
16,629
21,618
18,301
16,581
16,39
16,497
13,58
7,364
16,397
13,163
1,424
16,458
7,339
9,382
16,150
7,361
16,31
7,457
16,540
13,582
28,567
4,172
13,490
8,434
1,83
16,253
8,346
13,415
13,129
16,511
18,52
1,594
1,167
16,202
13,34
7,137
1,605
16,231
12,127
16,600
16,537
17,410
21,544
16,288
18,116
11,305
13,183
22,215
7,595
16,338
11,156
18,508
18,157
7,21
13,118
13,461
6,67
16,75
13,624
16,24
16,428
16,199
16,208
16,206
29,502
14,28
18,261
13,74
16,278
16,19
18,247
16,394
16,90
9,20
16,473
12,9
16,489
6,275
16,37
13,226
16,357
16,6
32,229
16,266
7,248
16,86
18,504
29,105
16,571
32,242
16,112
13,417
18,311
16,299
11,254
16,274
32,535
7,181
6,464
14,211
1,71
16,370
16,393
7,513
16,408
16,389
7,486
4,334
28,287
6,239
30,427
7,184
1,285
16,319
13,63
16,566
29,387
29,551
16,542
16,270
16,447
8,531
16,314
7,265
16,185
6,119
16,134
16,549
29,380
28,295
16,258
16,162
1,193
33,250
7,286
7,430
7,93
13,572
8,222
16,95
16,377
16,271
6,155
16,412
16,264
16,272
16,462
8,557
9,159
3,131
13,312
16,80
16,32
6,290
7,390
18,579
6,306
18,375
1,608
32,388
12,496
8,146
16,107
16,399
7,207
16,518
1,70
14,96
18,101
13,559
18,128
8,141
16,177
13,221
13,262
16,609
27,474
16,267
9,483
19,543
6,188
16,354
1,491
7,1
24,268
9,189
16,326
16,416
13,598
16,197
16,73
32,235
18,125
16,203
7,435
16,227
7,494
13,61
7,91
7,355
28,304
7,530
16,545
8,421
16,526
16,132
28,432
14,588
15,139
16,610
18,523
26,438
7,171
9,481
16,419
7,166
9,384
16,317
7,62
16,175
16,60
9,232
32,630
9,343
16,454
16,418
27,449
11,164
16,186
7,138
16,520
33,201
16,331
32,72
7,143
6,403
16,255
16,576
16,237
9,517
32,36
16,273
18,356
25,616
13,323
16,15
32,374
28,485
16,601
16,613
1,414
16,362
16,318
13,522
22,455
16,329
16,297
6,506
25,512
16,400
16,59
7,477
16,345
22,501
16,568
7,152
13,195
16,376
1,147
13,276
16,42
7,373
32,87
16,628
7,293
16,534
18,525
16,611
16,552
9,405
16,590
6,182
17,436
9,441
13,443
1,503
6,433
16,398
16,368
16,55
16,459
16,233
6,103
13,617
16,124
16,538
5,153
7,499
20,205
16,180
7,194
16,50
6,341
7,54
16,381
9,423
7,243
16,548
16,174
16,246
7,7
11,358
16,133
16,123
9,144
13,367
16,191
16,391
9,48
16,505
16,332
32,488
11,121
10,386
16,320
7,170
16,252
28,589
8,256
11,378
16,470
11,244
9,402
16,251
16,352
16,169
16,230
18,632
16,369
20,41
16,140
16,612
16,327
32,241
16,516
31,49
14,122
16,563
6,541
16,492
16,316
13,302
18,411
16,11
23,442
32,623
7,575
16,109
32,219
18,614
16,204
16,100
16,179
29,38
16,460
16,25
16,466
16,309
7,47
1,10
9,578
16,633
16,40
16,379
16,453
16,142
16,77
16,565
7,27
16,353
16,451
7,154
16,148
16,420
16,328
16,106
16,467
16,349
18,240
21,426
7,547
9,583
3,307
7,337
32,348
16,284
7,98
9,336
16,330
16,94
16,396
16,446
16,190
32,64
15,102
16,18
16,126
16,463
6,478
16,76
7,130
16,431
2,404
32,574
