43,13
73,442
39,83
22,295
6,248
49,271
39,92
120,108
100,202
39,63
39,249
39,117
39,504
39,393
39,561
17,321
39,499
39,211
39,156
39,115
39,490
38,180
114,178
168,472
159,562
9,522
49,198
42,389
39,199
39,443
112,146
72,96
39,39
39,125
164,18
28,151
172,290
39,330
39,87
39,33
50,148
48,200
31,195
39,101
149,19
39,560
39,59
168,300
120,568
39,56
39,571
118,564
39,325
49,419
39,15
39,139
43,501
38,174
39,299
42,261
39,528
39,536
39,401
81,279
39,44
49,276
39,143
39,489
39,109
34,418
58,291
24,349
139,386
39,40
39,530
95,238
49,46
39,545
39,467
27,245
111,404
39,244
39,378
39,29
39,67
7,252
39,274
39,574
39,89
116,516
84,293
39,327
39,283
39,533
81,119
39,370
177,458
39,68
49,88
167,465
39,285
39,227
81,331
49,50
165,7
70,237
78,557
39,303
39,317
49,449
48,144
32,339
122,188
39,537
39,413
48,3
39,230
134,166
39,394
148,155
168,20
72,372
39,240
154,366
39,203
35,583
49,513
36,11
169,487
169,258
39,269
64,579
57,322
130,414
49,53
174,152
123,556
168,255
39,131
101,243
29,420
38,368
39,221
39,428
165,553
39,316
162,491
39,278
131,65
32,286
39,55
39,233
39,78
19,215
39,205
39,254
184,409
67,532
127,494
74,69
39,51
137,448
62,423
39,266
41,512
39,567
164,481
28,171
39,326
49,460
39,34
146,228
79,466
39,391
150,430
169,94
169,196
39,14
1,62
39,367
169,85
80,114
2,190
5,297
20,566
49,197
39,492
39,546
48,432
39,17
170,505
157,98
126,153
128,441
39,488
39,426
39,82
39,123
39,523
39,559
151,102
39,577
39,425
98,187
39,485
22,270
39,439
81,495
49,581
181,400
39,476
82,586
158,582
41,515
39,79
11,507
34,236
39,584
14,585
37,410
39,306
85,218
49,304
48,38
82,264
152,578
39,496
39,21
74,74
39,379
38,84
80,315
39,344
129,207
49,61
39,360
39,161
39,540
49,555
39,334
156,453
164,93
39,470
39,422
39,259
34,329
24,445
39,30
39,12
48,47
68,10
39,455
117,575
39,169
39,75
49,164
91,484
39,345
39,314
23,347
39,301
16,373
65,446
39,380
158,570
39,362
49,313
41,294
39,355
39,337
39,231
89,58
18,142
39,440
69,22
39,563
94,569
39,526
39,268
176,165
114,376
59,214
39,28
80,60
39,552
39,424
49,220
169,408
182,57
39,1
39,310
49,309
39,308
38,551
39,403
169,333
39,128
157,451
39,377
39,381
39,421
3,77
39,27
39,209
15,6
39,104
14,371
43,170
43,311
43,267
49,127
65,292
40,256
39,474
39,412
39,186
39,235
132,54
145,398
55,239
39,547
39,99
3,110
90,572
39,287
39,340
39,66
66,223
39,135
39,396
39,41
157,116
36,411
39,438
56,111
105,189
38,541
19,224
39,250
49,42
169,415
155,479
52,549
39,454
39,168
27,36
39,358
131,80
39,346
133,141
166,539
183,406
33,511
178,43
38,217
34,356
161,70
28,246
135,126
39,353
142,529
40,112
154,150
179,343
10,500
39,508
39,335
39,133
96,71
39,282
49,417
39,473
39,320
171,247
160,514
41,72
45,431
39,427
39,405
39,4
45,206
97,260
9,390
8,16
102,273
39,338
113,154
136,185
39,464
17,395
39,475
144,163
39,263
39,312
61,328
49,251
13,158
49,275
169,132
39,565
39,219
153,307
44,305
39,262
26,32
29,122
138,2
43,229
39,160
39,502
48,558
49,573
39,456
39,106
47,26
89,383
54,365
39,216
39,517
39,503
46,397
39,384
39,86
37,534
39,5
39,184
25,435
39,302
141,554
39,323
25,183
39,179
169,64
171,542
4,208
106,103
169,95
48,548
39,225
38,212
39,461
39,91
39,182
167,284
39,232
39,173
142,107
39,531
39,222
143,521
45,518
107,416
39,272
51,324
39,257
71,277
92,525
39,76
174,369
39,480
83,457
109,204
155,382
21,520
39,49
39,8
39,497
165,543
140,527
39,52
115,253
39,23
53,281
49,471
60,90
39,509
147,538
175,137
47,113
93,159
39,193
185,194
104,348
39,149
39,134
103,234
39,318
39,462
39,506
39,580
39,436
39,336
152,452
39,31
39,81
39,387
119,140
180,9
39,385
56,483
39,486
76,350
12,130
39,177
39,341
108,576
39,433
56,129
125,288
138,524
30,181
39,176
39,437
24,399
39,296
39,588
12,544
88,191
163,121
99,48
87,138
39,24
39,434
169,374
94,37
41,535
121,100
39,550
33,444
39,136
86,459
39,478
39,468
6,105
173,145
39,351
39,167
124,35
29,242
39,147
48,357
81,519
119,280
169,298
39,192
39,332
49,342
81,463
47,241
167,363
44,124
37,375
39,25
3,265
39,213
39,226
39,493
75,402
39,201
39,175
39,45
39,120
38,172
39,319
63,477
39,354
39,97
39,364
38,407
40,510
39,73
49,429
77,469
39,447
39,361
169,450
39,392
39,359
39,118
110,388
39,162
39,352
39,289
39,157
39,210
39,498
186,482
169,587
