17,661
21,1045
17,845
17,943
17,19
17,1007
17,529
17,582
17,245
17,70
14,959
17,917
17,381
11,130
17,220
17,325
17,58
17,212
17,672
17,1051
17,568
17,564
17,1015
17,781
6,1108
17,924
17,448
8,969
17,125
17,1047
17,870
17,332
17,466
17,188
17,1091
17,541
17,153
17,983
17,1113
17,300
17,236
17,352
17,1072
17,532
17,309
17,454
12,645
17,1012
17,1080
17,504
11,1020
17,668
17,389
20,1023
17,221
17,839
17,627
17,98
15,974
17,1096
17,78
17,988
17,259
17,430
8,1018
20,322
17,402
17,772
15,403
17,800
17,74
17,633
17,339
17,1021
17,589
17,906
8,386
17,497
13,1062
17,357
17,767
17,301
17,795
17,796
17,651
17,283
17,306
17,976
17,435
17,416
17,30
17,656
17,975
17,88
17,86
17,1119
17,1041
17,918
17,330
28,686
17,13
17,869
17,955
6,683
17,610
17,216
17,35
6,342
17,262
17,292
17,714
17,272
17,496
17,937
2,565
17,63
2,289
17,328
17,827
17,1057
5,482
17,298
17,499
17,1010
17,29
17,821
17,23
20,36
17,360
17,436
17,569
1,535
17,468
17,741
17,903
17,785
17,296
17,788
17,794
17,982
21,546
17,234
17,539
17,780
17,495
17,590
17,119
17,464
17,542
17,742
17,1087
8,92
17,249
3,673
17,510
17,773
17,106
17,462
17,792
17,1016
17,992
17,160
17,347
7,629
17,1089
17,175
17,443
17,545
17,614
17,145
17,1000
17,952
17,609
17,786
17,358
17,71
17,485
17,494
17,1048
5,769
17,1100
17,604
17,12
17,928
17,498
17,1026
21,933
17,846
17,862
20,797
17,755
1,1044
17,174
17,970
17,782
17,690
17,385
17,812
17,240
2,947
20,225
17,849
17,1076
17,15
17,178
14,193
17,893
17,637
17,1111
7,916
17,689
17,1092
17,371
17,362
17,183
17,603
21,704
21,994
17,995
17,156
17,413
8,359
2,1046
17,543
17,914
17,688
17,68
17,202
17,151
17,138
16,528
17,660
17,133
17,577
17,61
17,675
11,287
11,428
17,1093
17,367
17,980
11,263
17,483
17,380
17,516
29,920
17,1013
17,155
17,885
17,343
17,575
17,22
17,76
17,479
17,843
17,401
17,815
17,404
17,874
17,438
17,653
17,168
17,314
17,808
17,87
17,484
17,440
17,1058
17,967
17,291
17,824
17,9
17,270
17,126
17,787
17,1053
21,60
17,771
17,101
17,320
17,214
17,33
17,470
17,676
17,418
3,818
17,853
17,157
17,1099
17,275
17,267
17,269
17,763
17,195
14,973
17,143
17,80
17,105
17,912
17,444
17,866
6,857
17,647
17,930
17,606
17,682
17,476
5,1088
17,747
17,73
17,75
17,186
20,599
17,285
17,445
17,702
20,311
17,957
17,159
17,748
17,667
17,394
17,613
17,960
17,290
17,829
17,113
17,327
17,602
17,149
6,209
17,353
3,46
17,399
17,945
17,527
17,181
17,396
17,801
12,958
17,208
17,366
17,764
17,446
17,759
17,941
17,997
17,1107
17,749
30,931
17,856
17,392
17,57
17,254
17,579
20,987
17,316
17,687
17,774
17,148
17,266
17,82
17,826
17,895
2,956
17,118
17,85
17,1008
17,41
17,894
17,662
11,789
17,880
19,4
17,1005
3,459
13,256
20,433
17,944
17,642
17,835
17,882
17,517
16,524
17,329
17,566
3,228
17,1106
17,1033
17,730
17,907
17,1098
2,1042
17,761
17,754
17,909
17,913
17,109
17,95
17,410
17,368
17,243
17,50
17,205
17,737
17,1090
17,232
2,278
17,34
17,929
17,1024
17,776
17,507
17,442
17,49
17,140
17,146
17,555
17,318
17,341
7,790
17,513
2,204
17,1049
17,258
17,573
17,805
17,708
17,695
17,457
17,199
11,103
17,94
17,972
17,692
17,891
17,836
17,405
14,522
17,182
17,191
17,585
17,873
17,425
17,276
17,584
17,757
17,230
16,1073
17,576
17,592
17,398
17,848
17,158
17,750
17,1068
17,634
17,1
17,552
20,850
17,758
17,1071
17,966
17,43
17,250
17,406
23,1035
17,112
12,649
17,307
11,493
17,173
11,429
22,1036
17,293
17,503
17,1067
20,703
17,491
17,833
21,1003
17,624
17,390
17,147
17,407
21,163
17,310
3,411
17,768
13,312
17,1040
17,122
17,194
17,694
17,544
17,593
17,538
17,261
17,315
21,550
21,1104
17,431
17,623
17,685
17,852
17,570
17,858
17,896
17,281
17,1056
17,953
17,233
17,678
17,170
6,583
17,571
17,134
17,321
17,939
17,144
16,299
17,99
17,334
17,1011
17,990
17,834
17,709
17,458
17,863
17,657
8,652
17,699
17,727
2,346
17,777
17,536
22,72
17,211
17,631
17,872
17,382
17,530
17,420
17,297
17,3
17,1081
18,842
5,1050
7,556
17,62
17,102
17,253
6,1074
17,337
17,1054
17,400
8,520
8,492
17,559
17,344
11,179
11,197
17,596
17,419
17,89
17,923
17,712
17,901
17,255
17,641
17,323
17,489
17,594
17,294
17,828
17,91
17,373
11,823
17,414
6,525
17,227
17,26
17,167
17,1009
17,696
17,241
1,526
17,717
17,224
17,137
17,165
17,932
17,1022
17,902
17,391
17,716
20,93
17,244
17,274
17,911
17,251
17,1029
17,1014
17,640
17,762
17,512
17,618
17,706
17,926
17,807
17,1094
17,900
17,177
17,409
20,456
17,351
17,1027
17,415
17,632
17,574
20,32
17,264
17,617
17,338
17,96
17,18
17,819
17,1061
17,508
3,655
17,114
17,940
17,783
17,427
3,90
21,239
17,934
11,31
17,480
17,1075
17,644
17,847
17,17
17,273
17,288
17,455
17,81
17,950
17,383
12,235
17,611
17,265
17,304
20,48
17,319
17,1082
17,691
11,936
17,825
17,551
17,169
17,369
10,129
16,1102
20,1001
21,659
17,441
17,27
17,809
6,523
5,875
17,505
17,260
17,892
17,282
17,733
6,1052
17,161
3,424
3,586
17,44
17,626
17,461
17,284
17,451
17,52
17,397
17,379
17,136
17,198
17,518
17,5
17,984
17,213
17,925
17,324
21,37
11,120
17,10
20,938
20,725
17,370
17,608
17,107
11,268
17,740
6,600
17,326
17,897
17,674
15,111
17,463
20,810
17,572
17,888
17,110
17,84
14,229
17,616
11,625
17,271
17,775
17,728
20,1097
17,765
11,64
17,417
17,395
12,820
17,1070
20,567
6,760
17,628
20,39
3,1069
29,1085
17,954
20,142
17,477
17,905
17,746
17,1039
17,948
7,965
17,363
17,511
17,345
17,968
17,908
17,998
20,743
17,38
11,722
17,305
17,375
2,595
17,45
17,620
17,83
17,196
17,1083
17,123
17,540
17,779
17,355
17,336
17,24
17,412
17,591
17,832
17,961
17,139
17,739
17,981
17,831
17,844
17,639
2,509
17,877
17,710
17,851
17,841
17,648
8,581
17,487
17,257
17,560
17,1095
17,899
17,919
12,472
17,135
8,20
17,646
17,643
17,502
17,127
11,533
15,1112
17,817
17,721
17,989
26,876
16,619
17,1101
17,1028
17,986
17,475
17,770
17,951
13,16
17,979
17,519
14,813
17,840
17,669
17,124
17,598
17,860
17,723
17,185
1,806
17,889
17,1006
17,116
17,171
17,868
17,303
17,189
3,437
17,946
17,226
17,203
17,607
17,554
17,605
29,150
17,354
17,752
17,588
17,890
17,612
17,985
17,361
17,247
17,563
17,172
17,715
17,1004
17,962
17,1055
17,348
17,279
1,166
7,252
17,162
17,364
17,450
6,7
17,184
17,55
17,514
17,719
11,861
8,8
17,426
11,816
17,131
17,6
17,878
21,280
17,452
17,349
17,248
17,1002
17,207
17,1066
17,991
14,693
17,465
6,453
17,97
20,506
20,681
17,42
27,1019
11,388
17,434
17,601
17,949
17,67
17,215
17,447
17,1043
17,53
17,422
17,1109
26,838
17,684
17,176
17,335
17,219
17,766
6,745
17,622
17,21
17,1037
17,802
17,40
7,56
17,1059
17,231
17,804
17,1110
9,384
17,664
17,521
17,449
17,547
17,374
26,964
4,460
17,713
17,478
17,883
17,378
6,738
17,1060
17,190
17,734
17,731
17,884
17,128
17,701
3,665
17,654
17,1084
17,1103
17,317
17,201
17,724
10,597
17,356
17,621
17,700
17,313
17,54
17,66
17,751
17,615
17,996
17,141
17,218
17,1030
17,1063
17,1025
17,636
17,217
17,500
17,1038
17,187
17,486
25,871
20,501
17,277
17,697
17,481
17,666
17,2
17,474
14,537
17,864
17,473
17,237
17,14
17,1114
7,720
11,1079
17,705
17,1077
17,978
17,578
17,753
17,471
17,51
17,562
17,372
17,432
17,238
17,887
17,561
17,726
11,993
17,798
17,867
21,242
17,1032
17,638
2,658
17,698
17,791
17,729
17,47
17,340
17,469
17,650
17,942
17,663
17,206
17,1116
17,295
17,814
17,1065
17,1078
17,11
17,439
6,718
17,879
17,971
17,711
17,799
17,69
17,59
17,490
21,79
17,811
17,377
17,803
17,921
21,898
8,886
11,1117
17,467
2,963
17,100
17,736
17,246
21,837
17,350
17,408
17,999
17,534
17,1064
17,778
17,223
17,200
17,1034
17,423
17,365
17,393
17,756
17,115
17,1086
17,117
17,679
17,935
17,630
17,830
17,635
20,286
17,735
17,333
21,680
2,387
14,376
17,488
17,154
17,854
17,132
17,822
17,192
17,587
17,922
17,553
17,881
17,515
11,732
14,904
11,1115
17,25
17,104
17,707
17,670
20,331
17,1017
2,302
17,108
17,859
17,677
17,927
17,580
17,671
17,121
17,548
17,180
17,308
17,152
17,28
17,784
17,1031
17,865
17,557
20,531
17,793
7,77
17,222
17,65
17,558
17,915
16,910
17,1118
17,210
17,164
11,855
6,1105
14,744
24,549
7,421
17,977
