4,13
6,442
4,83
4,295
1,248
4,271
4,92
15,108
10,202
4,63
4,249
4,117
4,504
4,393
4,561
4,321
4,499
4,211
4,156
4,115
4,490
4,180
14,178
24,472
24,562
2,522
4,198
4,389
4,199
4,443
13,146
6,96
4,39
4,125
24,18
4,151
24,290
4,330
4,87
4,33
4,148
4,200
4,195
4,101
23,19
4,560
4,59
24,300
15,568
4,56
4,571
15,564
4,325
4,419
4,15
4,139
4,501
4,174
4,299
4,261
4,528
4,536
4,401
7,279
4,44
4,276
4,143
4,489
4,109
4,418
4,291
4,349
21,386
4,40
4,530
9,238
4,46
4,545
4,467
4,245
13,404
4,244
4,378
4,29
4,67
2,252
4,274
4,574
4,89
14,516
7,293
4,327
4,283
4,533
7,119
4,370
25,458
4,68
4,88
24,465
4,285
4,227
7,331
4,50
24,7
6,237
7,557
4,303
4,317
4,449
4,144
4,339
16,188
4,537
4,413
4,3
4,230
19,166
4,394
23,155
24,20
6,372
4,240
24,366
4,203
4,583
4,513
4,11
24,487
24,258
4,269
5,579
4,322
17,414
4,53
24,152
16,556
24,255
4,131
10,243
4,420
4,368
4,221
4,428
24,553
4,316
24,491
4,278
17,65
4,286
4,55
4,233
4,78
4,215
4,205
4,254
28,409
5,532
16,494
6,69
4,51
20,448
4,423
4,266
4,512
4,567
24,481
4,171
4,326
4,460
4,34
22,228
7,466
4,391
23,430
24,94
24,196
4,14
1,62
4,367
24,85
7,114
1,190
1,297
4,566
4,197
4,492
4,546
4,432
4,17
24,505
24,98
16,153
16,441
4,488
4,426
4,82
4,123
4,523
4,559
23,102
4,577
4,425
9,187
4,485
4,270
4,439
7,495
4,581
27,400
4,476
7,586
24,582
4,515
4,79
2,507
4,236
4,584
3,585
4,410
4,306
8,218
4,304
4,38
7,264
24,578
4,496
4,21
6,74
4,379
4,84
7,315
4,344
17,207
4,61
4,360
4,161
4,540
4,555
4,334
24,453
24,93
4,470
4,422
4,259
4,329
4,445
4,30
4,12
4,47
5,10
4,455
15,575
4,169
4,75
4,164
8,484
4,345
4,314
4,347
4,301
3,373
5,446
4,380
24,570
4,362
4,313
4,294
4,355
4,337
4,231
8,58
4,142
4,440
5,22
4,563
9,569
4,526
4,268
24,165
14,376
4,214
4,28
7,60
4,552
4,424
4,220
24,408
28,57
4,1
4,310
4,309
4,308
4,551
4,403
24,333
4,128
24,451
4,377
4,381
4,421
1,77
4,27
4,209
3,6
4,104
3,371
4,170
4,311
4,267
4,127
5,292
4,256
4,474
4,412
4,186
4,235
17,54
22,398
4,239
4,547
4,99
1,110
8,572
4,287
4,340
4,66
5,223
4,135
4,396
4,41
24,116
4,411
4,438
4,111
12,189
4,541
4,224
4,250
4,42
24,415
24,479
4,549
4,454
4,168
4,36
4,358
17,80
4,346
18,141
24,539
28,406
4,511
25,43
4,217
4,356
24,70
4,246
19,126
4,353
21,529
4,112
24,150
25,343
2,500
4,508
4,335
4,133
9,71
4,282
4,417
4,473
4,320
24,247
24,514
4,72
4,431
4,427
4,405
4,4
4,206
9,260
2,390
2,16
10,273
4,338
13,154
19,185
4,464
4,395
4,475
21,163
4,263
4,312
4,328
4,251
2,158
4,275
24,132
4,565
4,219
24,307
4,305
4,262
4,32
4,122
21,2
4,229
4,160
4,502
4,558
4,573
4,456
4,106
4,26
8,383
4,365
4,216
4,517
4,503
4,397
4,384
4,86
4,534
4,5
4,184
4,435
4,302
21,554
4,323
4,183
4,179
24,64
24,542
1,208
12,103
24,95
4,548
4,225
4,212
4,461
4,91
4,182
24,284
4,232
4,173
21,107
4,531
4,222
21,521
4,518
12,416
4,272
4,324
4,257
6,277
9,525
4,76
24,369
4,480
7,457
12,204
24,382
4,520
4,49
4,8
4,497
24,543
21,527
4,52
14,253
4,23
4,281
4,471
4,90
4,509
22,538
24,137
4,113
9,159
4,193
29,194
11,348
4,149
4,134
11,234
4,318
4,462
4,506
4,580
4,436
4,336
24,452
4,31
4,81
4,387
15,140
26,9
4,385
4,483
4,486
6,350
2,130
4,177
4,341
12,576
4,433
4,129
16,288
21,524
4,181
4,176
4,437
4,399
4,296
4,588
2,544
8,191
24,121
9,48
8,138
4,24
4,434
24,374
9,37
4,535
15,100
4,550
4,444
4,136
8,459
4,478
4,468
1,105
24,145
4,351
4,167
16,35
4,242
4,147
4,357
7,519
15,280
24,298
4,192
4,332
4,342
7,463
4,241
24,363
4,124
4,375
4,25
1,265
4,213
4,226
4,493
6,402
4,201
4,175
4,45
4,120
4,172
4,319
5,477
4,354
4,97
4,364
4,407
4,510
4,73
4,429
6,469
4,447
4,361
24,450
4,392
4,359
4,118
12,388
4,162
4,352
4,289
4,157
4,210
4,498
30,482
24,587
