40,798
40,410
27,575
40,901
19,705
40,80
40,580
40,884
43,29
40,451
40,572
42,85
40,22
4,985
40,547
40,816
40,161
4,914
40,234
50,927
40,204
40,242
4,296
40,301
4,1036
40,746
40,1074
43,656
40,393
48,883
50,512
40,791
4,802
40,843
4,254
46,356
40,114
40,1014
40,544
40,413
40,961
40,730
40,594
40,69
40,817
40,428
4,767
40,1065
40,850
4,76
40,760
40,935
40,644
40,374
40,881
40,576
40,989
40,754
40,68
40,229
40,695
18,239
14,1018
40,943
4,632
40,260
4,1062
40,861
40,655
40,1063
40,972
40,1081
40,498
40,951
40,763
40,991
40,846
31,782
26,723
40,444
40,625
40,494
21,419
4,72
40,115
7,677
40,24
40,209
4,238
40,837
40,476
40,178
40,380
40,1000
15,1075
40,939
40,287
40,667
40,578
40,27
40,262
42,762
40,128
47,790
42,528
40,1033
42,364
8,622
40,740
43,557
40,771
40,758
48,345
40,327
40,593
40,968
42,471
40,425
42,437
4,32
40,608
40,495
40,944
40,1048
40,360
40,98
48,43
40,252
40,922
40,71
40,744
40,707
40,688
40,661
4,282
11,866
40,328
40,863
40,905
40,423
50,375
40,320
40,138
40,45
40,454
50,1071
40,830
40,398
40,196
40,946
6,506
40,774
40,959
42,882
40,155
40,603
43,911
40,10
40,501
40,394
40,118
40,776
40,783
42,1020
40,106
2,480
40,674
40,1029
40,1061
40,854
40,497
40,979
40,162
40,713
40,827
40,847
40,696
40,1017
40,1013
40,650
42,8
40,250
40,399
40,913
40,187
38,335
40,152
40,909
42,182
40,39
4,230
8,122
40,245
40,490
40,317
40,452
40,6
40,321
48,134
40,848
40,435
40,1050
4,964
40,1021
40,348
40,651
4,469
40,525
40,875
48,334
40,443
40,460
42,933
8,940
40,565
15,589
2,1042
40,606
38,7
40,404
40,967
48,1077
48,676
40,34
40,163
45,395
7,521
40,958
40,315
40,897
40,896
43,121
4,353
40,279
40,825
40,396
40,388
40,426
40,996
38,742
40,1022
40,90
40,862
42,669
40,73
40,639
40,401
40,188
48,636
40,948
40,144
40,379
40,206
40,212
40,418
7,251
40,954
40,1047
40,201
40,607
42,167
40,824
40,546
40,835
43,947
40,489
40,869
40,125
40,44
40,259
40,941
12,778
40,132
48,145
40,801
40,183
40,59
31,965
40,293
40,716
40,482
40,635
40,366
4,37
40,851
38,793
40,343
48,175
40,450
4,342
40,765
40,173
40,785
40,277
40,720
40,936
40,690
48,659
15,826
40,246
40,4
40,446
12,809
42,302
40,524
40,448
40,432
40,1010
40,916
40,478
42,496
7,97
40,1034
40,995
40,624
39,605
40,683
40,743
40,484
40,441
40,769
23,852
51,468
4,717
48,642
42,1044
40,945
40,48
40,314
40,646
4,463
5,149
43,545
40,714
40,235
40,590
4,92
40,810
4,54
4,626
40,858
40,592
40,1002
40,813
40,554
41,285
15,1009
40,596
38,617
50,409
40,295
40,1058
40,955
36,523
11,671
40,1060
4,1043
40,581
40,703
40,849
1,224
40,853
40,819
40,618
47,179
40,459
4,520
4,583
40,892
40,726
40,1027
43,281
40,595
40,534
40,58
40,770
50,363
50,57
40,615
40,530
40,840
4,877
40,267
40,406
38,369
40,103
40,719
40,159
31,263
12,807
4,795
40,329
40,215
40,445
40,70
40,491
43,283
40,96
40,436
40,893
40,91
2,225
40,449
40,220
40,153
40,918
40,833
40,508
40,112
40,535
43,814
40,99
40,156
40,1032
42,258
40,976
40,424
40,300
40,888
4,1041
11,341
40,143
40,573
40,13
40,371
40,297
40,993
40,66
40,680
4,682
40,1008
40,1056
40,292
42,202
40,732
40,868
40,1028
38,307
40,319
38,666
40,427
40,81
40,42
40,313
40,461
40,243
31,376
40,19
40,75
40,1007
40,241
40,597
38,310
40,147
40,195
40,473
40,929
4,555
40,74
40,1003
40,221
40,502
40,176
40,291
40,124
40,942
40,53
40,172
40,55
40,756
40,867
42,169
40,109
31,2
36,160
40,381
40,988
40,872
48,697
40,370
40,1066
40,586
40,174
40,815
40,963
42,526
12,540
40,962
40,982
40,969
40,462
4,731
38,515
40,17
40,519
40,588
40,569
40,1052
4,417
40,483
40,51
40,384
4,477
40,999
50,1030
40,784
4,433
40,591
47,336
38,392
4,834
40,40
40,548
4,908
40,289
50,702
9,1069
40,467
40,558
40,653
40,986
40,701
40,957
40,131
40,386
40,93
40,383
40,704
48,937
40,60
4,749
42,248
40,992
40,998
40,275
48,488
40,823
40,748
4,930
40,974
40,414
50,1070
31,637
40,148
40,518
40,1083
40,11
40,692
40,829
4,745
40,77
40,165
40,208
40,582
40,1076
42,407
40,268
40,910
4,629
4,538
4,100
42,41
4,500
48,1053
40,902
40,403
40,271
50,777
40,422
4,318
42,647
40,752
40,627
4,116
40,21
40,665
42,197
40,878
43,26
40,266
40,184
40,228
40,130
41,796
42,442
40,198
50,158
40,859
40,193
40,686
40,983
40,755
40,549
40,338
40,634
40,111
40,567
38,264
40,200
7,984
16,280
40,465
40,724
4,133
40,373
40,779
40,429
40,455
42,738
4,129
50,753
48,658
4,1049
8,269
40,657
43,678
40,137
40,94
50,1051
40,180
4,973
40,923
29,168
40,82
40,672
40,1072
40,831
35,464
40,856
49,880
38,305
40,1045
42,64
40,747
40,126
40,344
40,185
12,52
40,602
40,537
42,49
40,211
42,949
40,640
48,257
40,938
40,800
4,1067
50,308
40,276
40,150
48,551
40,255
4,270
40,855
40,599
40,541
40,190
40,247
48,781
40,1078
4,351
4,294
40,231
40,950
40,38
40,710
4,1019
40,15
16,359
40,358
40,773
43,527
40,16
4,170
40,140
40,123
40,101
4,177
40,171
40,362
40,400
40,1057
42,533
43,934
40,470
4,1079
40,750
24,387
40,352
40,466
40,522
4,620
11,46
40,194
40,416
40,891
42,504
44,1035
47,1068
40,681
40,553
40,485
40,253
40,456
48,1055
40,566
42,61
36,1054
40,1024
3,142
7,797
40,994
40,664
12,926
40,408
40,330
4,899
40,727
40,735
4,864
42,439
40,997
40,431
4,405
40,218
40,457
43,1037
42,1
40,273
40,139
40,412
42,481
7,56
40,236
38,237
4,552
40,513
50,691
40,306
7,205
40,309
40,87
40,88
40,1011
40,598
40,873
40,286
40,1039
40,219
48,510
40,453
40,186
40,240
40,349
40,438
33,385
40,631
4,736
40,440
4,768
40,493
40,316
43,584
40,346
42,698
40,894
38,102
40,189
40,772
40,1073
42,571
40,107
40,643
4,641
40,472
40,105
40,486
40,684
4,154
40,722
40,213
40,885
40,556
40,562
42,434
7,1031
31,585
15,326
40,244
40,609
17,924
40,903
31,12
40,164
40,577
40,633
40,1004
30,981
40,261
40,119
40,708
7,895
4,766
48,532
4,729
40,311
34,415
40,117
40,733
50,181
28,304
40,786
40,265
40,990
40,1064
40,411
4,232
40,28
4,110
4,728
50,1026
40,157
40,397
40,966
40,9
40,616
50,579
40,764
40,685
40,372
50,673
40,333
40,757
40,915
4,876
40,808
4,628
48,709
40,354
4,475
48,917
40,699
7,78
7,919
40,890
40,389
40,932
40,474
40,447
40,794
40,278
40,543
40,788
40,887
40,223
50,210
40,564
40,274
4,325
40,1001
40,842
40,199
40,660
4,706
40,127
40,612
40,652
40,805
15,1040
7,529
40,839
38,113
50,536
40,645
33,249
40,479
40,298
1,751
40,288
40,30
40,222
40,365
40,509
42,104
4,700
32,630
40,822
4,141
31,828
40,587
40,505
40,619
42,977
42,378
40,832
40,811
4,611
40,874
50,568
40,146
40,920
42,542
4,350
40,857
45,516
7,1059
40,900
40,20
40,649
40,31
2,931
40,739
40,377
33,906
40,1046
37,226
40,36
31,928
50,323
8,970
40,83
40,322
42,689
4,79
40,1015
40,799
46,623
40,812
40,3
50,956
31,5
40,514
40,820
40,980
40,610
40,721
40,761
40,860
40,550
40,33
40,560
40,780
40,718
40,1023
40,1080
40,836
40,675
40,382
40,663
40,886
4,18
4,391
40,337
40,987
20,492
40,821
40,1006
40,865
4,804
40,203
40,838
40,725
40,1038
40,613
43,67
40,1025
40,889
40,507
22,65
13,207
40,531
40,357
40,662
8,25
40,693
50,559
4,898
40,499
4,368
42,47
40,654
40,14
40,50
40,539
40,84
4,503
40,904
40,570
43,679
40,759
40,1005
40,324
40,430
40,648
40,561
40,135
40,191
40,563
40,340
48,960
40,806
40,621
42,1012
4,687
4,953
40,952
40,284
40,458
40,89
38,331
4,737
40,604
40,290
25,233
10,23
40,120
40,339
40,35
40,978
40,367
40,775
4,420
40,841
4,668
43,574
40,818
40,511
40,925
40,332
42,151
40,256
40,871
40,907
40,844
40,741
40,734
4,712
38,312
48,803
40,600
40,845
40,227
40,787
40,86
45,108
40,975
40,192
40,214
40,614
40,921
40,517
40,1016
40,402
40,912
40,217
40,166
40,1082
50,879
40,361
40,711
40,303
40,390
43,715
40,272
40,638
40,487
40,694
40,355
40,421
40,136
40,971
42,63
40,347
40,299
40,789
40,870
40,95
40,216
4,601
40,670
1,792
40,62
