15,13
24,442
15,83
13,295
4,248
15,271
15,92
48,108
35,202
15,63
15,249
15,117
15,504
15,393
15,561
12,321
15,499
15,211
15,156
15,115
15,490
15,180
45,178
71,472
68,562
7,522
15,198
15,389
15,199
15,443
43,146
24,96
15,39
15,125
70,18
15,151
71,290
15,330
15,87
15,33
15,148
15,200
15,195
15,101
63,19
15,560
15,59
71,300
48,568
15,56
15,571
47,564
15,325
15,419
15,15
15,139
15,501
15,174
15,299
15,261
15,528
15,536
15,401
27,279
15,44
15,276
15,143
15,489
15,109
15,418
17,291
14,349
58,386
15,40
15,530
33,238
15,46
15,545
15,467
15,245
43,404
15,244
15,378
15,29
15,67
5,252
15,274
15,574
15,89
46,516
27,293
15,327
15,283
15,533
27,119
15,370
74,458
15,68
15,88
71,465
15,285
15,227
27,331
15,50
70,7
23,237
25,557
15,303
15,317
15,449
15,144
15,339
49,188
15,537
15,413
15,3
15,230
56,166
15,394
62,155
71,20
24,372
15,240
66,366
15,203
15,583
15,513
15,11
71,487
71,258
15,269
20,579
17,322
53,414
15,53
72,152
49,556
71,255
15,131
36,243
15,420
15,368
15,221
15,428
70,553
15,316
69,491
15,278
53,65
15,286
15,55
15,233
15,78
12,215
15,205
15,254
78,409
21,532
51,494
24,69
15,51
57,448
19,423
15,266
15,512
15,567
70,481
15,171
15,326
15,460
15,34
60,228
25,466
15,391
64,430
71,94
71,196
15,14
1,62
15,367
71,85
26,114
2,190
4,297
12,566
15,197
15,492
15,546
15,432
15,17
71,505
67,98
51,153
52,441
15,488
15,426
15,82
15,123
15,523
15,559
64,102
15,577
15,425
34,187
15,485
13,270
15,439
27,495
15,581
76,400
15,476
27,586
68,582
15,515
15,79
7,507
15,236
15,584
9,585
15,410
15,306
28,218
15,304
15,38
27,264
65,578
15,496
15,21
24,74
15,379
15,84
26,315
15,344
53,207
15,61
15,360
15,161
15,540
15,555
15,334
67,453
70,93
15,470
15,422
15,259
15,329
14,445
15,30
15,12
15,47
21,10
15,455
47,575
15,169
15,75
15,164
31,484
15,345
15,314
13,347
15,301
11,373
21,446
15,380
68,570
15,362
15,313
15,294
15,355
15,337
15,231
29,58
12,142
15,440
22,22
15,563
33,569
15,526
15,268
73,165
45,376
17,214
15,28
26,60
15,552
15,424
15,220
71,408
77,57
15,1
15,310
15,309
15,308
15,551
15,403
71,333
15,128
67,451
15,377
15,381
15,421
3,77
15,27
15,209
10,6
15,104
9,371
15,170
15,311
15,267
15,127
21,292
15,256
15,474
15,412
15,186
15,235
54,54
60,398
17,239
15,547
15,99
3,110
30,572
15,287
15,340
15,66
21,223
15,135
15,396
15,41
67,116
15,411
15,438
17,111
39,189
15,541
12,224
15,250
15,42
71,415
67,479
16,549
15,454
15,168
15,36
15,358
53,80
15,346
55,141
70,539
77,406
15,511
74,43
15,217
15,356
69,70
15,246
56,126
15,353
59,529
15,112
66,150
74,343
7,500
15,508
15,335
15,133
33,71
15,282
15,417
15,473
15,320
71,247
68,514
15,72
15,431
15,427
15,405
15,4
15,206
34,260
7,390
6,16
37,273
15,338
44,154
56,185
15,464
12,395
15,475
59,163
15,263
15,312
18,328
15,251
8,158
15,275
71,132
15,565
15,219
65,307
15,305
15,262
14,32
15,122
58,2
15,229
15,160
15,502
15,558
15,573
15,456
15,106
15,26
29,383
17,365
15,216
15,517
15,503
15,397
15,384
15,86
15,534
15,5
15,184
14,435
15,302
58,554
15,323
14,183
15,179
71,64
71,542
4,208
39,103
71,95
15,548
15,225
15,212
15,461
15,91
15,182
71,284
15,232
15,173
59,107
15,531
15,222
59,521
15,518
40,416
15,272
15,324
15,257
23,277
32,525
15,76
72,369
15,480
27,457
41,204
67,382
12,520
15,49
15,8
15,497
70,543
58,527
15,52
45,253
15,23
17,281
15,471
18,90
15,509
61,538
72,137
15,113
32,159
15,193
79,194
38,348
15,149
15,134
38,234
15,318
15,462
15,506
15,580
15,436
15,336
65,452
15,31
15,81
15,387
48,140
75,9
15,385
17,483
15,486
24,350
8,130
15,177
15,341
41,576
15,433
17,129
50,288
58,524
15,181
15,176
15,437
14,399
15,296
15,588
8,544
28,191
69,121
34,48
28,138
15,24
15,434
71,374
33,37
15,535
48,100
15,550
15,444
15,136
28,459
15,478
15,468
4,105
71,145
15,351
15,167
50,35
15,242
15,147
15,357
27,519
48,280
71,298
15,192
15,332
15,342
27,463
15,241
71,363
15,124
15,375
15,25
3,265
15,213
15,226
15,493
24,402
15,201
15,175
15,45
15,120
15,172
15,319
20,477
15,354
15,97
15,364
15,407
15,510
15,73
15,429
24,469
15,447
15,361
71,450
15,392
15,359
15,118
42,388
15,162
15,352
15,289
15,157
15,210
15,498
80,482
71,587
