15,421
17,411
2,17
2,207
14,476
2,513
14,681
14,700
14,279
14,147
10,149
14,428
2,636
2,327
2,187
14,585
14,440
14,441
14,638
14,60
14,677
14,416
14,240
14,113
14,384
14,132
2,110
2,152
10,604
14,321
2,399
2,610
14,169
14,219
2,594
14,20
14,77
14,5
14,64
14,204
14,400
14,339
2,503
14,167
14,622
4,499
14,362
14,473
14,103
2,527
14,508
2,635
2,666
14,216
2,7
2,612
14,454
2,232
14,260
14,693
2,526
10,497
2,252
14,439
14,262
14,221
14,511
14,16
2,229
14,41
14,280
10,698
14,554
14,128
2,540
14,114
14,494
2,561
14,304
14,154
14,684
14,39
14,600
14,261
2,40
2,184
14,97
4,354
14,423
14,76
2,139
9,21
2,530
4,437
14,597
14,118
14,356
14,290
2,544
2,386
2,65
14,697
14,583
14,688
2,195
10,501
2,200
13,73
14,82
14,611
14,89
10,317
14,571
14,448
14,49
2,133
14,430
14,98
14,276
14,521
10,319
2,447
14,663
14,183
2,263
10,312
9,54
14,71
14,696
14,202
14,690
14,102
14,652
10,628
10,302
14,655
14,538
2,496
14,672
2,461
2,433
14,178
2,123
2,575
14,648
2,584
14,590
14,479
14,617
14,182
14,664
14,609
14,602
14,514
10,436
2,486
14,488
14,190
14,640
14,326
14,413
14,268
14,369
2,676
14,57
14,649
14,593
14,83
14,429
14,485
14,298
14,553
10,425
14,30
14,287
13,160
14,460
14,517
14,644
2,542
10,328
14,373
14,87
14,365
2,558
10,667
14,157
2,408
14,380
14,427
2,42
14,581
14,468
2,464
14,224
14,104
14,596
14,25
14,606
14,38
14,237
14,34
14,492
14,574
1,475
10,36
14,174
2,306
2,407
2,406
7,415
2,142
14,153
14,417
14,375
14,355
13,493
14,599
14,136
2,539
14,342
2,569
14,96
14,310
14,59
14,536
2,598
2,168
14,370
14,226
12,177
14,145
14,463
14,565
4,213
14,686
14,699
14,196
14,389
14,469
2,378
2,311
2,404
2,238
2,10
20,608
14,284
17,336
14,165
2,466
14,297
14,22
14,682
14,452
14,158
13,247
2,673
14,502
14,481
14,434
14,351
14,577
14,591
2,374
14,67
14,545
14,692
14,381
14,19
14,403
2,573
14,172
2,74
2,665
2,507
14,314
14,45
14,119
14,265
14,451
14,296
2,225
2,151
14,193
14,159
4,18
14,490
14,680
14,131
14,201
12,528
2,236
2,579
10,658
14,394
14,632
14,376
14,117
14,689
4,446
14,385
14,519
14,95
14,124
2,391
14,197
10,350
20,641
14,345
14,214
14,148
14,26
2,251
14,582
2,605
14,529
14,161
4,624
14,668
2,661
14,24
2,509
14,555
14,309
14,472
14,218
14,359
14,379
14,215
2,477
14,163
2,230
13,533
2,111
14,150
14,66
2,419
5,33
14,397
14,639
14,601
14,387
14,267
2,551
14,289
10,683
2,675
2,171
10,516
14,199
14,120
2,410
14,643
14,162
14,44
14,239
5,458
2,637
14,694
17,37
2,691
14,409
2,371
2,631
14,115
2,48
2,512
10,303
14,130
14,524
14,343
14,325
14,234
14,198
14,272
14,630
2,398
14,295
14,324
14,233
14,570
4,642
14,462
14,618
14,438
14,68
14,266
2,192
14,8
14,456
14,443
14,84
2,109
14,12
2,51
2,255
14,495
14,47
14,634
14,249
10,179
2,175
14,270
14,90
2,299
14,619
14,253
14,281
14,79
14,483
14,607
14,80
14,23
14,285
14,189
14,383
14,301
2,705
14,203
14,258
14,70
10,701
14,166
2,562
14,505
10,170
14,323
14,335
14,654
14,414
10,316
2,412
14,278
14,651
2,331
14,471
14,329
14,259
14,392
14,254
14,223
2,515
14,678
2,137
14,550
14,620
14,9
14,341
14,81
2,288
14,269
14,623
4,687
14,445
2,340
14,467
8,674
14,420
9,552
14,578
14,372
14,353
14,129
14,390
2,470
14,449
14,277
14,629
14,108
14,333
14,217
14,256
14,176
2,556
14,291
14,231
14,1
4,566
14,588
2,520
14,2
10,248
14,626
2,360
14,679
14,670
2,246
14,308
2,589
14,349
4,346
14,206
14,422
14,426
14,62
14,173
14,11
2,557
14,564
2,671
14,307
14,532
14,135
4,126
14,580
4,535
14,134
14,72
14,368
2,29
14,703
14,294
14,181
14,704
14,186
14,482
14,155
4,112
14,401
17,121
14,106
2,702
6,431
14,534
2,459
14,92
14,127
14,257
14,361
14,334
2,510
10,53
14,337
11,548
10,85
14,78
2,650
14,522
14,480
14,320
4,344
14,322
2,366
14,275
14,621
2,498
2,271
2,4
2,241
14,567
14,563
14,180
14,465
14,242
14,364
13,633
10,367
14,27
2,537
2,487
14,377
14,191
2,292
10,282
14,525
15,50
2,101
1,86
14,61
14,592
14,660
2,559
14,543
14,208
14,143
2,243
14,405
14,474
14,15
10,245
14,695
14,283
14,659
14,613
14,442
2,3
2,116
16,546
21,52
14,250
14,315
2,35
14,627
14,586
2,227
14,393
14,347
14,305
14,156
14,146
14,576
14,185
4,547
14,13
14,332
14,489
14,99
14,657
14,188
14,32
14,164
14,395
2,194
2,14
2,424
2,662
14,435
14,549
14,264
14,58
2,500
14,228
14,274
14,656
2,273
17,138
2,352
14,685
14,141
14,572
14,244
14,220
2,122
14,432
14,348
14,595
14,444
14,63
14,91
14,43
14,330
14,6
14,55
14,402
2,358
2,293
2,614
14,531
14,105
2,93
14,455
14,69
7,31
14,212
14,396
2,140
2,388
14,313
2,560
2,625
14,222
2,209
14,484
14,646
14,450
14,616
14,56
14,615
3,144
19,107
10,28
14,363
14,210
14,645
14,587
14,75
14,647
14,100
18,125
14,418
14,669
14,235
14,541
14,506
2,603
14,491
14,300
14,94
14,88
14,518
14,286
14,382
14,318
14,504
2,46
14,478
14,453
14,338
14,357
14,523
14,568
10,205
10,211
10,653
14,457
