6,564
15,532
15,151
15,452
15,372
12,475
7,422
15,539
12,476
31,88
31,593
15,210
15,507
15,78
6,596
15,65
15,509
26,220
12,99
12,165
15,279
15,84
15,196
14,310
31,406
15,521
30,296
16,12
15,79
15,407
15,16
17,303
15,558
15,23
15,625
6,392
12,340
31,4
15,216
31,365
2,209
5,515
15,56
15,437
15,562
15,234
31,120
7,546
31,627
7,351
15,495
15,371
15,529
7,344
8,395
15,439
15,145
15,149
5,277
6,519
6,482
6,161
13,300
26,366
15,110
15,584
15,606
15,187
15,350
19,294
12,308
6,53
6,347
16,283
14,43
24,213
30,607
15,360
15,173
17,223
15,465
15,45
15,585
15,413
15,536
12,218
5,158
15,321
15,200
12,621
6,569
15,81
17,224
26,111
17,66
19,493
15,114
28,46
15,178
31,212
19,113
26,487
8,469
15,89
12,115
27,13
18,135
15,333
31,8
15,500
15,597
12,97
15,555
15,228
15,592
15,44
15,280
15,622
10,603
15,5
1,259
31,570
7,57
8,619
6,22
24,17
15,510
19,3
15,561
24,69
17,324
6,260
7,553
10,383
15,281
15,291
15,82
6,26
6,479
2,602
19,342
31,315
6,85
7,363
15,236
18,30
5,498
27,29
15,225
15,524
15,313
5,468
8,573
32,198
17,626
15,444
15,580
15,238
17,335
15,533
15,289
11,176
15,586
6,245
15,591
6,249
15,471
15,599
1,168
1,620
6,33
15,528
15,282
7,401
6,192
15,269
20,35
15,51
31,2
8,298
12,136
8,214
15,385
13,560
10,359
6,292
15,615
9,484
6,550
26,257
7,480
15,429
17,556
8,92
5,425
15,117
6,409
15,322
14,554
15,472
6,450
15,445
6,514
31,325
8,263
14,217
19,527
14,68
15,604
15,440
12,14
15,160
15,104
15,587
15,577
15,456
15,108
15,631
31,448
15,629
20,618
17,301
15,581
15,39
15,497
12,58
6,364
15,397
12,163
1,424
15,458
6,339
8,382
15,150
6,361
15,31
6,457
15,540
12,582
27,567
3,172
12,490
7,434
1,83
15,253
7,346
12,415
12,129
15,511
17,52
1,594
1,167
15,202
12,34
6,137
1,605
15,231
11,127
15,600
15,537
16,410
20,544
15,288
17,116
10,305
12,183
21,215
6,595
15,338
10,156
17,508
17,157
6,21
12,118
12,461
5,67
15,75
12,624
15,24
15,428
15,199
15,208
15,206
28,502
13,28
17,261
12,74
15,278
15,19
17,247
15,394
15,90
8,20
15,473
11,9
15,489
5,275
15,37
12,226
15,357
15,6
31,229
15,266
6,248
15,86
17,504
28,105
15,571
31,242
15,112
12,417
17,311
15,299
10,254
15,274
31,535
6,181
5,464
13,211
1,71
15,370
15,393
6,513
15,408
15,389
6,486
3,334
27,287
5,239
29,427
6,184
1,285
15,319
12,63
15,566
28,387
28,551
15,542
15,270
15,447
7,531
15,314
6,265
15,185
5,119
15,134
15,549
28,380
27,295
15,258
15,162
1,193
32,250
6,286
6,430
6,93
12,572
7,222
15,95
15,377
15,271
5,155
15,412
15,264
15,272
15,462
7,557
8,159
2,131
12,312
15,80
15,32
5,290
6,390
17,579
5,306
17,375
1,608
31,388
11,496
7,146
15,107
15,399
6,207
15,518
1,70
13,96
17,101
12,559
17,128
7,141
15,177
12,221
12,262
15,609
26,474
15,267
8,483
18,543
5,188
15,354
1,491
6,1
23,268
8,189
15,326
15,416
12,598
15,197
15,73
31,235
17,125
15,203
6,435
15,227
6,494
12,61
6,91
6,355
27,304
6,530
15,545
7,421
15,526
15,132
27,432
13,588
14,139
15,610
17,523
25,438
6,171
8,481
15,419
6,166
8,384
15,317
6,62
15,175
15,60
8,232
31,630
8,343
15,454
15,418
26,449
10,164
15,186
6,138
15,520
32,201
15,331
31,72
6,143
5,403
15,255
15,576
15,237
8,517
31,36
15,273
17,356
24,616
12,323
15,15
31,374
27,485
15,601
15,613
1,414
15,362
15,318
12,522
21,455
15,329
15,297
5,506
24,512
15,400
15,59
6,477
15,345
21,501
15,568
6,152
12,195
15,376
1,147
12,276
15,42
6,373
31,87
15,628
6,293
15,534
17,525
15,611
15,552
8,405
15,590
5,182
16,436
8,441
12,443
1,503
5,433
15,398
15,368
15,55
15,459
15,233
5,103
12,617
15,124
15,538
4,153
6,499
19,205
15,180
6,194
15,50
5,341
6,54
15,381
8,423
6,243
15,548
15,174
15,246
6,7
10,358
15,133
15,123
8,144
12,367
15,191
15,391
8,48
15,505
15,332
31,488
10,121
9,386
15,320
6,170
15,252
27,589
7,256
10,378
15,470
10,244
8,402
15,251
15,352
15,169
15,230
17,632
15,369
19,41
15,140
15,612
15,327
31,241
15,516
30,49
13,122
15,563
5,541
15,492
15,316
12,302
17,411
15,11
22,442
31,623
6,575
15,109
31,219
17,614
15,204
15,100
15,179
28,38
15,460
15,25
15,466
15,309
6,47
1,10
8,578
15,633
15,40
15,379
15,453
15,142
15,77
15,565
6,27
15,353
15,451
6,154
15,148
15,420
15,328
15,106
15,467
15,349
17,240
20,426
6,547
8,583
2,307
6,337
31,348
15,284
6,98
8,336
15,330
15,94
15,396
15,446
15,190
31,64
14,102
15,18
15,126
15,463
5,478
15,76
6,130
15,431
1,404
31,574
