119,50
164,293
72,579
87,100
58,701
151,607
104,264
181,587
56,525
132,128
37,688
7,545
170,663
108,99
75,245
115,19
63,294
208,574
105,676
108,185
195,308
108,523
105,632
59,239
111,590
133,123
173,356
214,665
235,389
175,130
126,698
41,555
129,639
103,337
47,442
222,320
227,67
108,338
188,23
190,76
108,168
70,227
66,329
69,105
114,679
40,418
223,692
22,388
81,289
105,54
230,146
165,524
6,491
105,385
113,396
79,612
39,154
106,435
69,155
169,699
106,591
111,458
48,381
21,284
176,296
11,554
105,420
148,61
108,498
107,97
111,374
83,642
164,58
155,156
155,530
105,536
35,118
192,459
19,392
116,478
21,474
107,110
164,626
53,553
236,275
56,589
95,397
68,304
111,288
129,428
89,602
123,34
53,666
54,286
96,497
152,7
106,162
243,229
105,522
105,519
149,283
71,425
194,208
239,176
105,278
58,166
55,684
185,125
40,126
106,266
41,473
62,334
111,22
14,623
56,20
78,363
193,38
106,41
188,343
65,492
126,421
164,69
105,453
41,470
108,14
108,82
52,187
105,219
131,494
105,496
149,371
247,313
188,70
239,234
56,189
164,661
189,465
63,350
65,572
60,355
209,159
40,624
2,391
136,596
125,431
105,615
134,89
182,167
198,71
189,62
65,565
20,113
51,311
106,611
106,315
106,25
239,317
164,307
109,55
140,613
69,647
104,490
200,621
91,346
117,508
108,655
111,95
105,387
65,237
242,297
221,449
37,164
20,506
81,680
20,357
108,232
127,594
117,566
160,87
236,592
60,645
160,520
124,4
82,265
105,700
152,556
107,410
188,322
110,694
205,91
188,436
188,196
66,599
136,486
66,345
88,367
39,401
146,316
60,72
24,178
239,548
70,544
64,443
127,165
187,249
71,80
58,390
108,600
167,648
41,16
164,45
163,353
224,603
40,298
164,511
25,468
57,549
64,636
107,593
128,1
164,261
244,259
189,244
39,92
49,177
67,204
105,220
58,33
104,90
164,183
56,416
94,145
9,121
110,31
237,9
69,618
92,617
161,695
105,448
212,135
12,231
159,86
184,383
123,115
105,217
53,228
153,408
246,5
118,207
47,472
63,106
65,609
3,446
69,24
59,483
189,475
135,558
8,669
123,255
64,675
123,580
69,140
225,378
105,181
87,672
108,269
195,439
39,199
60,291
187,323
215,112
242,399
188,505
49,570
103,93
37,335
18,246
108,84
74,450
218,664
188,429
188,94
108,107
106,463
188,649
103,499
228,405
103,127
105,557
48,274
60,562
37,225
105,153
105,460
19,414
106,424
92,627
122,678
206,268
31,197
197,584
220,57
18,224
103,214
164,481
187,109
112,46
105,142
41,454
198,479
111,309
158,512
107,111
47,605
111,502
83,32
111,641
217,375
144,359
105,210
158,124
89,659
60,422
137,364
137,569
170,373
238,441
166,690
105,601
224,488
46,537
23,348
160,559
108,638
53,411
30,250
105,35
105,314
164,290
216,63
164,689
214,331
108,413
81,417
84,361
98,11
16,292
47,276
188,172
110,404
179,252
81,509
114,169
186,151
109,139
105,660
94,120
189,43
41,527
76,466
37,193
193,195
108,682
43,515
147,260
188,218
84,203
13,251
140,138
78,17
107,640
177,487
44,262
106,254
41,59
150,161
202,696
60,44
10,236
176,542
106,202
164,42
56,471
188,226
106,622
73,577
92,88
105,610
105,102
116,206
111,567
106,3
236,386
164,543
196,528
106,685
103,534
74,504
61,691
224,500
84,56
183,116
23,370
38,49
52,625
27,174
188,437
58,352
171,344
85,551
47,631
26,184
45,398
39,279
137,576
124,620
45,634
105,461
188,438
106,15
108,360
43,464
36,257
39,564
108,144
173,194
157,325
103,415
54,324
188,26
111,10
239,129
231,635
214,147
106,646
88,552
81,160
74,369
60,604
239,469
44,477
105,445
117,319
188,175
143,152
59,546
32,173
56,64
91,81
53,48
172,568
188,79
108,295
40,277
219,303
174,216
168,526
106,462
106,200
50,412
74,485
24,550
55,332
135,403
110,347
66,582
183,670
122,517
139,616
108,447
70,300
58,423
108,77
106,336
59,687
7,697
138,406
106,12
41,476
148,541
40,53
148,595
59,258
164,532
26,529
84,368
63,241
42,114
211,66
102,588
105,379
108,233
212,83
107,158
147,484
107,339
103,73
106,382
55,535
79,230
169,122
41,305
148,563
77,221
53,341
90,575
212,136
100,2
65,597
210,394
122,211
41,674
234,215
176,212
64,533
240,52
34,328
207,677
108,656
87,457
189,209
108,13
105,326
105,501
105,60
25,179
66,333
77,662
4,182
106,238
210,578
5,426
163,27
77,456
164,30
106,547
42,451
154,585
188,409
200,321
6,312
70,242
77,514
117,65
105,380
20,637
172,652
117,619
121,651
23,372
80,614
141,608
103,351
106,75
105,74
86,653
52,427
59,96
47,186
208,247
188,538
49,480
164,482
135,68
111,503
93,650
71,131
22,101
43,376
53,495
226,365
109,198
191,583
105,6
164,693
74,243
67,108
161,354
105,467
60,402
213,148
15,8
145,349
39,561
171,430
201,657
105,539
11,444
103,133
105,281
106,273
95,407
120,191
93,384
8,119
111,192
164,282
188,366
88,419
115,39
42,285
103,673
114,598
142,188
41,452
203,270
105,205
180,306
58,521
71,668
111,223
106,137
101,256
178,358
111,150
33,573
56,40
56,78
177,493
74,507
99,240
67,581
108,681
111,489
81,510
103,531
39,18
249,560
204,141
240,434
80,342
105,28
241,271
74,318
130,340
121,280
176,455
47,163
105,540
63,586
41,310
106,149
222,654
232,190
87,629
141,299
101,606
115,377
55,518
149,667
177,395
176,301
156,267
199,21
97,683
162,362
188,117
245,103
43,400
65,213
110,330
160,263
105,36
54,643
105,47
103,171
196,302
189,37
59,571
17,287
248,51
60,686
188,432
164,157
59,134
105,440
162,201
39,104
105,630
90,516
211,633
64,272
195,170
108,98
77,222
229,658
29,180
105,85
46,393
42,235
77,327
105,644
184,433
89,703
56,513
69,29
28,628
105,671
106,132
87,248
105,143
1,702
233,253
