2,876
13,323
2,808
2,836
2,109
2,992
2,40
6,214
2,320
2,216
8,554
2,32
2,434
2,68
2,447
2,117
2,957
2,664
8,645
2,1032
2,427
2,668
2,340
8,888
2,505
2,342
8,170
2,360
2,330
2,891
2,287
2,1063
8,278
2,970
2,913
2,682
2,972
2,654
2,243
2,419
2,266
2,141
2,739
2,828
1,319
2,380
2,501
2,916
2,293
2,908
8,968
2,364
8,1076
2,658
2,730
2,47
2,306
6,571
2,722
2,296
2,871
2,446
8,387
2,77
5,963
2,366
2,1056
2,1089
2,173
2,971
2,846
2,678
2,897
5,816
2,1017
8,939
2,308
11,561
1,921
2,202
2,748
2,17
2,583
2,70
2,404
2,529
2,1009
2,852
2,787
2,1000
2,414
8,85
2,494
8,98
8,814
2,585
2,378
2,185
2,488
6,254
5,316
2,261
2,1012
2,149
6,745
2,262
2,524
8,268
2,270
2,448
8,339
8,207
2,646
6,450
2,934
5,178
2,684
2,399
5,28
2,99
8,917
2,246
8,784
2,1027
6,406
2,424
2,652
8,482
6,914
2,1030
2,826
2,827
2,245
2,12
2,299
2,562
2,423
2,283
8,203
2,525
2,769
2,979
2,647
2,159
8,783
2,998
2,679
6,29
2,721
2,73
2,560
2,800
2,744
2,749
2,142
2,81
2,1052
2,1072
2,703
8,490
6,620
2,631
8,1037
2,956
2,1008
2,1071
2,162
2,210
2,523
2,305
2,38
2,499
2,535
2,55
2,1069
9,747
2,1088
2,1082
2,929
2,1
5,742
2,23
2,536
2,579
2,187
2,297
2,750
2,39
2,157
2,215
2,115
2,756
2,665
2,978
8,983
2,773
2,75
5,1059
2,697
2,41
2,303
2,568
2,1002
2,941
2,660
2,731
2,107
2,417
6,875
2,186
2,1084
8,1020
2,411
2,812
2,223
2,97
2,96
6,442
5,588
2,355
2,151
8,251
2,344
2,405
2,902
2,1014
6,623
2,946
5,779
2,233
8,926
2,767
2,5
8,509
2,774
2,889
2,644
2,72
2,666
2,880
2,272
2,648
2,489
2,843
2,612
2,1004
5,782
6,291
2,179
2,589
2,503
2,1053
2,729
2,34
2,943
2,763
2,858
2,363
8,346
2,250
2,418
2,596
2,952
2,977
8,496
2,553
2,847
2,1054
2,211
2,694
2,59
2,240
5,1041
2,985
2,361
2,960
2,260
2,539
2,771
8,1085
8,50
2,1083
2,918
8,996
2,518
2,1077
2,415
8,236
8,298
2,1060
2,574
2,691
2,903
8,274
2,362
2,436
2,840
2,878
2,777
2,801
2,522
2,60
2,237
8,313
2,1003
2,1013
2,899
2,639
2,217
7,877
2,630
2,1044
2,166
2,923
2,1023
2,391
2,822
8,607
2,35
2,208
2,549
5,760
2,988
8,622
8,656
3,605
2,942
8,147
2,230
2,636
2,540
2,425
2,56
8,629
8,3
2,235
2,172
8,1022
2,348
2,124
2,311
2,904
14,420
2,354
2,794
2,394
5,527
2,781
10,189
2,200
2,825
2,1016
6,174
2,820
2,659
2,728
5,716
2,22
2,228
2,866
2,441
2,993
2,920
2,21
2,66
2,86
8,445
2,437
2,621
2,7
8,10
8,528
2,573
8,375
2,786
2,359
2,37
2,755
2,707
2,110
2,388
8,500
2,864
2,184
2,837
2,1078
2,671
2,403
2,127
8,557
2,947
2,146
8,845
2,422
8,241
2,392
2,197
8,862
2,52
2,674
2,628
2,282
2,102
2,62
2,351
2,155
2,949
2,807
8,958
8,1058
2,961
2,13
8,604
2,440
2,932
2,276
2,14
2,477
2,704
2,705
2,582
2,861
2,317
2,772
2,255
2,472
2,651
10,26
2,758
8,898
2,713
2,617
14,580
2,257
8,504
2,712
2,42
2,400
2,759
2,113
2,865
2,643
2,1048
1,4
2,633
2,594
2,87
2,754
2,873
2,80
2,20
8,206
2,1051
2,134
2,765
2,641
5,271
2,36
2,802
2,275
2,82
8,57
2,132
2,842
2,397
8,806
13,133
2,692
2,429
2,137
8,1074
2,1086
2,193
2,256
2,793
2,44
2,726
5,269
2,369
2,156
1,483
2,699
2,451
2,401
6,188
2,833
8,104
2,1031
2,1034
2,15
8,969
2,461
8,279
2,819
8,408
2,46
8,890
2,689
2,796
2,667
2,103
2,199
2,736
2,811
2,154
8,650
2,285
8,201
2,995
5,999
5,592
2,329
2,460
8,635
2,695
2,204
2,986
2,120
2,1042
8,884
2,601
2,1040
2,723
2,164
2,332
2,126
2,881
2,412
2,473
2,67
2,1036
2,224
2,158
2,517
2,761
2,407
5,521
2,43
2,426
2,476
2,140
8,590
5,1018
2,513
8,295
8,277
2,855
1,718
2,711
1,242
2,373
2,183
2,1001
2,900
8,1062
2,776
2,365
8,938
8,829
2,680
2,544
2,1047
8,474
2,627
5,331
8,785
2,69
2,421
5,396
7,676
2,973
5,31
2,226
2,1025
8,859
5,470
2,131
8,49
2,1055
2,386
2,459
2,300
2,135
2,177
2,449
2,1024
8,152
2,834
2,653
2,18
8,465
2,530
2,167
2,602
8,901
2,818
8,951
2,854
8,61
2,844
2,301
2,502
2,657
2,850
2,714
2,191
2,823
2,286
2,531
2,683
8,911
2,267
2,584
2,624
2,143
2,6
2,516
2,130
14,290
2,486
2,194
2,609
2,661
2,606
2,88
5,333
2,839
2,315
2,464
2,577
2,376
2,886
2,48
2,54
2,706
2,688
2,431
8,1073
2,479
2,389
2,841
1,738
2,1079
2,940
2,492
2,598
2,118
2,321
1,377
2,309
2,350
2,1068
2,439
2,907
5,463
2,122
2,1091
2,987
2,232
2,709
2,640
5,64
15,144
2,637
2,9
2,790
2,997
2,252
5,982
2,84
2,817
8,244
8,93
2,370
8,1007
2,25
2,532
2,89
2,337
2,150
8,169
2,953
2,213
2,402
6,734
8,249
2,469
2,264
2,670
8,879
2,165
2,919
2,741
2,821
2,458
8,263
2,564
2,632
2,1065
2,71
8,698
8,906
2,368
2,16
2,533
2,954
2,805
8,352
2,455
5,857
2,307
2,292
2,341
2,556
6,693
2,1080
8,475
2,327
8,345
1,519
2,168
2,944
2,379
8,534
2,180
2,593
2,551
2,192
2,930
2,182
2,515
8,634
2,356
2,136
2,870
2,1029
8,138
2,586
2,238
2,384
2,567
2,358
8,1081
2,964
2,1061
8,336
2,454
2,753
2,922
2,967
2,541
8,432
2,239
2,896
2,190
2,727
5,616
2,810
2,603
2,253
2,860
12,1064
2,740
8,456
2,438
2,804
2,614
2,314
2,608
8,526
2,872
2,538
2,768
2,416
8,312
2,1006
2,937
8,205
2,220
1,733
2,484
2,851
2,687
2,547
2,735
2,613
2,1015
2,468
8,258
2,795
2,945
5,453
2,887
2,30
2,1045
2,302
8,1066
8,966
8,381
2,989
2,480
2,791
1,975
2,788
2,1057
2,766
2,974
2,935
8,83
2,751
2,221
2,625
12,175
2,955
8,610
2,581
2,962
2,677
2,552
2,171
2,507
2,91
2,874
8,90
2,700
2,600
2,383
2,385
2,883
8,832
8,725
2,196
2,512
2,225
4,615
2,498
2,1087
10,106
2,618
2,443
2,153
2,720
2,649
2,481
2,642
2,444
2,780
8,45
6,548
2,550
2,803
2,79
8,893
2,326
2,835
14,322
2,710
2,885
2,662
2,273
2,537
2,101
8,543
2,1043
2,116
2,669
10,572
8,905
8,910
2,119
2,219
2,655
2,198
2,74
2,981
2,792
2,229
2,1021
2,626
2,948
2,478
8,976
2,181
2,927
5,510
2,1039
2,247
2,569
2,357
2,925
2,1035
8,347
1,1050
8,65
8,565
2,757
2,511
2,457
2,576
2,797
2,1067
2,611
2,936
2,395
5,33
2,334
2,869
2,520
8,145
5,546
2,195
6,950
2,294
2,325
8,892
2,163
2,752
2,743
2,435
2,491
2,789
2,770
2,578
11,984
5,558
2,1049
5,824
8,559
2,493
2,696
8,545
2,318
14,863
2,599
2,281
8,108
2,288
2,830
2,915
2,690
2,815
2,719
2,335
2,595
2,265
2,304
2,280
5,737
2,514
8,160
2,587
2,95
2,231
2,76
2,717
2,367
2,390
2,139
8,111
2,1070
2,809
2,234
2,1019
2,497
8,1028
2,413
2,980
2,597
2,965
2,764
2,638
2,121
2,701
2,1010
2,1033
5,1011
2,673
2,681
2,92
8,487
5,732
2,53
2,555
8,112
2,508
2,848
2,374
2,398
2,566
11,542
8,382
2,991
2,410
8,452
2,284
2,1038
2,51
2,591
2,909
2,724
2,371
2,24
2,868
2,575
11,128
2,931
2,409
2,372
2,1075
8,506
8,1026
2,466
2,895
2,994
2,11
2,94
2,882
2,259
8,672
2,123
5,853
2,328
2,289
2,959
2,19
8,894
2,708
8,212
2,675
2,702
2,462
2,798
8,686
2,27
5,338
2,63
2,746
8,324
5,775
2,778
2,495
2,831
5,430
2,928
2,799
6,393
2,471
2,222
8,563
5,310
2,570
2,176
2,227
2,1046
2,161
2,8
2,100
2,849
2,125
2,912
2,685
2,209
2,129
2,105
2,1090
2,248
8,485
2,218
2,715
8,148
2,353
2,114
2,58
2,349
8,838
2,428
2,867
2,467
2,2
2,762
2,813
2,78
2,1005
2,924
2,990
2,619
2,343
2,433
2,933
6,856
2,663
