8,50
12,293
7,579
8,100
7,701
12,607
8,264
13,587
7,525
9,128
7,688
3,545
12,663
8,99
7,245
8,19
7,294
20,574
8,676
8,185
16,308
8,523
8,632
7,239
8,590
9,123
12,356
20,665
23,389
12,130
8,698
7,555
8,639
8,337
7,442
21,320
22,67
8,338
14,23
15,76
8,168
7,227
7,329
7,105
8,679
7,418
21,692
5,388
7,289
8,54
22,146
12,524
3,491
8,385
8,396
7,612
7,154
8,435
7,155
12,699
8,591
8,458
7,381
5,284
12,296
4,554
8,420
12,61
8,498
8,97
8,374
8,642
12,58
12,156
12,530
8,536
6,118
15,459
5,392
8,478
5,474
8,110
12,626
7,553
24,275
7,589
8,397
7,304
8,288
8,428
8,602
8,34
7,666
7,286
8,497
12,7
8,162
25,229
8,522
8,519
12,283
7,425
16,208
25,176
8,278
7,166
7,684
13,125
7,126
8,266
7,473
7,334
8,22
4,623
7,20
7,363
16,38
8,41
14,343
7,492
8,421
12,69
8,453
7,470
8,14
8,82
7,187
8,219
9,494
8,496
12,371
26,313
14,70
25,234
7,189
12,661
14,465
7,350
7,572
7,355
20,159
7,624
1,391
9,596
8,431
8,615
9,89
13,167
17,71
14,62
7,565
5,113
7,311
8,611
8,315
8,25
25,317
12,307
8,55
10,613
7,647
8,490
17,621
8,346
8,508
8,655
8,95
8,387
7,237
25,297
21,449
7,164
5,506
7,680
5,357
8,232
8,594
8,566
12,87
24,592
7,645
12,520
8,4
7,265
8,700
12,556
8,410
14,322
8,694
18,91
14,436
14,196
7,599
9,486
7,345
8,367
7,401
12,316
7,72
5,178
25,548
7,544
7,443
8,165
14,249
7,80
7,390
8,600
12,648
7,16
12,45
12,353
21,603
7,298
12,511
5,468
7,549
7,636
8,593
8,1
12,261
25,259
14,244
7,92
7,177
7,204
8,220
7,33
8,90
12,183
7,416
8,145
4,121
8,31
24,9
7,618
8,617
12,695
8,448
20,135
4,231
12,86
13,383
8,115
8,217
7,228
12,408
26,5
8,207
7,472
7,106
7,609
2,446
7,24
7,483
14,475
9,558
3,669
8,255
7,675
8,580
7,140
21,378
8,181
8,672
8,269
16,439
7,199
7,291
14,323
20,112
25,399
14,505
7,570
8,93
7,335
5,246
8,84
7,450
20,664
14,429
14,94
8,107
8,463
14,649
8,499
22,405
8,127
8,557
7,274
7,562
7,225
8,153
8,460
5,414
8,424
8,627
8,678
18,268
6,197
16,584
21,57
5,224
8,214
12,481
14,109
8,46
8,142
7,454
17,479
8,309
12,512
8,111
7,605
8,502
8,32
8,641
20,375
11,359
8,210
12,124
8,659
7,422
9,364
9,569
12,373
24,441
12,690
8,601
21,488
7,537
5,348
12,559
8,638
7,411
6,250
8,35
8,314
12,290
20,63
12,689
20,331
8,413
7,417
8,361
8,11
5,292
7,276
14,172
8,404
12,252
7,509
8,169
13,151
8,139
8,660
8,120
14,43
7,527
7,466
7,193
16,195
8,682
7,515
12,260
14,218
8,203
4,251
10,138
7,17
8,640
12,487
7,262
8,254
7,59
12,161
18,696
7,44
4,236
12,542
8,202
12,42
7,471
14,226
8,622
7,577
8,88
8,610
8,102
8,206
8,567
8,3
24,386
12,543
16,528
8,685
8,534
7,504
7,691
21,500
8,56
13,116
5,370
7,49
7,625
6,174
14,437
7,352
12,344
8,551
7,631
5,184
7,398
7,279
9,576
8,620
7,634
8,461
14,438
8,15
8,360
7,464
6,257
7,564
8,144
12,194
12,325
8,415
7,324
14,26
8,10
25,129
23,635
20,147
8,646
8,552
7,160
7,369
7,604
25,469
7,477
8,445
8,319
14,175
10,152
7,546
6,173
7,64
8,81
7,48
12,568
14,79
8,295
7,277
20,303
12,216
12,526
8,462
8,200
7,412
7,485
5,550
7,332
9,403
8,347
7,582
13,670
8,517
10,616
8,447
7,300
7,423
8,77
8,336
7,687
3,697
10,406
8,12
7,476
12,541
7,53
12,595
7,258
12,532
5,529
8,368
7,241
7,114
20,66
8,588
8,379
8,233
20,83
8,158
12,484
8,339
8,73
8,382
7,535
7,230
12,122
7,305
12,563
7,221
7,341
8,575
20,136
8,2
7,597
20,394
8,211
7,674
23,215
12,212
7,533
25,52
6,328
19,677
8,656
8,457
14,209
8,13
8,326
8,501
8,60
5,179
7,333
7,662
3,182
8,238
20,578
3,426
12,27
7,456
12,30
8,547
7,451
12,585
14,409
17,321
3,312
7,242
7,514
8,65
8,380
5,637
12,652
8,619
8,651
5,372
7,614
10,608
8,351
8,75
8,74
8,653
7,427
7,96
7,186
20,247
14,538
7,480
12,482
9,68
8,503
8,650
7,131
5,101
7,376
7,495
22,365
8,198
15,583
8,6
12,693
7,243
7,108
12,354
8,467
7,402
20,148
5,8
12,349
7,561
12,430
17,657
8,539
4,444
8,133
8,281
8,273
8,407
8,191
8,384
3,119
8,192
12,282
14,366
8,419
8,39
7,285
8,673
8,598
10,188
7,452
18,270
8,205
12,306
7,521
7,668
8,223
8,137
8,256
12,358
8,150
6,573
7,40
7,78
12,493
7,507
8,240
7,581
8,681
8,489
7,510
8,531
7,18
26,560
18,141
25,434
7,342
8,28
25,271
7,318
9,340
8,280
12,455
7,163
8,540
7,586
7,310
8,149
21,654
23,190
8,629
10,299
8,606
8,377
7,518
12,667
12,395
12,301
12,267
17,21
8,683
12,362
14,117
25,103
7,400
7,213
8,330
12,263
8,36
7,643
8,47
8,171
16,302
14,37
7,571
5,287
26,51
7,686
14,432
12,157
7,134
8,440
12,201
7,104
8,630
8,516
20,633
7,272
16,170
8,98
7,222
22,658
6,180
8,85
7,393
7,235
7,327
8,644
13,433
8,703
7,513
7,29
6,628
8,671
8,132
8,248
8,143
1,702
23,253
