15,50
23,293
10,579
14,100
10,701
21,607
14,264
24,587
10,525
17,128
10,688
4,545
23,663
14,99
11,245
15,19
10,294
33,574
14,676
14,185
29,308
14,523
14,632
10,239
14,590
17,123
23,356
33,665
41,389
23,130
16,698
10,555
16,639
14,337
10,442
37,320
38,67
14,338
26,23
27,76
14,168
10,227
10,329
10,105
15,679
10,418
37,692
7,388
12,289
14,54
39,146
23,524
4,491
14,385
14,396
12,612
10,154
14,435
10,155
23,699
14,591
14,458
10,381
7,284
23,296
5,554
14,420
21,61
14,498
14,97
14,374
14,642
23,58
22,156
22,530
14,536
9,118
27,459
7,392
15,478
7,474
14,110
23,626
10,553
42,275
10,589
14,397
10,304
14,288
16,428
14,602
15,34
10,666
10,286
14,497
22,7
14,162
44,229
14,522
14,519
21,283
10,425
28,208
43,176
14,278
10,166
10,684
25,125
10,126
14,266
10,473
10,334
14,22
5,623
10,20
12,363
28,38
14,41
26,343
10,492
16,421
23,69
14,453
10,470
14,14
14,82
10,187
14,219
17,494
14,496
21,371
45,313
26,70
43,234
10,189
23,661
26,465
10,350
10,572
10,355
33,159
10,624
2,391
18,596
16,431
14,615
17,89
24,167
30,71
26,62
10,565
7,113
10,311
14,611
14,315
14,25
43,317
23,307
14,55
19,613
10,647
14,490
30,621
14,346
15,508
14,655
14,95
14,387
10,237
44,297
36,449
10,164
7,506
12,680
7,357
14,232
16,594
15,566
23,87
42,592
10,645
23,520
16,4
13,265
14,700
22,556
14,410
26,322
14,694
31,91
26,436
26,196
10,599
18,486
10,345
14,367
10,401
21,316
10,72
7,178
43,548
10,544
10,443
16,165
26,249
10,80
10,390
14,600
23,648
10,16
23,45
23,353
37,603
10,298
23,511
7,468
10,549
10,636
14,593
16,1
23,261
44,259
26,244
10,92
10,177
10,204
14,220
10,33
14,90
23,183
10,416
14,145
5,121
14,31
42,9
10,618
14,617
23,695
14,448
33,135
5,231
23,86
25,383
15,115
14,217
10,228
22,408
45,5
15,207
10,472
10,106
10,609
3,446
10,24
10,483
26,475
18,558
4,669
15,255
10,675
15,580
10,140
37,378
14,181
14,672
14,269
29,439
10,199
10,291
26,323
33,112
44,399
26,505
10,570
14,93
10,335
7,246
14,84
11,450
34,664
26,429
26,94
14,107
14,463
26,649
14,499
38,405
14,127
14,557
10,274
10,562
10,225
14,153
14,460
7,414
14,424
14,627
15,678
31,268
9,197
29,584
36,57
7,224
14,214
23,481
26,109
14,46
14,142
10,454
30,479
14,309
23,512
14,111
10,605
14,502
14,32
14,641
34,375
20,359
14,210
23,124
14,659
10,422
18,364
18,569
23,373
42,441
23,690
14,601
37,488
10,537
7,348
23,559
14,638
10,411
8,250
14,35
14,314
23,290
34,63
23,689
33,331
14,413
12,417
14,361
14,11
6,292
10,276
26,172
14,404
23,252
12,509
15,169
25,151
14,139
14,660
14,120
26,43
10,527
11,466
10,193
28,195
14,682
10,515
21,260
26,218
14,203
5,251
19,138
12,17
14,640
23,487
10,262
14,254
10,59
21,161
31,696
10,44
5,236
23,542
14,202
23,42
10,471
26,226
14,622
10,577
14,88
14,610
14,102
15,206
14,567
14,3
42,386
23,543
29,528
14,685
14,534
11,504
10,691
37,500
14,56
25,116
7,370
10,49
10,625
8,174
26,437
10,352
23,344
14,551
10,631
7,184
10,398
10,279
18,576
16,620
10,634
14,461
26,438
14,15
14,360
10,464
9,257
10,564
14,144
23,194
22,325
14,415
10,324
26,26
14,10
43,129
40,635
33,147
14,646
14,552
12,160
11,369
10,604
43,469
10,477
14,445
15,319
26,175
19,152
10,546
9,173
10,64
14,81
10,48
23,568
26,79
14,295
10,277
35,303
23,216
23,526
14,462
14,200
10,412
11,485
7,550
10,332
18,403
14,347
10,582
25,670
15,517
19,616
14,447
10,300
10,423
14,77
14,336
10,687
4,697
19,406
14,12
10,476
21,541
10,53
21,595
10,258
23,532
7,529
14,368
10,241
10,114
33,66
14,588
14,379
14,233
33,83
14,158
21,484
14,339
14,73
14,382
10,535
12,230
23,122
10,305
21,563
12,221
10,341
14,575
33,136
14,2
10,597
33,394
15,211
10,674
40,215
23,212
10,533
43,52
9,328
32,677
14,656
14,457
26,209
14,13
14,326
14,501
14,60
7,179
10,333
12,662
4,182
14,238
33,578
4,426
23,27
12,456
23,30
14,547
10,451
22,585
26,409
30,321
4,312
10,242
12,514
15,65
14,380
7,637
23,652
15,619
15,651
7,372
12,614
19,608
14,351
14,75
14,74
14,653
10,427
10,96
10,186
33,247
26,538
10,480
23,482
18,68
14,503
14,650
10,131
7,101
10,376
10,495
38,365
14,198
27,583
14,6
23,693
11,243
10,108
23,354
14,467
10,402
33,148
6,8
21,349
10,561
23,430
30,657
14,539
5,444
14,133
14,281
14,273
14,407
15,191
14,384
4,119
14,192
23,282
26,366
14,419
15,39
10,285
14,673
15,598
19,188
10,452
31,270
14,205
23,306
10,521
10,668
14,223
14,137
14,256
23,358
14,150
9,573
10,40
10,78
23,493
11,507
14,240
10,581
14,681
14,489
12,510
14,531
10,18
46,560
31,141
43,434
12,342
14,28
43,271
11,318
17,340
15,280
23,455
10,163
14,540
10,586
10,310
14,149
37,654
40,190
14,629
19,299
14,606
15,377
10,518
21,667
23,395
23,301
22,267
30,21
14,683
23,362
26,117
44,103
10,400
10,213
14,330
23,263
14,36
10,643
14,47
14,171
29,302
26,37
10,571
6,287
46,51
10,686
26,432
23,157
10,134
14,440
23,201
10,104
14,630
14,516
33,633
10,272
29,170
14,98
12,222
39,658
8,180
14,85
10,393
10,235
12,327
14,644
25,433
14,703
10,513
10,29
8,628
14,671
14,132
14,248
14,143
1,702
40,253
