28,13
49,442
27,83
18,295
5,248
32,271
27,92
90,108
72,202
27,63
27,249
27,117
27,504
27,393
27,561
15,321
27,499
27,211
27,156
27,115
27,490
27,180
85,178
128,472
122,562
8,522
32,198
27,389
27,199
27,443
83,146
49,96
27,39
27,125
125,18
22,151
129,290
27,330
27,87
27,33
32,148
31,200
24,195
27,101
115,19
27,560
27,59
128,300
90,568
27,56
27,571
89,564
27,325
32,419
27,15
27,139
28,501
27,174
27,299
27,261
27,528
27,536
27,401
56,279
27,44
32,276
27,143
27,489
27,109
25,418
37,291
19,349
107,386
27,40
27,530
68,238
32,46
27,545
27,467
21,245
83,404
27,244
27,378
27,29
27,67
6,252
27,274
27,574
27,89
87,516
58,293
27,327
27,283
27,533
56,119
27,370
134,458
27,68
32,88
127,465
27,285
27,227
56,331
32,50
126,7
47,237
53,557
27,303
27,317
32,449
31,144
25,339
92,188
27,537
27,413
31,3
27,230
102,166
27,394
114,155
128,20
49,372
27,240
118,366
27,203
25,583
32,513
26,11
128,487
128,258
27,269
43,579
37,322
98,414
32,53
131,152
93,556
128,255
27,131
73,243
23,420
27,368
27,221
27,428
126,553
27,316
123,491
27,278
99,65
25,286
27,55
27,233
27,78
15,215
27,205
27,254
140,409
45,532
96,494
50,69
27,51
105,448
41,423
27,266
27,512
27,567
125,481
22,171
27,326
32,460
27,34
112,228
54,466
27,391
116,430
128,94
128,196
27,14
1,62
27,367
128,85
55,114
2,190
4,297
16,566
32,197
27,492
27,546
31,432
27,17
128,505
120,98
95,153
97,441
27,488
27,426
27,82
27,123
27,523
27,559
116,102
27,577
27,425
70,187
27,485
18,270
27,439
56,495
32,581
137,400
27,476
57,586
121,582
27,515
27,79
10,507
25,236
27,584
12,585
27,410
27,306
59,218
32,304
31,38
57,264
117,578
27,496
27,21
50,74
27,379
27,84
55,315
27,344
98,207
32,61
27,360
27,161
27,540
32,555
27,334
119,453
125,93
27,470
27,422
27,259
25,329
19,445
27,30
27,12
31,47
45,10
27,455
88,575
27,169
27,75
32,164
64,484
27,345
27,314
18,347
27,301
14,373
44,446
27,380
121,570
27,362
32,313
27,294
27,355
27,337
27,231
62,58
15,142
27,440
46,22
27,563
67,569
27,526
27,268
133,165
85,376
38,214
27,28
55,60
27,552
27,424
32,220
128,408
138,57
27,1
27,310
32,309
27,308
27,551
27,403
128,333
27,128
120,451
27,377
27,381
27,421
3,77
27,27
27,209
13,6
27,104
12,371
28,170
28,311
28,267
32,127
44,292
27,256
27,474
27,412
27,186
27,235
100,54
111,398
36,239
27,547
27,99
3,110
63,572
27,287
27,340
27,66
44,223
27,135
27,396
27,41
120,116
26,411
27,438
37,111
77,189
27,541
15,224
27,250
32,42
128,415
119,479
34,549
27,454
27,168
21,36
27,358
99,80
27,346
101,141
126,539
139,406
25,511
134,43
27,217
25,356
123,70
22,246
103,126
27,353
109,529
27,112
118,150
135,343
9,500
27,508
27,335
27,133
69,71
27,282
32,417
27,473
27,320
129,247
122,514
27,72
30,431
27,427
27,405
27,4
30,206
70,260
8,390
7,16
74,273
27,338
84,154
104,185
27,464
15,395
27,475
110,163
27,263
27,312
40,328
32,251
11,158
32,275
128,132
27,565
27,219
117,307
29,305
27,262
20,32
23,122
106,2
28,229
27,160
27,502
31,558
32,573
27,456
27,106
31,26
62,383
35,365
27,216
27,517
27,503
30,397
27,384
27,86
27,534
27,5
27,184
19,435
27,302
108,554
27,323
19,183
27,179
128,64
129,542
4,208
78,103
128,95
31,548
27,225
27,212
27,461
27,91
27,182
127,284
27,232
27,173
109,107
27,531
27,222
109,521
30,518
79,416
27,272
33,324
27,257
48,277
65,525
27,76
131,369
27,480
57,457
81,204
119,382
17,520
27,49
27,8
27,497
126,543
108,527
27,52
86,253
27,23
35,281
32,471
39,90
27,509
113,538
132,137
31,113
66,159
27,193
141,194
76,348
27,149
27,134
75,234
27,318
27,462
27,506
27,580
27,436
27,336
117,452
27,31
27,81
27,387
90,140
136,9
27,385
37,483
27,486
51,350
11,130
27,177
27,341
80,576
27,433
37,129
94,288
106,524
23,181
27,176
27,437
19,399
27,296
27,588
11,544
61,191
124,121
71,48
60,138
27,24
27,434
128,374
67,37
27,535
91,100
27,550
25,444
27,136
59,459
27,478
27,468
5,105
130,145
27,351
27,167
94,35
23,242
27,147
31,357
56,519
90,280
128,298
27,192
27,332
32,342
56,463
31,241
127,363
29,124
27,375
27,25
3,265
27,213
27,226
27,493
51,402
27,201
27,175
27,45
27,120
27,172
27,319
42,477
27,354
27,97
27,364
27,407
27,510
27,73
32,429
52,469
27,447
27,361
128,450
27,392
27,359
27,118
82,388
27,162
27,352
27,289
27,157
27,210
27,498
142,482
128,587
