13,13
21,442
13,83
12,295
3,248
13,271
13,92
45,108
32,202
13,63
13,249
13,117
13,504
13,393
13,561
11,321
13,499
13,211
13,156
13,115
13,490
13,180
42,178
66,472
64,562
6,522
13,198
13,389
13,199
13,443
40,146
21,96
13,39
13,125
65,18
13,151
66,290
13,330
13,87
13,33
13,148
13,200
13,195
13,101
59,19
13,560
13,59
66,300
45,568
13,56
13,571
44,564
13,325
13,419
13,15
13,139
13,501
13,174
13,299
13,261
13,528
13,536
13,401
24,279
13,44
13,276
13,143
13,489
13,109
13,418
14,291
12,349
55,386
13,40
13,530
30,238
13,46
13,545
13,467
13,245
40,404
13,244
13,378
13,29
13,67
4,252
13,274
13,574
13,89
43,516
24,293
13,327
13,283
13,533
24,119
13,370
69,458
13,68
13,88
66,465
13,285
13,227
24,331
13,50
65,7
20,237
22,557
13,303
13,317
13,449
13,144
13,339
46,188
13,537
13,413
13,3
13,230
53,166
13,394
59,155
66,20
21,372
13,240
62,366
13,203
13,583
13,513
13,11
66,487
66,258
13,269
17,579
14,322
50,414
13,53
67,152
46,556
66,255
13,131
33,243
13,420
13,368
13,221
13,428
65,553
13,316
65,491
13,278
50,65
13,286
13,55
13,233
13,78
11,215
13,205
13,254
73,409
18,532
48,494
21,69
13,51
54,448
16,423
13,266
13,512
13,567
65,481
13,171
13,326
13,460
13,34
57,228
22,466
13,391
60,430
66,94
66,196
13,14
1,62
13,367
66,85
23,114
2,190
3,297
11,566
13,197
13,492
13,546
13,432
13,17
66,505
63,98
48,153
49,441
13,488
13,426
13,82
13,123
13,523
13,559
60,102
13,577
13,425
31,187
13,485
12,270
13,439
24,495
13,581
71,400
13,476
24,586
64,582
13,515
13,79
6,507
13,236
13,584
8,585
13,410
13,306
25,218
13,304
13,38
24,264
61,578
13,496
13,21
21,74
13,379
13,84
23,315
13,344
50,207
13,61
13,360
13,161
13,540
13,555
13,334
63,453
65,93
13,470
13,422
13,259
13,329
12,445
13,30
13,12
13,47
18,10
13,455
44,575
13,169
13,75
13,164
28,484
13,345
13,314
12,347
13,301
10,373
18,446
13,380
64,570
13,362
13,313
13,294
13,355
13,337
13,231
26,58
11,142
13,440
19,22
13,563
30,569
13,526
13,268
68,165
42,376
14,214
13,28
23,60
13,552
13,424
13,220
66,408
72,57
13,1
13,310
13,309
13,308
13,551
13,403
66,333
13,128
63,451
13,377
13,381
13,421
3,77
13,27
13,209
9,6
13,104
8,371
13,170
13,311
13,267
13,127
18,292
13,256
13,474
13,412
13,186
13,235
51,54
57,398
14,239
13,547
13,99
3,110
27,572
13,287
13,340
13,66
18,223
13,135
13,396
13,41
63,116
13,411
13,438
14,111
36,189
13,541
11,224
13,250
13,42
66,415
63,479
13,549
13,454
13,168
13,36
13,358
50,80
13,346
52,141
65,539
72,406
13,511
69,43
13,217
13,356
65,70
13,246
53,126
13,353
56,529
13,112
62,150
69,343
6,500
13,508
13,335
13,133
30,71
13,282
13,417
13,473
13,320
66,247
64,514
13,72
13,431
13,427
13,405
13,4
13,206
31,260
6,390
5,16
34,273
13,338
41,154
53,185
13,464
11,395
13,475
56,163
13,263
13,312
15,328
13,251
7,158
13,275
66,132
13,565
13,219
61,307
13,305
13,262
12,32
13,122
55,2
13,229
13,160
13,502
13,558
13,573
13,456
13,106
13,26
26,383
14,365
13,216
13,517
13,503
13,397
13,384
13,86
13,534
13,5
13,184
12,435
13,302
55,554
13,323
12,183
13,179
66,64
66,542
3,208
36,103
66,95
13,548
13,225
13,212
13,461
13,91
13,182
66,284
13,232
13,173
56,107
13,531
13,222
56,521
13,518
37,416
13,272
13,324
13,257
20,277
29,525
13,76
67,369
13,480
24,457
38,204
63,382
11,520
13,49
13,8
13,497
65,543
55,527
13,52
42,253
13,23
14,281
13,471
15,90
13,509
58,538
67,137
13,113
29,159
13,193
74,194
35,348
13,149
13,134
35,234
13,318
13,462
13,506
13,580
13,436
13,336
61,452
13,31
13,81
13,387
45,140
70,9
13,385
14,483
13,486
21,350
7,130
13,177
13,341
38,576
13,433
14,129
47,288
55,524
13,181
13,176
13,437
12,399
13,296
13,588
7,544
25,191
65,121
31,48
25,138
13,24
13,434
66,374
30,37
13,535
45,100
13,550
13,444
13,136
25,459
13,478
13,468
3,105
66,145
13,351
13,167
47,35
13,242
13,147
13,357
24,519
45,280
66,298
13,192
13,332
13,342
24,463
13,241
66,363
13,124
13,375
13,25
3,265
13,213
13,226
13,493
21,402
13,201
13,175
13,45
13,120
13,172
13,319
17,477
13,354
13,97
13,364
13,407
13,510
13,73
13,429
21,469
13,447
13,361
66,450
13,392
13,359
13,118
39,388
13,162
13,352
13,289
13,157
13,210
13,498
75,482
66,587
