12,876
60,323
12,808
12,836
12,109
12,992
12,40
33,214
12,320
12,216
42,554
12,32
12,434
12,68
12,447
12,117
12,957
12,664
43,645
12,1032
12,427
12,668
12,340
41,888
12,505
12,342
47,170
12,360
12,330
12,891
12,287
12,1063
41,278
12,970
12,913
12,682
12,972
12,654
12,243
12,419
12,266
12,141
12,739
12,828
1,319
12,380
12,501
12,916
12,293
12,908
41,968
12,364
41,1076
12,658
12,730
12,47
12,306
35,571
12,722
12,296
12,871
12,446
47,387
12,77
22,963
12,366
12,1056
12,1089
12,173
12,971
12,846
12,678
12,897
28,816
12,1017
41,939
12,308
55,561
1,921
12,202
12,748
12,17
12,583
12,70
12,404
12,529
12,1009
12,852
12,787
14,1000
11,414
41,85
12,494
42,98
41,814
12,585
12,378
12,185
12,488
33,254
26,316
12,261
12,1012
12,149
33,745
17,262
12,524
41,268
12,270
12,448
41,339
41,207
12,646
36,450
12,934
26,178
12,684
12,399
26,28
12,99
41,917
12,246
42,784
12,1027
33,406
12,424
12,652
41,482
33,914
12,1030
12,826
12,827
12,245
12,12
12,299
12,562
12,423
12,283
41,203
12,525
12,769
12,979
12,647
12,159
41,783
12,998
12,679
32,29
12,721
12,73
12,560
12,800
4,744
12,749
12,142
12,81
12,1052
12,1072
12,703
41,490
33,620
12,631
41,1037
12,956
12,1008
12,1071
12,162
12,210
12,523
12,305
11,38
12,499
12,535
12,55
12,1069
50,747
12,1088
12,1082
12,929
12,1
25,742
12,23
12,536
12,579
12,187
12,297
12,750
12,39
12,157
12,215
12,115
12,756
12,665
12,978
41,983
15,773
12,75
27,1059
12,697
12,41
12,303
12,568
12,1002
12,941
12,660
12,731
12,107
12,417
33,875
12,186
12,1084
43,1020
12,411
12,812
12,223
12,97
12,96
32,442
26,588
12,355
12,151
48,251
12,344
12,405
6,902
12,1014
33,623
12,946
28,779
12,233
41,926
12,767
12,5
41,509
12,774
12,889
12,644
12,72
12,666
12,880
12,272
12,648
12,489
12,843
12,612
12,1004
24,782
32,291
12,179
12,589
12,503
12,1053
12,729
12,34
12,943
12,763
12,858
12,363
42,346
12,250
12,418
12,596
12,952
12,977
41,496
12,553
12,847
12,1054
12,211
12,694
12,59
12,240
26,1041
12,985
12,361
12,960
12,260
12,539
12,771
41,1085
41,50
12,1083
12,918
41,996
12,518
12,1077
12,415
41,236
43,298
12,1060
12,574
12,691
12,903
41,274
12,362
12,436
12,840
12,878
12,777
12,801
12,522
12,60
12,237
41,313
12,1003
12,1013
12,899
12,639
12,217
38,877
12,630
12,1044
12,166
12,923
12,1023
12,391
12,822
41,607
12,35
12,208
12,549
26,760
12,988
47,622
41,656
18,605
12,942
42,147
12,230
12,636
12,540
12,425
12,56
41,629
41,3
12,235
12,172
47,1022
12,348
12,124
12,311
12,904
62,420
12,354
12,794
12,394
23,527
12,781
51,189
12,200
12,825
12,1016
34,174
12,820
12,659
12,728
24,716
12,22
12,228
12,866
12,441
12,993
12,920
12,21
12,66
12,86
41,445
12,437
12,621
12,7
41,10
42,528
12,573
41,375
12,786
12,359
12,37
12,755
12,707
12,110
12,388
41,500
9,864
12,184
9,837
12,1078
12,671
12,403
12,127
41,557
12,947
12,146
48,845
12,422
41,241
12,392
12,197
41,862
12,52
12,674
12,628
12,282
12,102
12,62
12,351
12,155
12,949
12,807
41,958
41,1058
12,961
12,13
41,604
12,440
12,932
12,276
12,14
12,477
12,704
12,705
12,582
12,861
12,317
12,772
12,255
12,472
12,651
52,26
12,758
45,898
12,713
12,617
64,580
12,257
41,504
12,712
12,42
12,400
12,759
12,113
12,865
12,643
3,1048
1,4
12,633
12,594
12,87
12,754
12,873
12,80
12,20
41,206
12,1051
12,134
12,765
12,641
20,271
12,36
12,802
12,275
12,82
44,57
12,132
12,842
12,397
42,806
61,133
12,692
12,429
12,137
48,1074
12,1086
12,193
12,256
12,793
12,44
12,726
29,269
12,369
12,156
1,483
12,699
12,451
12,401
32,188
12,833
41,104
12,1031
12,1034
12,15
41,969
12,461
41,279
12,819
45,408
12,46
41,890
7,689
12,796
12,667
12,103
12,199
12,736
12,811
12,154
42,650
11,285
41,201
12,995
30,999
20,592
16,329
12,460
41,635
12,695
12,204
12,986
12,120
12,1042
41,884
12,601
12,1040
12,723
12,164
12,332
12,126
12,881
12,412
12,473
12,67
12,1036
12,224
12,158
12,517
12,761
12,407
26,521
12,43
12,426
12,476
12,140
41,590
26,1018
12,513
41,295
41,277
12,855
1,718
12,711
1,242
12,373
11,183
12,1001
12,900
41,1062
12,776
12,365
41,938
41,829
12,680
12,544
12,1047
49,474
12,627
22,331
41,785
12,69
12,421
24,396
37,676
12,973
26,31
12,226
12,1025
41,859
21,470
12,131
41,49
12,1055
12,386
11,459
12,300
12,135
12,177
12,449
12,1024
41,152
12,834
12,653
12,18
41,465
12,530
12,167
12,602
41,901
12,818
41,951
12,854
41,61
9,844
12,301
12,502
12,657
12,850
12,714
12,191
12,823
12,286
12,531
13,683
41,911
12,267
12,584
12,624
5,143
12,6
12,516
3,130
63,290
12,486
12,194
12,609
12,661
12,606
12,88
28,333
12,839
12,315
12,464
12,577
12,376
12,886
12,48
12,54
12,706
12,688
12,431
41,1073
12,479
12,389
12,841
1,738
12,1079
12,940
12,492
12,598
12,118
12,321
1,377
12,309
12,350
12,1068
12,439
12,907
26,463
12,122
12,1091
12,987
12,232
12,709
12,640
26,64
67,144
12,637
12,9
12,790
12,997
12,252
26,982
12,84
12,817
42,244
41,93
12,370
40,1007
12,25
11,532
12,89
12,337
12,150
41,169
12,953
12,213
12,402
33,734
47,249
12,469
12,264
12,670
41,879
12,165
12,919
12,741
12,821
12,458
41,263
12,564
12,632
12,1065
9,71
41,698
39,906
12,368
12,16
12,533
12,954
12,805
43,352
12,455
26,857
12,307
12,292
12,341
12,556
32,693
12,1080
41,475
12,327
41,345
1,519
12,168
12,944
12,379
41,534
15,180
12,593
12,551
12,192
12,930
12,182
12,515
41,634
12,356
12,136
12,870
12,1029
41,138
12,586
12,238
12,384
12,567
12,358
41,1081
12,964
12,1061
47,336
12,454
12,753
12,922
12,967
12,541
41,432
12,239
12,896
12,190
12,727
20,616
12,810
12,603
12,253
12,860
59,1064
12,740
41,456
12,438
12,804
12,614
12,314
12,608
41,526
12,872
12,538
12,768
12,416
45,312
12,1006
12,937
45,205
12,220
1,733
12,484
12,851
12,687
12,547
12,735
12,613
12,1015
12,468
41,258
12,795
12,945
28,453
12,887
12,30
12,1045
12,302
41,1066
47,966
48,381
12,989
12,480
12,791
1,975
12,788
12,1057
12,766
12,974
12,935
41,83
12,751
12,221
12,625
58,175
12,955
41,610
12,581
12,962
12,677
12,552
12,171
12,507
12,91
12,874
41,90
12,700
12,600
12,383
12,385
12,883
41,832
45,725
10,196
12,512
12,225
19,615
12,498
12,1087
51,106
12,618
12,443
12,153
12,720
12,649
12,481
12,642
12,444
12,780
41,45
33,548
12,550
12,803
12,79
42,893
12,326
12,835
65,322
12,710
12,885
12,662
12,273
12,537
12,101
41,543
12,1043
12,116
12,669
53,572
41,905
41,910
12,119
12,219
12,655
12,198
11,74
12,981
12,792
12,229
12,1021
12,626
12,948
12,478
42,976
9,181
12,927
26,510
12,1039
12,247
12,569
12,357
12,925
12,1035
41,347
2,1050
43,65
42,565
12,757
12,511
12,457
12,576
12,797
12,1067
12,611
12,936
12,395
26,33
12,334
12,869
12,520
41,145
26,546
12,195
33,950
12,294
12,325
41,892
12,163
12,752
12,743
12,435
12,491
12,789
12,770
12,578
56,984
23,558
12,1049
31,824
46,559
12,493
12,696
41,545
12,318
66,863
12,599
12,281
41,108
12,288
12,830
12,915
12,690
12,815
12,719
12,335
12,595
12,265
12,304
12,280
29,737
12,514
41,160
12,587
12,95
12,231
12,76
12,717
12,367
12,390
12,139
43,111
12,1070
12,809
11,234
12,1019
12,497
41,1028
12,413
12,980
12,597
12,965
12,764
12,638
12,121
12,701
12,1010
12,1033
25,1011
12,673
12,681
12,92
41,487
28,732
12,53
12,555
41,112
12,508
12,848
12,374
12,398
12,566
57,542
41,382
12,991
12,410
42,452
12,284
12,1038
12,51
12,591
12,909
12,724
12,371
12,24
12,868
12,575
54,128
12,931
12,409
12,372
12,1075
41,506
41,1026
12,466
12,895
12,994
12,11
12,94
12,882
12,259
41,672
12,123
28,853
12,328
12,289
12,959
12,19
42,894
12,708
41,212
12,675
12,702
12,462
12,798
41,686
12,27
23,338
12,63
12,746
41,324
24,775
12,778
12,495
12,831
26,430
12,928
12,799
33,393
12,471
12,222
41,563
23,310
12,570
12,176
12,227
12,1046
12,161
12,8
12,100
12,849
12,125
12,912
12,685
12,209
12,129
12,105
12,1090
12,248
41,485
12,218
12,715
41,148
12,353
12,114
12,58
12,349
42,838
12,428
12,867
12,467
12,2
12,762
12,813
12,78
12,1005
12,924
12,990
12,619
8,343
12,433
12,933
32,856
12,663
