3,13
5,442
3,83
3,295
1,248
3,271
3,92
14,108
9,202
3,63
3,249
3,117
3,504
3,393
3,561
3,321
3,499
3,211
3,156
3,115
3,490
3,180
13,178
23,472
23,562
1,522
3,198
3,389
3,199
3,443
12,146
5,96
3,39
3,125
23,18
3,151
23,290
3,330
3,87
3,33
3,148
3,200
3,195
3,101
22,19
3,560
3,59
23,300
14,568
3,56
3,571
14,564
3,325
3,419
3,15
3,139
3,501
3,174
3,299
3,261
3,528
3,536
3,401
6,279
3,44
3,276
3,143
3,489
3,109
3,418
3,291
3,349
20,386
3,40
3,530
8,238
3,46
3,545
3,467
3,245
12,404
3,244
3,378
3,29
3,67
1,252
3,274
3,574
3,89
13,516
6,293
3,327
3,283
3,533
6,119
3,370
24,458
3,68
3,88
23,465
3,285
3,227
6,331
3,50
23,7
5,237
6,557
3,303
3,317
3,449
3,144
3,339
15,188
3,537
3,413
3,3
3,230
18,166
3,394
22,155
23,20
5,372
3,240
23,366
3,203
3,583
3,513
3,11
23,487
23,258
3,269
4,579
3,322
16,414
3,53
23,152
15,556
23,255
3,131
9,243
3,420
3,368
3,221
3,428
23,553
3,316
23,491
3,278
16,65
3,286
3,55
3,233
3,78
3,215
3,205
3,254
27,409
4,532
15,494
5,69
3,51
19,448
3,423
3,266
3,512
3,567
23,481
3,171
3,326
3,460
3,34
21,228
6,466
3,391
22,430
23,94
23,196
3,14
1,62
3,367
23,85
6,114
1,190
1,297
3,566
3,197
3,492
3,546
3,432
3,17
23,505
23,98
15,153
15,441
3,488
3,426
3,82
3,123
3,523
3,559
22,102
3,577
3,425
8,187
3,485
3,270
3,439
6,495
3,581
26,400
3,476
6,586
23,582
3,515
3,79
1,507
3,236
3,584
2,585
3,410
3,306
7,218
3,304
3,38
6,264
23,578
3,496
3,21
5,74
3,379
3,84
6,315
3,344
16,207
3,61
3,360
3,161
3,540
3,555
3,334
23,453
23,93
3,470
3,422
3,259
3,329
3,445
3,30
3,12
3,47
4,10
3,455
14,575
3,169
3,75
3,164
7,484
3,345
3,314
3,347
3,301
2,373
4,446
3,380
23,570
3,362
3,313
3,294
3,355
3,337
3,231
7,58
3,142
3,440
4,22
3,563
8,569
3,526
3,268
23,165
13,376
3,214
3,28
6,60
3,552
3,424
3,220
23,408
27,57
3,1
3,310
3,309
3,308
3,551
3,403
23,333
3,128
23,451
3,377
3,381
3,421
1,77
3,27
3,209
2,6
3,104
2,371
3,170
3,311
3,267
3,127
4,292
3,256
3,474
3,412
3,186
3,235
16,54
21,398
3,239
3,547
3,99
1,110
7,572
3,287
3,340
3,66
4,223
3,135
3,396
3,41
23,116
3,411
3,438
3,111
11,189
3,541
3,224
3,250
3,42
23,415
23,479
3,549
3,454
3,168
3,36
3,358
16,80
3,346
17,141
23,539
27,406
3,511
24,43
3,217
3,356
23,70
3,246
18,126
3,353
20,529
3,112
23,150
24,343
1,500
3,508
3,335
3,133
8,71
3,282
3,417
3,473
3,320
23,247
23,514
3,72
3,431
3,427
3,405
3,4
3,206
8,260
1,390
1,16
9,273
3,338
12,154
18,185
3,464
3,395
3,475
20,163
3,263
3,312
3,328
3,251
1,158
3,275
23,132
3,565
3,219
23,307
3,305
3,262
3,32
3,122
20,2
3,229
3,160
3,502
3,558
3,573
3,456
3,106
3,26
7,383
3,365
3,216
3,517
3,503
3,397
3,384
3,86
3,534
3,5
3,184
3,435
3,302
20,554
3,323
3,183
3,179
23,64
23,542
1,208
11,103
23,95
3,548
3,225
3,212
3,461
3,91
3,182
23,284
3,232
3,173
20,107
3,531
3,222
20,521
3,518
11,416
3,272
3,324
3,257
5,277
8,525
3,76
23,369
3,480
6,457
11,204
23,382
3,520
3,49
3,8
3,497
23,543
20,527
3,52
13,253
3,23
3,281
3,471
3,90
3,509
21,538
23,137
3,113
8,159
3,193
28,194
10,348
3,149
3,134
10,234
3,318
3,462
3,506
3,580
3,436
3,336
23,452
3,31
3,81
3,387
14,140
25,9
3,385
3,483
3,486
5,350
1,130
3,177
3,341
11,576
3,433
3,129
15,288
20,524
3,181
3,176
3,437
3,399
3,296
3,588
1,544
7,191
23,121
8,48
7,138
3,24
3,434
23,374
8,37
3,535
14,100
3,550
3,444
3,136
7,459
3,478
3,468
1,105
23,145
3,351
3,167
15,35
3,242
3,147
3,357
6,519
14,280
23,298
3,192
3,332
3,342
6,463
3,241
23,363
3,124
3,375
3,25
1,265
3,213
3,226
3,493
5,402
3,201
3,175
3,45
3,120
3,172
3,319
4,477
3,354
3,97
3,364
3,407
3,510
3,73
3,429
5,469
3,447
3,361
23,450
3,392
3,359
3,118
11,388
3,162
3,352
3,289
3,157
3,210
3,498
29,482
23,587
