46,50
68,293
30,579
38,100
27,701
62,607
43,264
73,587
27,525
52,128
21,688
5,545
69,663
43,99
31,245
45,19
28,294
90,574
43,676
43,185
81,308
43,523
43,632
27,239
43,590
52,123
70,356
93,665
107,389
70,130
48,698
23,555
50,639
43,337
24,442
98,320
101,67
43,338
75,23
77,76
43,168
29,227
28,329
29,105
44,679
23,418
99,692
13,388
35,289
43,54
104,146
68,524
5,491
43,385
43,396
34,612
23,154
43,435
29,155
69,699
43,591
43,458
24,381
12,284
71,296
7,554
43,420
61,61
43,498
43,97
43,374
37,642
68,58
65,156
65,530
43,536
20,118
79,459
11,392
45,478
12,474
43,110
68,626
26,553
108,275
27,589
39,397
29,304
43,288
50,428
38,602
47,34
26,666
26,286
40,497
63,7
43,162
112,229
43,522
43,519
61,283
30,425
80,208
110,176
43,278
27,166
26,684
74,125
23,126
43,266
23,473
27,334
43,22
9,623
27,20
34,363
80,38
43,41
75,343
28,492
48,421
68,69
43,453
23,470
43,14
43,82
26,187
43,219
51,494
43,496
61,371
115,313
75,70
110,234
27,189
68,661
76,465
28,350
28,572
27,355
90,159
23,624
2,391
54,596
48,431
43,615
53,89
73,167
82,71
76,62
28,565
12,113
25,311
43,611
43,315
43,25
110,317
68,307
43,55
57,613
29,647
43,490
84,621
39,346
45,508
43,655
43,95
43,387
28,237
112,297
97,449
21,164
12,506
35,680
12,357
43,232
49,594
45,566
67,87
108,592
27,645
67,520
48,4
36,265
43,700
63,556
43,410
75,322
43,694
87,91
75,436
75,196
28,599
54,486
28,345
38,367
23,401
60,316
27,72
15,178
110,548
29,544
28,443
49,165
75,249
30,80
27,390
43,600
68,648
23,16
68,45
68,353
100,603
23,298
68,511
15,468
27,549
28,636
43,593
49,1
68,261
112,259
76,244
23,92
25,177
29,204
43,220
27,33
43,90
68,183
27,416
39,145
6,121
43,31
108,9
29,618
39,617
67,695
43,448
92,135
8,231
66,86
74,383
47,115
43,217
26,228
63,408
114,5
45,207
24,472
28,106
28,609
3,446
29,24
27,483
76,475
54,558
5,669
47,255
28,675
47,580
29,140
100,378
43,181
38,672
43,269
81,439
23,199
27,291
75,323
93,112
112,399
75,505
25,570
43,93
21,335
11,246
43,84
31,450
95,664
75,429
75,94
43,107
43,463
75,649
43,499
102,405
43,127
43,557
24,274
27,562
21,225
43,153
43,460
11,414
43,424
39,627
46,678
88,268
18,197
81,584
97,57
11,224
43,214
68,481
75,109
43,46
43,142
23,454
82,479
43,309
66,512
43,111
24,605
43,502
37,32
43,641
94,375
59,359
43,210
66,124
38,659
27,422
55,364
55,569
69,373
109,441
68,690
43,601
100,488
24,537
14,348
67,559
43,638
26,411
17,250
43,35
43,314
68,290
94,63
68,689
93,331
43,413
35,417
38,361
41,11
10,292
24,276
75,172
43,404
72,252
35,509
44,169
74,151
43,139
43,660
39,120
76,43
23,527
32,466
21,193
80,195
43,682
23,515
61,260
75,218
38,203
8,251
57,138
34,17
43,640
71,487
23,262
43,254
23,59
61,161
86,696
27,44
6,236
71,542
43,202
68,42
27,471
75,226
43,622
30,577
39,88
43,610
43,102
45,206
43,567
43,3
108,386
68,543
81,528
43,685
43,534
31,504
27,691
100,500
38,56
74,116
14,370
22,49
26,625
16,174
75,437
27,352
70,344
38,551
24,631
15,184
24,398
23,279
55,576
48,620
24,634
43,461
75,438
43,15
43,360
23,464
20,257
23,564
43,144
70,194
65,325
43,415
26,324
75,26
43,10
110,129
105,635
93,147
43,646
38,552
35,160
31,369
27,604
110,469
23,477
43,445
45,319
75,175
58,152
27,546
18,173
27,64
39,81
26,48
70,568
75,79
43,295
23,277
96,303
70,216
68,526
43,462
43,200
25,412
31,485
15,550
26,332
54,403
43,347
28,582
74,670
46,517
56,616
43,447
29,300
27,423
43,77
43,336
27,687
5,697
56,406
43,12
23,476
61,541
23,53
61,595
27,258
68,532
15,529
38,368
28,241
23,114
91,66
42,588
43,379
43,233
92,83
43,158
61,484
43,339
43,73
43,382
26,535
34,230
69,122
23,305
61,563
33,221
26,341
39,575
92,136
41,2
28,597
91,394
46,211
23,674
106,215
71,212
28,533
111,52
19,328
89,677
43,656
38,457
76,209
43,13
43,326
43,501
43,60
15,179
28,333
33,662
4,182
43,238
91,578
4,426
68,27
33,456
68,30
43,547
23,451
64,585
75,409
84,321
5,312
29,242
33,514
45,65
43,380
12,637
70,652
45,619
46,651
14,372
35,614
57,608
43,351
43,75
43,74
38,653
26,427
27,96
24,186
90,247
75,538
25,480
68,482
54,68
43,503
39,650
30,131
13,101
23,376
26,495
101,365
43,198
78,583
43,6
68,693
31,243
29,108
67,354
43,467
27,402
92,148
10,8
60,349
23,561
70,430
85,657
43,539
7,444
43,133
43,281
43,273
39,407
46,191
39,384
5,119
43,192
68,282
75,366
38,419
45,39
23,285
43,673
44,598
57,188
23,452
86,270
43,205
72,306
27,521
30,668
43,223
43,137
42,256
71,358
43,150
19,573
27,40
27,78
71,493
31,507
41,240
29,581
43,681
43,489
35,510
43,531
23,18
117,560
87,141
111,434
35,342
43,28
111,271
31,318
51,340
46,280
71,455
24,163
43,540
28,586
23,310
43,149
98,654
105,190
38,629
57,299
42,606
45,377
26,518
61,667
71,395
71,301
65,267
83,21
40,683
68,362
75,117
113,103
23,400
28,213
43,330
67,263
43,36
26,643
43,47
43,171
81,302
76,37
27,571
10,287
116,51
27,686
75,432
68,157
27,134
43,440
68,201
23,104
43,630
39,516
91,633
28,272
81,170
43,98
33,222
103,658
17,180
43,85
24,393
23,235
33,327
43,644
74,433
38,703
27,513
29,29
16,628
43,671
43,132
38,248
43,143
1,702
105,253
