17,798
17,410
12,575
17,901
6,705
17,80
17,580
17,884
17,29
17,451
17,572
17,85
17,22
2,985
17,547
17,816
17,161
2,914
17,234
20,927
17,204
17,242
2,296
17,301
2,1036
17,746
17,1074
17,656
17,393
20,883
20,512
17,791
2,802
17,843
2,254
19,356
17,114
17,1014
17,544
17,413
17,961
17,730
17,594
17,69
17,817
17,428
2,767
17,1065
17,850
2,76
17,760
17,935
17,644
17,374
17,881
17,576
17,989
17,754
17,68
17,229
17,695
5,239
3,1018
17,943
2,632
17,260
2,1062
17,861
17,655
17,1063
17,972
17,1081
17,498
17,951
17,763
17,991
17,846
15,782
11,723
17,444
17,625
17,494
8,419
2,72
17,115
2,677
17,24
17,209
2,238
17,837
17,476
17,178
17,380
17,1000
3,1075
17,939
17,287
17,667
17,578
17,27
17,262
17,762
17,128
20,790
17,528
17,1033
17,364
2,622
17,740
17,557
17,771
17,758
20,345
17,327
17,593
17,968
17,471
17,425
17,437
2,32
17,608
17,495
17,944
17,1048
17,360
17,98
20,43
17,252
17,922
17,71
17,744
17,707
17,688
17,661
2,282
3,866
17,328
17,863
17,905
17,423
20,375
17,320
17,138
17,45
17,454
20,1071
17,830
17,398
17,196
17,946
2,506
17,774
17,959
17,882
17,155
17,603
17,911
17,10
17,501
17,394
17,118
17,776
17,783
17,1020
17,106
1,480
17,674
17,1029
17,1061
17,854
17,497
17,979
17,162
17,713
17,827
17,847
17,696
17,1017
17,1013
17,650
17,8
17,250
17,399
17,913
17,187
17,335
17,152
17,909
17,182
17,39
2,230
2,122
17,245
17,490
17,317
17,452
17,6
17,321
20,134
17,848
17,435
17,1050
2,964
17,1021
17,348
17,651
2,469
17,525
17,875
20,334
17,443
17,460
17,933
2,940
17,565
3,589
1,1042
17,606
17,7
17,404
17,967
20,1077
20,676
17,34
17,163
19,395
2,521
17,958
17,315
17,897
17,896
17,121
2,353
17,279
17,825
17,396
17,388
17,426
17,996
17,742
17,1022
17,90
17,862
17,669
17,73
17,639
17,401
17,188
20,636
17,948
17,144
17,379
17,206
17,212
17,418
2,251
17,954
17,1047
17,201
17,607
17,167
17,824
17,546
17,835
17,947
17,489
17,869
17,125
17,44
17,259
17,941
3,778
17,132
20,145
17,801
17,183
17,59
15,965
17,293
17,716
17,482
17,635
17,366
2,37
17,851
17,793
17,343
20,175
17,450
2,342
17,765
17,173
17,785
17,277
17,720
17,936
17,690
20,659
3,826
17,246
17,4
17,446
3,809
17,302
17,524
17,448
17,432
17,1010
17,916
17,478
17,496
2,97
17,1034
17,995
17,624
17,605
17,683
17,743
17,484
17,441
17,769
8,852
21,468
2,717
20,642
17,1044
17,945
17,48
17,314
17,646
2,463
2,149
17,545
17,714
17,235
17,590
2,92
17,810
2,54
2,626
17,858
17,592
17,1002
17,813
17,554
17,285
3,1009
17,596
17,617
20,409
17,295
17,1058
17,955
16,523
3,671
17,1060
2,1043
17,581
17,703
17,849
1,224
17,853
17,819
17,618
20,179
17,459
2,520
2,583
17,892
17,726
17,1027
17,281
17,595
17,534
17,58
17,770
20,363
20,57
17,615
17,530
17,840
2,877
17,267
17,406
17,369
17,103
17,719
17,159
15,263
3,807
2,795
17,329
17,215
17,445
17,70
17,491
17,283
17,96
17,436
17,893
17,91
1,225
17,449
17,220
17,153
17,918
17,833
17,508
17,112
17,535
17,814
17,99
17,156
17,1032
17,258
17,976
17,424
17,300
17,888
2,1041
3,341
17,143
17,573
17,13
17,371
17,297
17,993
17,66
17,680
2,682
17,1008
17,1056
17,292
17,202
17,732
17,868
17,1028
17,307
17,319
17,666
17,427
17,81
17,42
17,313
17,461
17,243
15,376
17,19
17,75
17,1007
17,241
17,597
17,310
17,147
17,195
17,473
17,929
2,555
17,74
17,1003
17,221
17,502
17,176
17,291
17,124
17,942
17,53
17,172
17,55
17,756
17,867
17,169
17,109
15,2
16,160
17,381
17,988
17,872
20,697
17,370
17,1066
17,586
17,174
17,815
17,963
17,526
3,540
17,962
17,982
17,969
17,462
2,731
17,515
17,17
17,519
17,588
17,569
17,1052
2,417
17,483
17,51
17,384
2,477
17,999
20,1030
17,784
2,433
17,591
20,336
17,392
2,834
17,40
17,548
2,908
17,289
20,702
2,1069
17,467
17,558
17,653
17,986
17,701
17,957
17,131
17,386
17,93
17,383
17,704
20,937
17,60
2,749
17,248
17,992
17,998
17,275
20,488
17,823
17,748
2,930
17,974
17,414
20,1070
15,637
17,148
17,518
17,1083
17,11
17,692
17,829
2,745
17,77
17,165
17,208
17,582
17,1076
17,407
17,268
17,910
2,629
2,538
2,100
17,41
2,500
20,1053
17,902
17,403
17,271
20,777
17,422
2,318
17,647
17,752
17,627
2,116
17,21
17,665
17,197
17,878
17,26
17,266
17,184
17,228
17,130
17,796
17,442
17,198
20,158
17,859
17,193
17,686
17,983
17,755
17,549
17,338
17,634
17,111
17,567
17,264
17,200
2,984
4,280
17,465
17,724
2,133
17,373
17,779
17,429
17,455
17,738
2,129
20,753
20,658
2,1049
2,269
17,657
17,678
17,137
17,94
20,1051
17,180
2,973
17,923
13,168
17,82
17,672
17,1072
17,831
16,464
17,856
20,880
17,305
17,1045
17,64
17,747
17,126
17,344
17,185
3,52
17,602
17,537
17,49
17,211
17,949
17,640
20,257
17,938
17,800
2,1067
20,308
17,276
17,150
20,551
17,255
2,270
17,855
17,599
17,541
17,190
17,247
20,781
17,1078
2,351
2,294
17,231
17,950
17,38
17,710
2,1019
17,15
4,359
17,358
17,773
17,527
17,16
2,170
17,140
17,123
17,101
2,177
17,171
17,362
17,400
17,1057
17,533
17,934
17,470
2,1079
17,750
9,387
17,352
17,466
17,522
2,620
3,46
17,194
17,416
17,891
17,504
18,1035
20,1068
17,681
17,553
17,485
17,253
17,456
20,1055
17,566
17,61
16,1054
17,1024
1,142
2,797
17,994
17,664
3,926
17,408
17,330
2,899
17,727
17,735
2,864
17,439
17,997
17,431
2,405
17,218
17,457
17,1037
17,1
17,273
17,139
17,412
17,481
2,56
17,236
17,237
2,552
17,513
20,691
17,306
2,205
17,309
17,87
17,88
17,1011
17,598
17,873
17,286
17,1039
17,219
20,510
17,453
17,186
17,240
17,349
17,438
16,385
17,631
2,736
17,440
2,768
17,493
17,316
17,584
17,346
17,698
17,894
17,102
17,189
17,772
17,1073
17,571
17,107
17,643
2,641
17,472
17,105
17,486
17,684
2,154
17,722
17,213
17,885
17,556
17,562
17,434
2,1031
15,585
3,326
17,244
17,609
4,924
17,903
15,12
17,164
17,577
17,633
17,1004
14,981
17,261
17,119
17,708
2,895
2,766
20,532
2,729
17,311
16,415
17,117
17,733
20,181
12,304
17,786
17,265
17,990
17,1064
17,411
2,232
17,28
2,110
2,728
20,1026
17,157
17,397
17,966
17,9
17,616
20,579
17,764
17,685
17,372
20,673
17,333
17,757
17,915
2,876
17,808
2,628
20,709
17,354
2,475
20,917
17,699
2,78
2,919
17,890
17,389
17,932
17,474
17,447
17,794
17,278
17,543
17,788
17,887
17,223
20,210
17,564
17,274
2,325
17,1001
17,842
17,199
17,660
2,706
17,127
17,612
17,652
17,805
3,1040
2,529
17,839
17,113
20,536
17,645
16,249
17,479
17,298
1,751
17,288
17,30
17,222
17,365
17,509
17,104
2,700
15,630
17,822
2,141
15,828
17,587
17,505
17,619
17,977
17,378
17,832
17,811
2,611
17,874
20,568
17,146
17,920
17,542
2,350
17,857
19,516
2,1059
17,900
17,20
17,649
17,31
1,931
17,739
17,377
16,906
17,1046
16,226
17,36
15,928
20,323
2,970
17,83
17,322
17,689
2,79
17,1015
17,799
19,623
17,812
17,3
20,956
15,5
17,514
17,820
17,980
17,610
17,721
17,761
17,860
17,550
17,33
17,560
17,780
17,718
17,1023
17,1080
17,836
17,675
17,382
17,663
17,886
2,18
2,391
17,337
17,987
7,492
17,821
17,1006
17,865
2,804
17,203
17,838
17,725
17,1038
17,613
17,67
17,1025
17,889
17,507
8,65
3,207
17,531
17,357
17,662
2,25
17,693
20,559
2,898
17,499
2,368
17,47
17,654
17,14
17,50
17,539
17,84
2,503
17,904
17,570
17,679
17,759
17,1005
17,324
17,430
17,648
17,561
17,135
17,191
17,563
17,340
20,960
17,806
17,621
17,1012
2,687
2,953
17,952
17,284
17,458
17,89
17,331
2,737
17,604
17,290
10,233
2,23
17,120
17,339
17,35
17,978
17,367
17,775
2,420
17,841
2,668
17,574
17,818
17,511
17,925
17,332
17,151
17,256
17,871
17,907
17,844
17,741
17,734
2,712
17,312
20,803
17,600
17,845
17,227
17,787
17,86
19,108
17,975
17,192
17,214
17,614
17,921
17,517
17,1016
17,402
17,912
17,217
17,166
17,1082
20,879
17,361
17,711
17,303
17,390
17,715
17,272
17,638
17,487
17,694
17,355
17,421
17,136
17,971
17,63
17,347
17,299
17,789
17,870
17,95
17,216
2,601
17,670
1,792
17,62
