23,13
39,442
23,83
17,295
4,248
25,271
23,92
70,108
54,202
23,63
23,249
23,117
23,504
23,393
23,561
14,321
23,499
23,211
23,156
23,115
23,490
23,180
66,178
103,472
100,562
7,522
25,198
23,389
23,199
23,443
64,146
39,96
23,39
23,125
102,18
20,151
103,290
23,330
23,87
23,33
25,148
25,200
21,195
23,101
93,19
23,560
23,59
103,300
70,568
23,56
23,571
69,564
23,325
25,419
23,15
23,139
23,501
23,174
23,299
23,261
23,528
23,536
23,401
43,279
23,44
25,276
23,143
23,489
23,109
22,418
30,291
18,349
85,386
23,40
23,530
51,238
25,46
23,545
23,467
20,245
64,404
23,244
23,378
23,29
23,67
5,252
23,274
23,574
23,89
68,516
44,293
23,327
23,283
23,533
43,119
23,370
106,458
23,68
25,88
103,465
23,285
23,227
43,331
25,50
102,7
37,237
41,557
23,303
23,317
25,449
25,144
22,339
72,188
23,537
23,413
25,3
23,230
81,166
23,394
92,155
103,20
39,372
23,240
96,366
23,203
22,583
25,513
23,11
103,487
103,258
23,269
33,579
30,322
77,414
25,53
104,152
72,556
103,255
23,131
55,243
20,420
23,368
23,221
23,428
102,553
23,316
101,491
23,278
78,65
22,286
23,55
23,233
23,78
14,215
23,205
23,254
111,409
35,532
75,494
39,69
23,51
83,448
32,423
23,266
23,512
23,567
102,481
20,171
23,326
25,460
23,34
90,228
41,466
23,391
94,430
103,94
103,196
23,14
1,62
23,367
103,85
42,114
2,190
4,297
15,566
25,197
23,492
23,546
25,432
23,17
103,505
98,98
74,153
76,441
23,488
23,426
23,82
23,123
23,523
23,559
94,102
23,577
23,425
53,187
23,485
17,270
23,439
43,495
25,581
108,400
23,476
43,586
99,582
23,515
23,79
9,507
22,236
23,584
11,585
23,410
23,306
45,218
25,304
25,38
43,264
95,578
23,496
23,21
39,74
23,379
23,84
42,315
23,344
77,207
25,61
23,360
23,161
23,540
25,555
23,334
97,453
102,93
23,470
23,422
23,259
22,329
18,445
23,30
23,12
25,47
35,10
23,455
69,575
23,169
23,75
25,164
48,484
23,345
23,314
17,347
23,301
13,373
34,446
23,380
99,570
23,362
25,313
23,294
23,355
23,337
23,231
46,58
14,142
23,440
36,22
23,563
51,569
23,526
23,268
105,165
66,376
30,214
23,28
42,60
23,552
23,424
25,220
103,408
109,57
23,1
23,310
25,309
23,308
23,551
23,403
103,333
23,128
98,451
23,377
23,381
23,421
3,77
23,27
23,209
12,6
23,104
11,371
23,170
23,311
23,267
25,127
34,292
23,256
23,474
23,412
23,186
23,235
79,54
89,398
29,239
23,547
23,99
3,110
47,572
23,287
23,340
23,66
34,223
23,135
23,396
23,41
98,116
23,411
23,438
30,111
59,189
23,541
14,224
23,250
25,42
103,415
97,479
27,549
23,454
23,168
20,36
23,358
78,80
23,346
80,141
102,539
110,406
22,511
106,43
23,217
22,356
101,70
20,246
81,126
23,353
87,529
23,112
96,150
106,343
8,500
23,508
23,335
23,133
52,71
23,282
25,417
23,473
23,320
103,247
100,514
23,72
24,431
23,427
23,405
23,4
24,206
53,260
7,390
6,16
56,273
23,338
65,154
82,185
23,464
14,395
23,475
88,163
23,263
23,312
31,328
25,251
10,158
25,275
103,132
23,565
23,219
95,307
23,305
23,262
19,32
20,122
84,2
23,229
23,160
23,502
25,558
25,573
23,456
23,106
25,26
46,383
28,365
23,216
23,517
23,503
24,397
23,384
23,86
23,534
23,5
23,184
18,435
23,302
86,554
23,323
18,183
23,179
103,64
103,542
4,208
60,103
103,95
25,548
23,225
23,212
23,461
23,91
23,182
103,284
23,232
23,173
87,107
23,531
23,222
87,521
24,518
61,416
23,272
26,324
23,257
38,277
49,525
23,76
104,369
23,480
43,457
62,204
97,382
16,520
23,49
23,8
23,497
102,543
86,527
23,52
67,253
23,23
28,281
25,471
31,90
23,509
91,538
104,137
25,113
50,159
23,193
112,194
58,348
23,149
23,134
57,234
23,318
23,462
23,506
23,580
23,436
23,336
95,452
23,31
23,81
23,387
70,140
107,9
23,385
30,483
23,486
40,350
10,130
23,177
23,341
62,576
23,433
30,129
73,288
84,524
20,181
23,176
23,437
18,399
23,296
23,588
10,544
45,191
101,121
53,48
45,138
23,24
23,434
103,374
51,37
23,535
71,100
23,550
22,444
23,136
45,459
23,478
23,468
4,105
103,145
23,351
23,167
73,35
20,242
23,147
25,357
43,519
70,280
103,298
23,192
23,332
25,342
43,463
25,241
103,363
23,124
23,375
23,25
3,265
23,213
23,226
23,493
40,402
23,201
23,175
23,45
23,120
23,172
23,319
33,477
23,354
23,97
23,364
23,407
23,510
23,73
25,429
40,469
23,447
23,361
103,450
23,392
23,359
23,118
63,388
23,162
23,352
23,289
23,157
23,210
23,498
113,482
103,587
