26,50
40,293
18,579
23,100
16,701
36,607
24,264
42,587
16,525
28,128
14,688
5,545
40,663
24,99
19,245
25,19
17,294
54,574
24,676
24,185
47,308
24,523
24,632
16,239
24,590
28,123
40,356
55,665
64,389
40,130
27,698
15,555
27,639
24,337
15,442
59,320
60,67
24,338
44,23
45,76
24,168
18,227
17,329
18,105
25,679
15,418
59,692
10,388
20,289
24,54
61,146
40,524
5,491
24,385
24,396
20,612
15,154
24,435
18,155
40,699
24,591
24,458
15,381
10,284
41,296
7,554
24,420
35,61
24,498
24,97
24,374
22,642
40,58
38,156
38,530
24,536
13,118
45,459
10,392
25,478
10,474
24,110
40,626
16,553
65,275
16,589
24,397
18,304
24,288
27,428
23,602
26,34
16,666
16,286
24,497
37,7
24,162
67,229
24,522
24,519
35,283
18,425
46,208
66,176
24,278
16,166
16,684
43,125
15,126
24,266
15,473
16,334
24,22
8,623
16,20
20,363
46,38
24,41
44,343
17,492
27,421
40,69
24,453
15,470
24,14
24,82
16,187
24,219
28,494
24,496
35,371
69,313
44,70
66,234
16,189
40,661
44,465
17,350
17,572
16,355
54,159
15,624
2,391
30,596
27,431
24,615
29,89
42,167
48,71
44,62
17,565
10,113
16,311
24,611
24,315
24,25
66,317
40,307
24,55
32,613
18,647
24,490
49,621
24,346
25,508
24,655
24,95
24,387
17,237
67,297
58,449
14,164
10,506
20,680
10,357
24,232
27,594
25,566
40,87
65,592
16,645
40,520
27,4
21,265
24,700
37,556
24,410
44,322
24,694
51,91
44,436
44,196
17,599
30,486
17,345
23,367
15,401
35,316
16,72
11,178
66,548
18,544
17,443
27,165
44,249
18,80
16,390
24,600
40,648
15,16
40,45
40,353
59,603
15,298
40,511
11,468
16,549
17,636
24,593
27,1
40,261
67,259
44,244
15,92
16,177
18,204
24,220
16,33
24,90
40,183
16,416
24,145
6,121
24,31
65,9
18,618
24,617
40,695
24,448
54,135
8,231
39,86
43,383
26,115
24,217
16,228
37,408
69,5
25,207
15,472
17,106
17,609
3,446
18,24
16,483
44,475
30,558
5,669
26,255
17,675
26,580
18,140
59,378
24,181
23,672
24,269
47,439
15,199
16,291
44,323
55,112
67,399
44,505
16,570
24,93
14,335
10,246
24,84
19,450
56,664
44,429
44,94
24,107
24,463
44,649
24,499
60,405
24,127
24,557
15,274
16,562
14,225
24,153
24,460
10,414
24,424
24,627
26,678
52,268
13,197
47,584
58,57
10,224
24,214
40,481
44,109
24,46
24,142
15,454
48,479
24,309
39,512
24,111
15,605
24,502
22,32
24,641
56,375
34,359
24,210
39,124
23,659
16,422
31,364
31,569
40,373
65,441
40,690
24,601
59,488
15,537
11,348
40,559
24,638
16,411
12,250
24,35
24,314
40,290
56,63
40,689
55,331
24,413
20,417
23,361
24,11
9,292
15,276
44,172
24,404
41,252
20,509
25,169
43,151
24,139
24,660
24,120
44,43
15,527
19,466
14,193
46,195
24,682
15,515
35,260
44,218
23,203
8,251
32,138
20,17
24,640
41,487
15,262
24,254
15,59
35,161
50,696
16,44
6,236
41,542
24,202
40,42
16,471
44,226
24,622
18,577
24,88
24,610
24,102
25,206
24,567
24,3
65,386
40,543
47,528
24,685
24,534
19,504
16,691
59,500
23,56
43,116
11,370
14,49
16,625
12,174
44,437
16,352
40,344
23,551
15,631
11,184
15,398
15,279
31,576
27,620
15,634
24,461
44,438
24,15
24,360
15,464
13,257
15,564
24,144
40,194
38,325
24,415
16,324
44,26
24,10
66,129
62,635
55,147
24,646
23,552
20,160
19,369
16,604
66,469
15,477
24,445
25,319
44,175
33,152
16,546
13,173
16,64
24,81
16,48
40,568
44,79
24,295
15,277
57,303
40,216
40,526
24,462
24,200
16,412
19,485
11,550
16,332
30,403
24,347
17,582
43,670
26,517
32,616
24,447
18,300
16,423
24,77
24,336
16,687
5,697
32,406
24,12
15,476
35,541
15,53
35,595
16,258
40,532
11,529
23,368
17,241
15,114
54,66
24,588
24,379
24,233
54,83
24,158
35,484
24,339
24,73
24,382
16,535
20,230
40,122
15,305
35,563
20,221
16,341
24,575
54,136
24,2
17,597
54,394
26,211
15,674
63,215
41,212
17,533
66,52
13,328
53,677
24,656
23,457
44,209
24,13
24,326
24,501
24,60
11,179
17,333
20,662
4,182
24,238
54,578
4,426
40,27
20,456
40,30
24,547
15,451
37,585
44,409
49,321
5,312
18,242
20,514
25,65
24,380
10,637
40,652
25,619
26,651
11,372
20,614
32,608
24,351
24,75
24,74
23,653
16,427
16,96
15,186
54,247
44,538
16,480
40,482
30,68
24,503
24,650
18,131
10,101
15,376
16,495
60,365
24,198
45,583
24,6
40,693
19,243
18,108
40,354
24,467
16,402
54,148
9,8
35,349
15,561
40,430
49,657
24,539
7,444
24,133
24,281
24,273
24,407
26,191
24,384
5,119
24,192
40,282
44,366
23,419
25,39
15,285
24,673
25,598
32,188
15,452
50,270
24,205
41,306
16,521
18,668
24,223
24,137
24,256
41,358
24,150
13,573
16,40
16,78
41,493
19,507
24,240
18,581
24,681
24,489
20,510
24,531
15,18
71,560
51,141
66,434
20,342
24,28
66,271
19,318
28,340
26,280
41,455
15,163
24,540
17,586
15,310
24,149
59,654
62,190
23,629
32,299
24,606
25,377
16,518
35,667
41,395
41,301
38,267
48,21
24,683
40,362
44,117
68,103
15,400
17,213
24,330
40,263
24,36
16,643
24,47
24,171
47,302
44,37
16,571
9,287
70,51
16,686
44,432
40,157
16,134
24,440
40,201
15,104
24,630
24,516
54,633
17,272
47,170
24,98
20,222
61,658
12,180
24,85
15,393
15,235
20,327
24,644
43,433
23,703
16,513
18,29
12,628
24,671
24,132
23,248
24,143
1,702
62,253
