56,307
58,518
55,190
38,422
36,622
7,230
55,494
41,7
42,371
64,500
53,749
51,497
61,534
55,711
88,19
53,717
46,635
38,627
55,742
55,713
30,203
28,463
53,583
56,747
55,323
58,496
53,723
46,690
65,661
71,670
34,70
26,701
109,639
55,358
35,283
81,399
77,510
95,158
60,609
31,150
55,710
75,391
29,737
47,550
18,188
55,453
55,472
52,567
84,738
105,236
105,529
8,434
60,14
58,593
57,699
64,278
55,235
53,71
58,25
53,605
53,382
100,630
32,46
55,473
109,435
59,603
36,644
61,604
119,172
55,152
55,201
55,153
55,720
55,340
31,741
6,269
8,731
55,298
9,488
18,41
55,378
8,458
4,480
98,743
55,705
34,255
31,576
70,229
35,479
58,396
57,442
60,633
55,383
35,78
53,218
55,548
41,189
58,133
61,261
55,111
108,20
12,267
84,281
59,328
120,678
125,415
30,318
45,142
28,504
53,522
55,681
76,572
34,707
23,259
8,96
55,200
130,3
53,125
101,372
38,695
59,613
13,220
63,694
101,162
55,573
55,72
66,512
65,539
91,73
57,407
97,433
127,179
55,379
116,507
59,698
55,598
18,532
36,315
53,360
53,525
53,338
55,735
113,725
18,226
111,728
5,100
53,553
35,543
96,93
55,74
55,257
55,658
55,537
59,34
86,57
19,493
55,653
55,334
53,126
35,85
37,621
55,600
58,240
58,570
55,198
30,224
53,171
36,417
56,623
57,157
55,136
55,186
68,64
59,716
55,719
53,536
8,364
91,652
55,599
11,47
30,205
53,317
55,183
30,81
31,116
55,509
60,195
55,250
55,165
55,571
18,246
77,151
84,335
92,175
55,498
18,313
18,555
55,620
92,578
55,169
55,24
53,1
55,395
98,61
55,732
53,637
92,446
41,692
105,666
73,629
53,277
53,309
71,23
60,714
27,540
99,523
27,592
55,292
96,381
55,746
104,147
50,703
128,141
55,270
8,615
55,306
41,607
53,297
55,182
55,359
41,410
37,176
28,726
61,202
55,95
55,736
58,228
124,118
36,343
55,730
35,58
53,414
27,471
45,60
104,709
55,486
14,443
20,683
45,11
55,424
94,211
53,291
59,485
1,533
55,404
96,242
55,515
35,680
55,521
41,272
55,481
35,159
60,589
43,568
59,167
8,140
55,110
43,559
55,403
53,342
36,16
53,501
18,139
100,206
99,426
9,405
53,503
55,341
60,27
87,212
55,331
108,686
55,684
85,641
96,631
126,252
50,505
84,344
35,355
64,314
53,447
53,495
38,474
18,624
118,357
105,483
53,398
55,712
46,367
83,98
35,706
18,164
18,2
31,54
41,406
53,347
55,619
18,418
53,420
33,490
89,665
28,632
56,451
53,676
55,352
118,366
55,163
55,370
36,59
106,580
74,237
14,325
55,350
45,502
58,362
10,664
57,90
55,544
6,660
95,26
53,663
36,380
119,327
55,170
55,584
29,130
43,449
55,91
62,421
55,587
53,55
53,389
53,135
53,174
24,154
36,66
58,121
35,265
102,104
58,253
25,48
58,638
84,640
35,279
53,588
46,552
58,92
55,214
53,53
55,39
36,642
58,662
102,187
55,263
27,724
58,601
58,400
101,636
34,466
58,99
55,234
55,13
93,68
41,430
18,439
73,339
72,123
55,393
55,748
57,290
53,56
55,693
55,10
16,29
109,597
27,128
34,127
13,222
59,287
100,12
55,647
18,477
64,594
35,476
56,289
55,354
32,258
58,557
55,394
60,560
30,241
4,35
53,262
53,348
53,148
58,563
55,89
29,590
92,301
53,160
37,94
17,138
27,454
53,530
55,319
67,346
55,546
58,361
110,516
58,271
57,535
55,332
82,239
53,168
98,67
53,437
117,541
29,5
82,387
61,369
29,464
24,657
55,634
55,31
55,113
33,86
36,628
12,750
62,436
17,310
74,667
55,18
53,4
8,669
2,120
53,293
53,161
15,232
57,491
45,654
58,411
102,668
55,616
36,729
46,562
5,462
78,305
55,374
115,208
30,484
87,231
41,595
55,511
34,655
18,227
61,260
107,8
31,97
105,9
88,401
53,547
55,460
55,107
54,21
118,166
35,538
35,554
31,184
55,181
55,564
53,468
18,40
58,185
41,478
53,75
53,87
80,304
55,63
18,397
58,649
37,43
102,428
55,431
55,606
53,336
55,408
55,519
55,574
121,520
55,233
53,22
58,673
53,312
55,109
53,217
13,581
55,386
18,413
55,243
55,733
41,659
55,365
3,215
8,517
53,558
36,687
27,17
55,689
29,299
28,596
53,356
55,455
53,28
4,648
55,44
21,744
93,249
98,108
55,450
36,244
102,324
55,677
53,682
55,650
36,337
55,264
55,268
30,700
55,561
53,674
36,32
100,351
55,651
58,345
103,432
36,114
30,551
55,173
96,416
55,672
23,88
60,444
55,115
30,77
56,82
73,225
35,177
46,514
53,266
35,52
44,276
41,611
35,625
31,79
3,102
15,438
55,180
53,326
86,708
55,524
55,402
55,83
55,645
28,146
79,456
55,565
96,513
56,685
76,76
58,329
27,585
79,6
55,506
57,122
6,388
112,322
57,247
60,445
53,254
35,608
18,375
53,465
55,392
35,591
41,303
46,197
65,308
55,45
55,80
55,508
60,727
92,294
55,702
55,721
55,273
29,137
53,489
18,302
55,144
123,191
9,196
100,482
55,643
106,448
53,566
39,618
94,715
15,384
58,412
56,440
55,156
55,526
55,248
54,722
9,691
98,531
55,452
34,492
53,349
55,363
53,675
58,119
55,368
34,124
55,740
60,274
53,62
52,390
55,612
60,542
53,275
60,216
15,256
55,219
5,549
103,149
35,688
46,577
29,285
43,131
49,425
55,204
55,626
37,528
41,84
73,469
34,51
55,753
27,209
58,296
55,50
60,221
57,245
58,646
58,545
53,671
33,614
40,320
38,467
55,282
106,101
69,194
28,199
48,602
101,207
58,409
45,178
55,129
84,251
53,617
55,527
43,373
53,330
53,38
6,15
53,470
46,311
96,704
46,739
55,49
102,679
53,745
64,103
55,353
55,193
110,288
122,429
55,423
55,300
43,284
55,36
18,487
53,280
90,461
55,569
58,155
55,112
4,718
53,579
55,734
55,37
58,192
55,457
53,210
15,656
55,556
55,376
76,321
55,441
55,42
18,582
22,575
55,30
60,213
55,377
53,33
18,65
55,385
41,419
53,696
55,69
53,333
27,105
76,316
55,475
53,295
55,499
55,697
84,134
101,459
55,427
55,586
55,145
47,143
84,751
53,238
55,610
64,106
55,132
33,286
114,223
129,752
105,117
