18,13
30,442
18,83
15,295
4,248
18,271
18,92
56,108
43,202
18,63
18,249
18,117
18,504
18,393
18,561
13,321
18,499
18,211
18,156
18,115
18,490
18,180
53,178
82,472
79,562
7,522
18,198
18,389
18,199
18,443
51,146
30,96
18,39
18,125
81,18
17,151
82,290
18,330
18,87
18,33
18,148
18,200
17,195
18,101
73,19
18,560
18,59
82,300
56,568
18,56
18,571
55,564
18,325
18,419
18,15
18,139
18,501
18,174
18,299
18,261
18,528
18,536
18,401
34,279
18,44
18,276
18,143
18,489
18,109
17,418
21,291
16,349
67,386
18,40
18,530
40,238
18,46
18,545
18,467
17,245
51,404
18,244
18,378
18,29
18,67
5,252
18,274
18,574
18,89
54,516
34,293
18,327
18,283
18,533
34,119
18,370
85,458
18,68
18,88
82,465
18,285
18,227
34,331
18,50
81,7
28,237
32,557
18,303
18,317
18,449
18,144
17,339
58,188
18,537
18,413
18,3
18,230
65,166
18,394
72,155
82,20
30,372
18,240
76,366
18,203
17,583
18,513
18,11
82,487
82,258
18,269
24,579
21,322
62,414
18,53
83,152
58,556
82,255
18,131
44,243
17,420
18,368
18,221
18,428
81,553
18,316
80,491
18,278
62,65
17,286
18,55
18,233
18,78
13,215
18,205
18,254
89,409
26,532
60,494
30,69
18,51
66,448
23,423
18,266
18,512
18,567
81,481
17,171
18,326
18,460
18,34
70,228
32,466
18,391
74,430
82,94
82,196
18,14
1,62
18,367
82,85
33,114
2,190
4,297
13,566
18,197
18,492
18,546
18,432
18,17
82,505
77,98
60,153
61,441
18,488
18,426
18,82
18,123
18,523
18,559
74,102
18,577
18,425
42,187
18,485
15,270
18,439
34,495
18,581
87,400
18,476
34,586
78,582
18,515
18,79
8,507
17,236
18,584
10,585
18,410
18,306
35,218
18,304
18,38
34,264
75,578
18,496
18,21
30,74
18,379
18,84
33,315
18,344
62,207
18,61
18,360
18,161
18,540
18,555
18,334
77,453
81,93
18,470
18,422
18,259
17,329
16,445
18,30
18,12
18,47
26,10
18,455
55,575
18,169
18,75
18,164
38,484
18,345
18,314
15,347
18,301
12,373
25,446
18,380
78,570
18,362
18,313
18,294
18,355
18,337
18,231
36,58
13,142
18,440
27,22
18,563
40,569
18,526
18,268
84,165
53,376
21,214
18,28
33,60
18,552
18,424
18,220
82,408
88,57
18,1
18,310
18,309
18,308
18,551
18,403
82,333
18,128
77,451
18,377
18,381
18,421
3,77
18,27
18,209
11,6
18,104
10,371
18,170
18,311
18,267
18,127
25,292
18,256
18,474
18,412
18,186
18,235
63,54
70,398
20,239
18,547
18,99
3,110
37,572
18,287
18,340
18,66
25,223
18,135
18,396
18,41
77,116
18,411
18,438
21,111
47,189
18,541
13,224
18,250
18,42
82,415
77,479
19,549
18,454
18,168
17,36
18,358
62,80
18,346
64,141
81,539
88,406
17,511
85,43
18,217
17,356
80,70
17,246
65,126
18,353
69,529
18,112
76,150
85,343
7,500
18,508
18,335
18,133
41,71
18,282
18,417
18,473
18,320
82,247
79,514
18,72
18,431
18,427
18,405
18,4
18,206
42,260
7,390
6,16
45,273
18,338
52,154
65,185
18,464
13,395
18,475
69,163
18,263
18,312
22,328
18,251
9,158
18,275
82,132
18,565
18,219
75,307
18,305
18,262
16,32
17,122
67,2
18,229
18,160
18,502
18,558
18,573
18,456
18,106
18,26
36,383
20,365
18,216
18,517
18,503
18,397
18,384
18,86
18,534
18,5
18,184
16,435
18,302
68,554
18,323
16,183
18,179
82,64
82,542
4,208
47,103
82,95
18,548
18,225
18,212
18,461
18,91
18,182
82,284
18,232
18,173
69,107
18,531
18,222
69,521
18,518
48,416
18,272
18,324
18,257
29,277
39,525
18,76
83,369
18,480
34,457
49,204
77,382
14,520
18,49
18,8
18,497
81,543
68,527
18,52
53,253
18,23
20,281
18,471
22,90
18,509
71,538
83,137
18,113
39,159
18,193
90,194
46,348
18,149
18,134
46,234
18,318
18,462
18,506
18,580
18,436
18,336
75,452
18,31
18,81
18,387
56,140
86,9
18,385
21,483
18,486
31,350
9,130
18,177
18,341
49,576
18,433
21,129
59,288
67,524
17,181
18,176
18,437
16,399
18,296
18,588
9,544
35,191
80,121
42,48
35,138
18,24
18,434
82,374
40,37
18,535
57,100
18,550
17,444
18,136
35,459
18,478
18,468
4,105
82,145
18,351
18,167
59,35
17,242
18,147
18,357
34,519
56,280
82,298
18,192
18,332
18,342
34,463
18,241
82,363
18,124
18,375
18,25
3,265
18,213
18,226
18,493
31,402
18,201
18,175
18,45
18,120
18,172
18,319
24,477
18,354
18,97
18,364
18,407
18,510
18,73
18,429
31,469
18,447
18,361
82,450
18,392
18,359
18,118
50,388
18,162
18,352
18,289
18,157
18,210
18,498
91,482
82,587
