42,798
42,410
29,575
42,901
21,705
42,80
42,580
42,884
45,29
42,451
42,572
44,85
42,22
5,985
42,547
42,816
42,161
5,914
42,234
52,927
42,204
42,242
5,296
42,301
5,1036
42,746
42,1074
45,656
42,393
50,883
52,512
42,791
5,802
42,843
5,254
48,356
42,114
42,1014
42,544
42,413
42,961
42,730
42,594
42,69
42,817
42,428
5,767
42,1065
42,850
5,76
42,760
42,935
42,644
42,374
42,881
42,576
42,989
42,754
42,68
42,229
42,695
20,239
15,1018
42,943
5,632
42,260
5,1062
42,861
42,655
42,1063
42,972
42,1081
42,498
42,951
42,763
42,991
42,846
33,782
28,723
42,444
42,625
42,494
23,419
5,72
42,115
8,677
42,24
42,209
5,238
42,837
42,476
42,178
42,380
42,1000
16,1075
42,939
42,287
42,667
42,578
42,27
42,262
44,762
42,128
49,790
44,528
42,1033
44,364
9,622
42,740
45,557
42,771
42,758
50,345
42,327
42,593
42,968
44,471
42,425
44,437
5,32
42,608
42,495
42,944
42,1048
42,360
42,98
50,43
42,252
42,922
42,71
42,744
42,707
42,688
42,661
5,282
12,866
42,328
42,863
42,905
42,423
52,375
42,320
42,138
42,45
42,454
52,1071
42,830
42,398
42,196
42,946
7,506
42,774
42,959
44,882
42,155
42,603
45,911
42,10
42,501
42,394
42,118
42,776
42,783
44,1020
42,106
2,480
42,674
42,1029
42,1061
42,854
42,497
42,979
42,162
42,713
42,827
42,847
42,696
42,1017
42,1013
42,650
44,8
42,250
42,399
42,913
42,187
40,335
42,152
42,909
44,182
42,39
5,230
9,122
42,245
42,490
42,317
42,452
42,6
42,321
50,134
42,848
42,435
42,1050
5,964
42,1021
42,348
42,651
5,469
42,525
42,875
50,334
42,443
42,460
44,933
9,940
42,565
16,589
2,1042
42,606
40,7
42,404
42,967
50,1077
50,676
42,34
42,163
47,395
8,521
42,958
42,315
42,897
42,896
45,121
5,353
42,279
42,825
42,396
42,388
42,426
42,996
40,742
42,1022
42,90
42,862
44,669
42,73
42,639
42,401
42,188
50,636
42,948
42,144
42,379
42,206
42,212
42,418
8,251
42,954
42,1047
42,201
42,607
44,167
42,824
42,546
42,835
45,947
42,489
42,869
42,125
42,44
42,259
42,941
13,778
42,132
50,145
42,801
42,183
42,59
33,965
42,293
42,716
42,482
42,635
42,366
5,37
42,851
40,793
42,343
50,175
42,450
5,342
42,765
42,173
42,785
42,277
42,720
42,936
42,690
50,659
16,826
42,246
42,4
42,446
13,809
44,302
42,524
42,448
42,432
42,1010
42,916
42,478
44,496
8,97
42,1034
42,995
42,624
41,605
42,683
42,743
42,484
42,441
42,769
25,852
53,468
5,717
50,642
44,1044
42,945
42,48
42,314
42,646
5,463
6,149
45,545
42,714
42,235
42,590
5,92
42,810
5,54
5,626
42,858
42,592
42,1002
42,813
42,554
43,285
16,1009
42,596
40,617
52,409
42,295
42,1058
42,955
38,523
12,671
42,1060
5,1043
42,581
42,703
42,849
1,224
42,853
42,819
42,618
49,179
42,459
5,520
5,583
42,892
42,726
42,1027
45,281
42,595
42,534
42,58
42,770
52,363
52,57
42,615
42,530
42,840
5,877
42,267
42,406
40,369
42,103
42,719
42,159
33,263
13,807
5,795
42,329
42,215
42,445
42,70
42,491
45,283
42,96
42,436
42,893
42,91
2,225
42,449
42,220
42,153
42,918
42,833
42,508
42,112
42,535
45,814
42,99
42,156
42,1032
44,258
42,976
42,424
42,300
42,888
5,1041
12,341
42,143
42,573
42,13
42,371
42,297
42,993
42,66
42,680
5,682
42,1008
42,1056
42,292
44,202
42,732
42,868
42,1028
40,307
42,319
40,666
42,427
42,81
42,42
42,313
42,461
42,243
33,376
42,19
42,75
42,1007
42,241
42,597
40,310
42,147
42,195
42,473
42,929
5,555
42,74
42,1003
42,221
42,502
42,176
42,291
42,124
42,942
42,53
42,172
42,55
42,756
42,867
44,169
42,109
33,2
38,160
42,381
42,988
42,872
50,697
42,370
42,1066
42,586
42,174
42,815
42,963
44,526
13,540
42,962
42,982
42,969
42,462
5,731
40,515
42,17
42,519
42,588
42,569
42,1052
5,417
42,483
42,51
42,384
5,477
42,999
52,1030
42,784
5,433
42,591
49,336
40,392
4,834
42,40
42,548
5,908
42,289
52,702
10,1069
42,467
42,558
42,653
42,986
42,701
42,957
42,131
42,386
42,93
42,383
42,704
50,937
42,60
5,749
44,248
42,992
42,998
42,275
50,488
42,823
42,748
5,930
42,974
42,414
52,1070
33,637
42,148
42,518
42,1083
42,11
42,692
42,829
5,745
42,77
42,165
42,208
42,582
42,1076
44,407
42,268
42,910
5,629
5,538
5,100
44,41
5,500
50,1053
42,902
42,403
42,271
52,777
42,422
5,318
44,647
42,752
42,627
5,116
42,21
42,665
44,197
42,878
45,26
42,266
42,184
42,228
42,130
43,796
44,442
42,198
52,158
42,859
42,193
42,686
42,983
42,755
42,549
42,338
42,634
42,111
42,567
40,264
42,200
8,984
18,280
42,465
42,724
5,133
42,373
42,779
42,429
42,455
44,738
5,129
52,753
50,658
5,1049
9,269
42,657
45,678
42,137
42,94
52,1051
42,180
5,973
42,923
31,168
42,82
42,672
42,1072
42,831
37,464
42,856
51,880
40,305
42,1045
44,64
42,747
42,126
42,344
42,185
13,52
42,602
42,537
44,49
42,211
44,949
42,640
50,257
42,938
42,800
5,1067
52,308
42,276
42,150
50,551
42,255
5,270
42,855
42,599
42,541
42,190
42,247
50,781
42,1078
5,351
5,294
42,231
42,950
42,38
42,710
5,1019
42,15
17,359
42,358
42,773
45,527
42,16
5,170
42,140
42,123
42,101
5,177
42,171
42,362
42,400
42,1057
44,533
45,934
42,470
5,1079
42,750
26,387
42,352
42,466
42,522
5,620
12,46
42,194
42,416
42,891
44,504
46,1035
49,1068
42,681
42,553
42,485
42,253
42,456
50,1055
42,566
44,61
38,1054
42,1024
3,142
8,797
42,994
42,664
13,926
42,408
42,330
5,899
42,727
42,735
5,864
44,439
42,997
42,431
5,405
42,218
42,457
45,1037
44,1
42,273
42,139
42,412
44,481
8,56
42,236
40,237
5,552
42,513
52,691
42,306
8,205
42,309
42,87
42,88
42,1011
42,598
42,873
42,286
42,1039
42,219
50,510
42,453
42,186
42,240
42,349
42,438
35,385
42,631
5,736
42,440
5,768
42,493
42,316
45,584
42,346
44,698
42,894
40,102
42,189
42,772
42,1073
44,571
42,107
42,643
5,641
42,472
42,105
42,486
42,684
5,154
42,722
42,213
42,885
42,556
42,562
44,434
8,1031
33,585
16,326
42,244
42,609
19,924
42,903
33,12
42,164
42,577
42,633
42,1004
32,981
42,261
42,119
42,708
8,895
5,766
50,532
5,729
42,311
36,415
42,117
42,733
52,181
30,304
42,786
42,265
42,990
42,1064
42,411
5,232
42,28
5,110
5,728
52,1026
42,157
42,397
42,966
42,9
42,616
52,579
42,764
42,685
42,372
52,673
42,333
42,757
42,915
5,876
42,808
5,628
50,709
42,354
5,475
50,917
42,699
8,78
8,919
42,890
42,389
42,932
42,474
42,447
42,794
42,278
42,543
42,788
42,887
42,223
52,210
42,564
42,274
5,325
42,1001
42,842
42,199
42,660
5,706
42,127
42,612
42,652
42,805
16,1040
8,529
42,839
40,113
52,536
42,645
35,249
42,479
42,298
1,751
42,288
42,30
42,222
42,365
42,509
44,104
5,700
34,630
42,822
5,141
33,828
42,587
42,505
42,619
44,977
44,378
42,832
42,811
5,611
42,874
52,568
42,146
42,920
44,542
5,350
42,857
47,516
8,1059
42,900
42,20
42,649
42,31
2,931
42,739
42,377
35,906
42,1046
39,226
42,36
33,928
52,323
9,970
42,83
42,322
44,689
4,79
42,1015
42,799
48,623
42,812
42,3
52,956
33,5
42,514
42,820
42,980
42,610
42,721
42,761
42,860
42,550
42,33
42,560
42,780
42,718
42,1023
42,1080
42,836
42,675
42,382
42,663
42,886
5,18
5,391
42,337
42,987
22,492
42,821
42,1006
42,865
5,804
42,203
42,838
42,725
42,1038
42,613
45,67
42,1025
42,889
42,507
24,65
14,207
42,531
42,357
42,662
9,25
42,693
52,559
5,898
42,499
5,368
44,47
42,654
42,14
42,50
42,539
42,84
5,503
42,904
42,570
45,679
42,759
42,1005
42,324
42,430
42,648
42,561
42,135
42,191
42,563
42,340
50,960
42,806
42,621
44,1012
5,687
5,953
42,952
42,284
42,458
42,89
40,331
5,737
42,604
42,290
27,233
11,23
42,120
42,339
42,35
42,978
42,367
42,775
5,420
42,841
5,668
45,574
42,818
42,511
42,925
42,332
44,151
42,256
42,871
42,907
42,844
42,741
42,734
5,712
40,312
50,803
42,600
42,845
42,227
42,787
42,86
47,108
42,975
42,192
42,214
42,614
42,921
42,517
42,1016
42,402
42,912
42,217
42,166
42,1082
52,879
42,361
42,711
42,303
42,390
45,715
42,272
42,638
42,487
42,694
42,355
42,421
42,136
42,971
44,63
42,347
42,299
42,789
42,870
42,95
42,216
5,601
42,670
1,792
42,62
