21,13
35,442
21,83
17,295
4,248
22,271
21,92
64,108
50,202
21,63
21,249
21,117
21,504
21,393
21,561
14,321
21,499
21,211
21,156
21,115
21,490
21,180
61,178
96,472
93,562
7,522
22,198
21,389
21,199
21,443
59,146
35,96
21,39
21,125
95,18
19,151
96,290
21,330
21,87
21,33
22,148
22,200
19,195
21,101
86,19
21,560
21,59
96,300
64,568
21,56
21,571
63,564
21,325
22,419
21,15
21,139
21,501
21,174
21,299
21,261
21,528
21,536
21,401
39,279
21,44
22,276
21,143
21,489
21,109
20,418
26,291
18,349
79,386
21,40
21,530
47,238
22,46
21,545
21,467
19,245
59,404
21,244
21,378
21,29
21,67
5,252
21,274
21,574
21,89
62,516
40,293
21,327
21,283
21,533
39,119
21,370
99,458
21,68
22,88
96,465
21,285
21,227
39,331
22,50
95,7
33,237
37,557
21,303
21,317
22,449
22,144
20,339
66,188
21,537
21,413
22,3
21,230
75,166
21,394
85,155
96,20
35,372
21,240
89,366
21,203
20,583
22,513
21,11
96,487
96,258
21,269
29,579
26,322
71,414
22,53
97,152
66,556
96,255
21,131
51,243
19,420
21,368
21,221
21,428
95,553
21,316
94,491
21,278
72,65
20,286
21,55
21,233
21,78
14,215
21,205
21,254
104,409
31,532
69,494
35,69
21,51
77,448
28,423
21,266
21,512
21,567
95,481
19,171
21,326
22,460
21,34
83,228
37,466
21,391
87,430
96,94
96,196
21,14
1,62
21,367
96,85
38,114
2,190
4,297
15,566
22,197
21,492
21,546
22,432
21,17
96,505
91,98
68,153
70,441
21,488
21,426
21,82
21,123
21,523
21,559
87,102
21,577
21,425
49,187
21,485
17,270
21,439
39,495
22,581
101,400
21,476
39,586
92,582
21,515
21,79
9,507
20,236
21,584
11,585
21,410
21,306
41,218
22,304
22,38
39,264
88,578
21,496
21,21
35,74
21,379
21,84
38,315
21,344
71,207
22,61
21,360
21,161
21,540
22,555
21,334
90,453
95,93
21,470
21,422
21,259
20,329
18,445
21,30
21,12
22,47
31,10
21,455
63,575
21,169
21,75
22,164
44,484
21,345
21,314
17,347
21,301
13,373
30,446
21,380
92,570
21,362
22,313
21,294
21,355
21,337
21,231
42,58
14,142
21,440
32,22
21,563
47,569
21,526
21,268
98,165
61,376
26,214
21,28
38,60
21,552
21,424
22,220
96,408
102,57
21,1
21,310
22,309
21,308
21,551
21,403
96,333
21,128
91,451
21,377
21,381
21,421
3,77
21,27
21,209
12,6
21,104
11,371
21,170
21,311
21,267
22,127
30,292
21,256
21,474
21,412
21,186
21,235
73,54
82,398
25,239
21,547
21,99
3,110
43,572
21,287
21,340
21,66
30,223
21,135
21,396
21,41
91,116
21,411
21,438
26,111
54,189
21,541
14,224
21,250
22,42
96,415
90,479
24,549
21,454
21,168
19,36
21,358
72,80
21,346
74,141
95,539
103,406
20,511
99,43
21,217
20,356
94,70
19,246
75,126
21,353
81,529
21,112
89,150
99,343
8,500
21,508
21,335
21,133
48,71
21,282
22,417
21,473
21,320
96,247
93,514
21,72
21,431
21,427
21,405
21,4
21,206
49,260
7,390
6,16
52,273
21,338
60,154
76,185
21,464
14,395
21,475
81,163
21,263
21,312
27,328
22,251
10,158
22,275
96,132
21,565
21,219
88,307
21,305
21,262
18,32
19,122
78,2
21,229
21,160
21,502
22,558
22,573
21,456
21,106
22,26
42,383
25,365
21,216
21,517
21,503
21,397
21,384
21,86
21,534
21,5
21,184
18,435
21,302
80,554
21,323
18,183
21,179
96,64
96,542
4,208
55,103
96,95
22,548
21,225
21,212
21,461
21,91
21,182
96,284
21,232
21,173
81,107
21,531
21,222
81,521
21,518
56,416
21,272
23,324
21,257
34,277
45,525
21,76
97,369
21,480
39,457
57,204
90,382
16,520
21,49
21,8
21,497
95,543
80,527
21,52
61,253
21,23
25,281
22,471
27,90
21,509
84,538
97,137
22,113
46,159
21,193
105,194
53,348
21,149
21,134
53,234
21,318
21,462
21,506
21,580
21,436
21,336
88,452
21,31
21,81
21,387
64,140
100,9
21,385
26,483
21,486
36,350
10,130
21,177
21,341
57,576
21,433
26,129
67,288
78,524
19,181
21,176
21,437
18,399
21,296
21,588
10,544
41,191
94,121
49,48
41,138
21,24
21,434
96,374
47,37
21,535
65,100
21,550
20,444
21,136
41,459
21,478
21,468
4,105
96,145
21,351
21,167
67,35
19,242
21,147
22,357
39,519
64,280
96,298
21,192
21,332
22,342
39,463
22,241
96,363
21,124
21,375
21,25
3,265
21,213
21,226
21,493
36,402
21,201
21,175
21,45
21,120
21,172
21,319
29,477
21,354
21,97
21,364
21,407
21,510
21,73
22,429
36,469
21,447
21,361
96,450
21,392
21,359
21,118
58,388
21,162
21,352
21,289
21,157
21,210
21,498
106,482
96,587
