29,307
29,518
29,190
19,422
18,622
3,230
29,494
20,7
21,371
32,500
29,749
27,497
31,534
29,711
50,19
29,717
23,635
19,627
29,742
29,713
17,203
17,463
29,583
29,747
29,323
29,496
29,723
23,690
32,661
38,670
18,70
15,701
60,639
29,358
18,283
45,399
42,510
53,158
30,609
17,150
29,710
41,391
17,737
23,550
9,188
29,453
29,472
28,567
46,738
57,236
57,529
4,434
30,14
29,593
29,699
32,278
29,235
29,71
29,25
29,605
29,382
56,630
17,46
29,473
60,435
29,603
18,644
31,604
68,172
29,152
29,201
29,153
29,720
29,340
17,741
3,269
4,731
29,298
4,488
9,41
29,378
4,458
2,480
54,743
29,705
18,255
17,576
37,229
18,479
29,396
29,442
30,633
29,383
18,78
29,218
29,548
20,189
29,133
31,261
29,111
59,20
5,267
46,281
29,328
68,678
72,415
17,318
23,142
17,504
29,522
29,681
42,572
18,707
13,259
4,96
29,200
77,3
29,125
56,372
19,695
29,613
6,220
31,694
56,162
29,573
29,72
33,512
32,539
52,73
29,407
54,433
74,179
29,379
66,507
29,698
29,598
9,532
18,315
29,360
29,525
29,338
29,735
63,725
9,226
62,728
2,100
29,553
18,543
54,93
29,74
29,257
29,658
29,537
29,34
48,57
10,493
29,653
29,334
29,126
18,85
19,621
29,600
29,240
29,570
29,198
17,224
29,171
18,417
29,623
29,157
29,136
29,186
35,64
29,716
29,719
29,536
4,364
52,652
29,599
5,47
17,205
29,317
29,183
17,81
17,116
29,509
30,195
29,250
29,165
29,571
9,246
42,151
46,335
52,175
29,498
9,313
9,555
29,620
52,578
29,169
29,24
29,1
29,395
54,61
29,732
29,637
52,446
20,692
57,666
40,629
29,277
29,309
38,23
30,714
16,540
55,523
16,592
29,292
54,381
29,746
57,147
26,703
75,141
29,270
4,615
29,306
20,607
29,297
29,182
29,359
20,410
19,176
17,726
31,202
29,95
29,736
29,228
71,118
18,343
29,730
18,58
29,414
16,471
23,60
57,709
29,486
6,443
11,683
23,11
29,424
53,211
29,291
29,485
1,533
29,404
54,242
29,515
18,680
29,521
20,272
29,481
18,159
30,589
22,568
29,167
4,140
29,110
22,559
29,403
29,342
18,16
29,501
9,139
56,206
55,426
4,405
29,503
29,341
30,27
49,212
29,331
59,686
29,684
47,641
54,631
73,252
26,505
46,344
18,355
32,314
29,447
29,495
19,474
9,624
68,357
57,483
29,398
29,712
23,367
46,98
18,706
9,164
9,2
17,54
20,406
29,347
29,619
9,418
29,420
18,490
50,665
17,632
29,451
29,676
29,352
68,366
29,163
29,370
18,59
58,580
40,237
6,325
29,350
23,502
29,362
5,664
29,90
29,544
3,660
53,26
29,663
18,380
68,327
29,170
29,584
17,130
22,449
29,91
31,421
29,587
29,55
29,389
29,135
29,174
14,154
18,66
29,121
18,265
56,104
29,253
15,48
29,638
46,640
18,279
29,588
23,552
29,92
29,214
29,53
29,39
18,642
29,662
56,187
29,263
16,724
29,601
29,400
56,636
18,466
29,99
29,234
29,13
53,68
20,430
9,439
40,339
39,123
29,393
29,748
29,290
29,56
29,693
29,10
7,29
60,597
16,128
18,127
6,222
29,287
56,12
29,647
9,477
32,594
18,476
29,289
29,354
17,258
29,557
29,394
30,560
17,241
2,35
29,262
29,348
29,148
29,563
29,89
17,590
52,301
29,160
19,94
8,138
16,454
29,530
29,319
34,346
29,546
29,361
61,516
29,271
29,535
29,332
46,239
29,168
54,67
29,437
67,541
17,5
46,387
31,369
17,464
14,657
29,634
29,31
29,113
18,86
18,628
5,750
31,436
8,310
40,667
29,18
29,4
4,669
1,120
29,293
29,161
7,232
29,491
23,654
29,411
56,668
29,616
18,729
23,562
2,462
42,305
29,374
65,208
17,484
49,231
20,595
29,511
18,655
9,227
31,260
58,8
17,97
57,9
50,401
29,547
29,460
29,107
29,21
68,166
18,538
18,554
17,184
29,181
29,564
29,468
9,40
29,185
20,478
29,75
29,87
44,304
29,63
9,397
29,649
19,43
56,428
29,431
29,606
29,336
29,408
29,519
29,574
69,520
29,233
29,22
29,673
29,312
29,109
29,217
6,581
29,386
9,413
29,243
29,733
20,659
29,365
2,215
4,517
29,558
18,687
16,17
29,689
17,299
17,596
29,356
29,455
29,28
2,648
29,44
11,744
53,249
54,108
29,450
18,244
56,324
29,677
29,682
29,650
18,337
29,264
29,268
17,700
29,561
29,674
18,32
56,351
29,651
29,345
57,432
18,114
17,551
29,173
54,416
29,672
13,88
30,444
29,115
17,77
29,82
40,225
18,177
23,514
29,266
18,52
22,276
20,611
18,625
17,79
2,102
7,438
29,180
29,326
48,708
29,524
29,402
29,83
29,645
17,146
43,456
29,565
54,513
29,685
42,76
29,329
16,585
43,6
29,506
29,122
3,388
62,322
29,247
30,445
29,254
18,608
9,375
29,465
29,392
18,591
20,303
23,197
32,308
29,45
29,80
29,508
30,727
52,294
29,702
29,721
29,273
17,137
29,489
9,302
29,144
71,191
4,196
56,482
29,643
58,448
29,566
19,618
53,715
7,384
29,412
29,440
29,156
29,526
29,248
29,722
4,691
54,531
29,452
18,492
29,349
29,363
29,675
29,119
29,368
18,124
29,740
30,274
29,62
28,390
29,612
30,542
29,275
30,216
7,256
29,219
2,549
57,149
18,688
23,577
17,285
22,131
25,425
29,204
29,626
19,528
20,84
40,469
18,51
29,753
16,209
29,296
29,50
30,221
29,245
29,646
29,545
29,671
18,614
19,320
19,467
29,282
58,101
36,194
17,199
24,602
56,207
29,409
23,178
29,129
46,251
29,617
29,527
22,373
29,330
29,38
3,15
29,470
23,311
54,704
23,739
29,49
56,679
29,745
32,103
29,353
29,193
61,288
70,429
29,423
29,300
22,284
29,36
9,487
29,280
51,461
29,569
29,155
29,112
2,718
29,579
29,734
29,37
29,192
29,457
29,210
7,656
29,556
29,376
42,321
29,441
29,42
9,582
12,575
29,30
30,213
29,377
29,33
9,65
29,385
20,419
29,696
29,69
29,333
16,105
42,316
29,475
29,295
29,499
29,697
46,134
56,459
29,427
29,586
29,145
23,143
46,751
29,238
29,610
32,106
29,132
18,286
64,223
76,752
57,117
