39,50
57,293
26,579
32,100
23,701
51,607
36,264
61,587
23,525
43,128
18,688
5,545
57,663
36,99
27,245
38,19
24,294
75,574
36,676
36,185
67,308
36,523
36,632
23,239
36,590
43,123
58,356
77,665
88,389
58,130
40,698
19,555
41,639
36,337
20,442
81,320
82,67
36,338
63,23
64,76
36,168
25,227
24,329
25,105
37,679
19,418
81,692
12,388
29,289
36,54
85,146
57,524
5,491
36,385
36,396
28,612
19,154
36,435
25,155
57,699
36,591
36,458
20,381
12,284
59,296
7,554
36,420
50,61
36,498
36,97
36,374
31,642
57,58
54,156
54,530
36,536
17,118
65,459
11,392
38,478
12,474
36,110
57,626
22,553
89,275
23,589
33,397
25,304
36,288
41,428
32,602
39,34
22,666
22,286
34,497
52,7
36,162
92,229
36,522
36,519
50,283
26,425
66,208
91,176
36,278
23,166
22,684
62,125
19,126
36,266
19,473
23,334
36,22
9,623
23,20
28,363
66,38
36,41
63,343
24,492
40,421
57,69
36,453
19,470
36,14
36,82
22,187
36,219
42,494
36,496
50,371
95,313
63,70
91,234
23,189
57,661
63,465
24,350
24,572
23,355
75,159
19,624
2,391
45,596
40,431
36,615
44,89
61,167
68,71
63,62
24,565
12,113
21,311
36,611
36,315
36,25
91,317
57,307
36,55
47,613
25,647
36,490
69,621
33,346
38,508
36,655
36,95
36,387
24,237
92,297
80,449
18,164
12,506
29,680
12,357
36,232
41,594
38,566
56,87
89,592
23,645
56,520
40,4
30,265
36,700
52,556
36,410
63,322
36,694
72,91
63,436
63,196
24,599
45,486
24,345
32,367
19,401
50,316
23,72
14,178
91,548
25,544
24,443
41,165
63,249
26,80
23,390
36,600
57,648
19,16
57,45
57,353
81,603
19,298
57,511
14,468
23,549
24,636
36,593
41,1
57,261
92,259
63,244
19,92
21,177
25,204
36,220
23,33
36,90
57,183
23,416
33,145
6,121
36,31
89,9
25,618
33,617
56,695
36,448
76,135
8,231
55,86
62,383
39,115
36,217
22,228
52,408
94,5
38,207
20,472
24,106
24,609
3,446
25,24
23,483
63,475
45,558
5,669
39,255
24,675
39,580
25,140
81,378
36,181
32,672
36,269
67,439
19,199
23,291
63,323
77,112
92,399
63,505
21,570
36,93
18,335
11,246
36,84
27,450
78,664
63,429
63,94
36,107
36,463
63,649
36,499
83,405
36,127
36,557
20,274
23,562
18,225
36,153
36,460
11,414
36,424
33,627
39,678
73,268
16,197
67,584
80,57
11,224
36,214
57,481
63,109
36,46
36,142
19,454
68,479
36,309
55,512
36,111
20,605
36,502
31,32
36,641
78,375
49,359
36,210
55,124
32,659
23,422
46,364
46,569
57,373
90,441
57,690
36,601
81,488
20,537
13,348
56,559
36,638
22,411
15,250
36,35
36,314
57,290
78,63
57,689
77,331
36,413
29,417
32,361
35,11
10,292
20,276
63,172
36,404
60,252
29,509
37,169
62,151
36,139
36,660
33,120
63,43
19,527
27,466
18,193
66,195
36,682
19,515
50,260
63,218
32,203
8,251
47,138
28,17
36,640
59,487
19,262
36,254
19,59
50,161
71,696
23,44
6,236
59,542
36,202
57,42
23,471
63,226
36,622
26,577
33,88
36,610
36,102
38,206
36,567
36,3
89,386
57,543
67,528
36,685
36,534
27,504
23,691
81,500
32,56
62,116
13,370
18,49
22,625
15,174
63,437
23,352
58,344
32,551
20,631
14,184
20,398
19,279
46,576
40,620
20,634
36,461
63,438
36,15
36,360
19,464
17,257
19,564
36,144
58,194
54,325
36,415
22,324
63,26
36,10
91,129
86,635
77,147
36,646
32,552
29,160
27,369
23,604
91,469
19,477
36,445
38,319
63,175
48,152
23,546
16,173
23,64
33,81
22,48
58,568
63,79
36,295
19,277
79,303
58,216
57,526
36,462
36,200
21,412
27,485
14,550
22,332
45,403
36,347
24,582
62,670
39,517
47,616
36,447
25,300
23,423
36,77
36,336
23,687
5,697
47,406
36,12
19,476
50,541
19,53
50,595
23,258
57,532
14,529
32,368
24,241
19,114
76,66
35,588
36,379
36,233
76,83
36,158
50,484
36,339
36,73
36,382
22,535
28,230
57,122
19,305
50,563
28,221
22,341
33,575
76,136
35,2
24,597
76,394
39,211
19,674
87,215
59,212
24,533
91,52
16,328
74,677
36,656
32,457
63,209
36,13
36,326
36,501
36,60
14,179
24,333
28,662
4,182
36,238
76,578
4,426
57,27
28,456
57,30
36,547
19,451
53,585
63,409
69,321
5,312
25,242
28,514
38,65
36,380
12,637
58,652
38,619
39,651
13,372
29,614
47,608
36,351
36,75
36,74
32,653
22,427
23,96
20,186
75,247
63,538
21,480
57,482
45,68
36,503
33,650
26,131
12,101
19,376
22,495
82,365
36,198
64,583
36,6
57,693
27,243
25,108
56,354
36,467
23,402
76,148
10,8
50,349
19,561
58,430
70,657
36,539
7,444
36,133
36,281
36,273
33,407
39,191
33,384
5,119
36,192
57,282
63,366
32,419
38,39
19,285
36,673
37,598
47,188
19,452
71,270
36,205
60,306
23,521
26,668
36,223
36,137
35,256
59,358
36,150
16,573
23,40
23,78
59,493
27,507
35,240
25,581
36,681
36,489
29,510
36,531
19,18
97,560
72,141
91,434
29,342
36,28
91,271
27,318
42,340
39,280
59,455
20,163
36,540
24,586
19,310
36,149
81,654
86,190
32,629
47,299
35,606
38,377
22,518
50,667
59,395
59,301
54,267
68,21
34,683
57,362
63,117
93,103
19,400
24,213
36,330
56,263
36,36
22,643
36,47
36,171
67,302
63,37
23,571
10,287
96,51
23,686
63,432
57,157
23,134
36,440
57,201
19,104
36,630
33,516
76,633
24,272
67,170
36,98
28,222
84,658
15,180
36,85
20,393
19,235
28,327
36,644
62,433
32,703
23,513
25,29
15,628
36,671
36,132
32,248
36,143
1,702
86,253
