2,50
2,293
2,579
2,100
2,701
2,607
2,264
2,587
2,525
2,128
2,688
2,545
2,663
2,99
2,245
2,19
2,294
2,574
2,676
2,185
2,308
2,523
2,632
2,239
2,590
2,123
2,356
2,665
2,389
2,130
2,698
2,555
2,639
2,337
2,442
2,320
2,67
2,338
2,23
2,76
2,168
2,227
2,329
2,105
2,679
2,418
2,692
2,388
2,289
2,54
2,146
2,524
2,491
2,385
2,396
2,612
2,154
2,435
2,155
2,699
2,591
2,458
2,381
2,284
2,296
2,554
2,420
2,61
2,498
2,97
2,374
2,642
2,58
2,156
2,530
2,536
2,118
2,459
2,392
2,478
2,474
2,110
2,626
2,553
2,275
2,589
2,397
2,304
2,288
2,428
2,602
2,34
2,666
2,286
2,497
2,7
2,162
2,229
2,522
2,519
2,283
2,425
2,208
2,176
2,278
2,166
2,684
2,125
2,126
2,266
2,473
2,334
2,22
2,623
2,20
2,363
2,38
2,41
2,343
2,492
2,421
2,69
2,453
2,470
2,14
2,82
2,187
2,219
2,494
2,496
2,371
2,313
2,70
2,234
2,189
2,661
2,465
2,350
2,572
2,355
2,159
2,624
1,391
2,596
2,431
2,615
2,89
2,167
2,71
2,62
2,565
2,113
2,311
2,611
2,315
2,25
2,317
2,307
2,55
2,613
2,647
2,490
2,621
2,346
2,508
2,655
2,95
2,387
2,237
2,297
2,449
2,164
2,506
2,680
2,357
2,232
2,594
2,566
2,87
2,592
2,645
2,520
2,4
2,265
2,700
2,556
2,410
2,322
2,694
2,91
2,436
2,196
2,599
2,486
2,345
2,367
2,401
2,316
2,72
2,178
2,548
2,544
2,443
2,165
2,249
2,80
2,390
2,600
2,648
2,16
2,45
2,353
2,603
2,298
2,511
2,468
2,549
2,636
2,593
2,1
2,261
2,259
2,244
2,92
2,177
2,204
2,220
2,33
2,90
2,183
2,416
2,145
2,121
2,31
2,9
2,618
2,617
2,695
2,448
2,135
2,231
2,86
2,383
2,115
2,217
2,228
2,408
2,5
2,207
2,472
2,106
2,609
1,446
2,24
2,483
2,475
2,558
2,669
2,255
2,675
2,580
2,140
2,378
2,181
2,672
2,269
2,439
2,199
2,291
2,323
2,112
2,399
2,505
2,570
2,93
2,335
2,246
2,84
2,450
2,664
2,429
2,94
2,107
2,463
2,649
2,499
2,405
2,127
2,557
2,274
2,562
2,225
2,153
2,460
2,414
2,424
2,627
2,678
2,268
2,197
2,584
2,57
2,224
2,214
2,481
2,109
2,46
2,142
2,454
2,479
2,309
2,512
2,111
2,605
2,502
2,32
2,641
2,375
2,359
2,210
2,124
2,659
2,422
2,364
2,569
2,373
2,441
2,690
2,601
2,488
2,537
2,348
2,559
2,638
2,411
2,250
2,35
2,314
2,290
2,63
2,689
2,331
2,413
2,417
2,361
2,11
2,292
2,276
2,172
2,404
2,252
2,509
2,169
2,151
2,139
2,660
2,120
2,43
2,527
2,466
2,193
2,195
2,682
2,515
2,260
2,218
2,203
2,251
2,138
2,17
2,640
2,487
2,262
2,254
2,59
2,161
2,696
2,44
2,236
2,542
2,202
2,42
2,471
2,226
2,622
2,577
2,88
2,610
2,102
2,206
2,567
2,3
2,386
2,543
2,528
2,685
2,534
2,504
2,691
2,500
2,56
2,116
2,370
2,49
2,625
2,174
2,437
2,352
2,344
2,551
2,631
2,184
2,398
2,279
2,576
2,620
2,634
2,461
2,438
2,15
2,360
2,464
2,257
2,564
2,144
2,194
2,325
2,415
2,324
2,26
2,10
2,129
2,635
2,147
2,646
2,552
2,160
2,369
2,604
2,469
2,477
2,445
2,319
2,175
2,152
2,546
2,173
2,64
2,81
2,48
2,568
2,79
2,295
2,277
2,303
2,216
2,526
2,462
2,200
2,412
2,485
2,550
2,332
2,403
2,347
2,582
2,670
2,517
2,616
2,447
2,300
2,423
2,77
2,336
2,687
2,697
2,406
2,12
2,476
2,541
2,53
2,595
2,258
2,532
2,529
2,368
2,241
2,114
2,66
2,588
2,379
2,233
2,83
2,158
2,484
2,339
2,73
2,382
2,535
2,230
2,122
2,305
2,563
2,221
2,341
2,575
2,136
2,2
2,597
2,394
2,211
2,674
2,215
2,212
2,533
2,52
2,328
2,677
2,656
2,457
2,209
2,13
2,326
2,501
2,60
2,179
2,333
2,662
2,182
2,238
2,578
2,426
2,27
2,456
2,30
2,547
2,451
2,585
2,409
2,321
2,312
2,242
2,514
2,65
2,380
2,637
2,652
2,619
2,651
2,372
2,614
2,608
2,351
2,75
2,74
2,653
2,427
2,96
2,186
2,247
2,538
2,480
2,482
2,68
2,503
2,650
2,131
2,101
2,376
2,495
2,365
2,198
2,583
2,6
2,693
2,243
2,108
2,354
2,467
2,402
2,148
2,8
2,349
2,561
2,430
2,657
2,539
2,444
2,133
2,281
2,273
2,407
2,191
2,384
2,119
2,192
2,282
2,366
2,419
2,39
2,285
2,673
2,598
2,188
2,452
2,270
2,205
2,306
2,521
2,668
2,223
2,137
2,256
2,358
2,150
2,573
2,40
2,78
2,493
2,507
2,240
2,581
2,681
2,489
2,510
2,531
2,18
2,560
2,141
2,434
2,342
2,28
2,271
2,318
2,340
2,280
2,455
2,163
2,540
2,586
2,310
2,149
2,654
2,190
2,629
2,299
2,606
2,377
2,518
2,667
2,395
2,301
2,267
2,21
2,683
2,362
2,117
2,103
2,400
2,213
2,330
2,263
2,36
2,643
2,47
2,171
2,302
2,37
2,571
2,287
2,51
2,686
2,432
2,157
2,134
2,440
2,201
2,104
2,630
2,516
2,633
2,272
2,170
2,98
2,222
2,658
2,180
2,85
2,393
2,235
2,327
2,644
2,433
2,703
2,513
2,29
2,628
2,671
2,132
2,248
2,143
1,702
2,253
