36,421
38,411
6,17
6,207
30,476
6,513
30,681
30,700
28,279
30,147
21,149
30,428
6,636
6,327
6,187
30,585
30,440
30,441
30,638
30,60
30,677
30,416
30,240
30,113
30,384
30,132
6,110
6,152
21,604
30,321
6,399
6,610
30,169
30,219
6,594
30,20
30,77
30,5
30,64
30,204
30,400
30,339
6,503
30,167
30,622
11,499
30,362
30,473
30,103
6,527
30,508
6,635
6,666
30,216
6,7
6,612
30,454
6,232
30,260
30,693
6,526
21,497
6,252
30,439
30,262
30,221
30,511
30,16
6,229
30,41
30,280
21,698
30,554
30,128
4,540
30,114
30,494
6,561
30,304
30,154
28,684
30,39
30,600
30,261
6,40
6,184
30,97
12,354
30,423
30,76
6,139
19,21
6,530
12,437
30,597
30,118
30,356
30,290
6,544
3,386
6,65
30,697
30,583
30,688
6,195
20,501
6,200
24,73
30,82
30,611
30,89
21,317
30,571
30,448
30,49
6,133
30,430
30,98
30,276
30,521
20,319
6,447
30,663
30,183
3,263
21,312
19,54
30,71
28,696
30,202
30,690
30,102
30,652
21,628
21,302
30,655
28,538
6,496
30,672
6,461
6,433
30,178
6,123
6,575
30,648
6,584
30,590
30,479
30,617
30,182
30,664
30,609
30,602
30,514
21,436
6,486
30,488
30,190
30,640
30,326
30,413
30,268
30,369
6,676
30,57
30,649
30,593
30,83
30,429
30,485
30,298
30,553
21,425
30,30
30,287
26,160
30,460
30,517
30,644
6,542
21,328
30,373
30,87
30,365
6,558
21,667
30,157
6,408
30,380
30,427
6,42
30,581
30,468
6,464
30,224
30,104
30,596
30,25
30,606
30,38
30,237
30,34
30,492
30,574
1,475
21,36
30,174
6,306
6,407
5,406
17,415
6,142
30,153
30,417
30,375
30,355
24,493
30,599
30,136
6,539
30,342
6,569
32,96
30,310
30,59
30,536
6,598
6,168
30,370
30,226
23,177
30,145
30,463
30,565
12,213
30,686
30,699
30,196
30,389
30,469
6,378
6,311
6,404
6,238
6,10
41,608
30,284
38,336
30,165
6,466
30,297
30,22
30,682
32,452
30,158
25,247
6,673
30,502
29,481
30,434
30,351
30,577
30,591
6,374
30,67
30,545
30,692
30,381
28,19
30,403
6,573
30,172
6,74
6,665
6,507
30,314
33,45
30,119
30,265
30,451
30,296
6,225
6,151
30,193
30,159
9,18
30,490
28,680
30,131
30,201
23,528
6,236
6,579
21,658
30,394
30,632
30,376
30,117
30,689
12,446
30,385
30,519
30,95
30,124
6,391
30,197
21,350
41,641
30,345
30,214
30,148
30,26
6,251
30,582
6,605
30,529
30,161
9,624
30,668
6,661
30,24
6,509
30,555
30,309
30,472
30,218
30,359
30,379
29,215
6,477
30,163
6,230
24,533
6,111
30,150
30,66
6,419
14,33
30,397
28,639
28,601
30,387
30,267
6,551
30,289
21,683
6,675
6,171
21,516
30,199
30,120
6,410
28,643
30,162
30,44
30,239
13,458
6,637
30,694
38,37
6,691
30,409
5,371
6,631
30,115
6,48
6,512
21,303
30,130
30,524
30,343
28,325
30,234
30,198
30,272
30,630
6,398
30,295
30,324
30,233
30,570
9,642
30,462
30,618
30,438
30,68
30,266
6,192
30,8
33,456
30,443
31,84
6,109
30,12
6,51
6,255
30,495
30,47
30,634
30,249
20,179
6,175
30,270
30,90
6,299
30,619
30,253
30,281
30,79
30,483
30,607
30,80
30,23
30,285
30,189
30,383
30,301
3,705
30,203
28,258
30,70
21,701
30,166
6,562
30,505
21,170
30,323
30,335
30,654
30,414
20,316
6,412
30,278
30,651
6,331
30,471
30,329
30,259
30,392
30,254
30,223
6,515
30,678
6,137
28,550
30,620
30,9
30,341
33,81
6,288
30,269
30,623
11,687
30,445
6,340
30,467
18,674
30,420
19,552
30,578
30,372
30,353
30,129
30,390
6,470
30,449
28,277
30,629
30,108
33,333
30,217
30,256
30,176
6,556
30,291
30,231
30,1
11,566
30,588
6,520
30,2
21,248
30,626
6,360
30,679
30,670
6,246
30,308
6,589
30,349
12,346
30,206
30,422
30,426
30,62
30,173
30,11
6,557
30,564
6,671
30,307
30,532
30,135
10,126
30,580
12,535
30,134
30,72
30,368
6,29
30,703
30,294
30,181
30,704
32,186
30,482
30,155
12,112
30,401
38,121
30,106
6,702
15,431
30,534
6,459
30,92
30,127
30,257
30,361
30,334
6,510
21,53
30,337
22,548
21,85
30,78
6,650
30,522
30,480
30,320
12,344
30,322
6,366
30,275
30,621
6,498
6,271
6,4
6,241
28,567
30,563
28,180
30,465
30,242
30,364
27,633
21,367
30,27
6,537
6,487
30,377
30,191
6,292
21,282
30,525
35,50
6,101
2,86
30,61
30,592
30,660
6,559
30,543
30,208
30,143
6,243
30,405
28,474
30,15
21,245
30,695
30,283
30,659
30,613
30,442
6,3
7,116
37,546
42,52
30,250
30,315
6,35
30,627
30,586
6,227
30,393
30,347
30,305
30,156
30,146
30,576
30,185
12,547
30,13
30,332
30,489
30,99
30,657
30,188
30,32
30,164
30,395
6,194
6,14
6,424
6,662
30,435
30,549
30,264
28,58
6,500
30,228
28,274
30,656
6,273
38,138
6,352
30,685
34,141
30,572
30,244
30,220
6,122
30,432
30,348
30,595
30,444
30,63
30,91
30,43
30,330
30,6
30,55
30,402
7,358
6,293
4,614
30,531
30,105
6,93
30,455
30,69
16,31
30,212
30,396
6,140
6,388
30,313
6,560
6,625
30,222
6,209
30,484
30,646
30,450
30,616
30,56
30,615
8,144
40,107
21,28
30,363
30,210
28,645
30,587
30,75
30,647
32,100
39,125
30,418
30,669
30,235
30,541
30,506
6,603
30,491
28,300
30,94
30,88
30,518
30,286
30,382
30,318
30,504
6,46
30,478
30,453
30,338
30,357
30,523
30,568
20,205
21,211
21,653
30,457
