40,421
42,411
8,17
8,207
33,476
8,513
33,681
33,700
31,279
33,147
23,149
33,428
8,636
8,327
8,187
33,585
33,440
33,441
33,638
33,60
33,677
33,416
33,240
33,113
33,384
33,132
8,110
6,152
23,604
33,321
8,399
8,610
33,169
33,219
8,594
33,20
33,77
33,5
33,64
33,204
33,400
33,339
8,503
33,167
33,622
13,499
33,362
33,473
33,103
8,527
33,508
8,635
8,666
33,216
8,7
7,612
33,454
8,232
33,260
33,693
8,526
23,497
8,252
33,439
33,262
33,221
33,511
33,16
8,229
33,41
33,280
23,698
33,554
33,128
4,540
33,114
33,494
8,561
33,304
33,154
31,684
33,39
33,600
33,261
8,40
8,184
33,97
14,354
33,423
33,76
8,139
21,21
8,530
14,437
33,597
33,118
33,356
33,290
8,544
3,386
8,65
33,697
33,583
33,688
8,195
22,501
6,200
26,73
33,82
33,611
33,89
23,317
33,571
33,448
33,49
8,133
33,430
33,98
33,276
33,521
22,319
8,447
33,663
33,183
3,263
23,312
21,54
33,71
30,696
33,202
33,690
33,102
33,652
23,628
23,302
33,655
31,538
8,496
33,672
8,461
8,433
33,178
8,123
7,575
33,648
8,584
33,590
33,479
33,617
33,182
33,664
33,609
33,602
33,514
23,436
8,486
33,488
33,190
33,640
33,326
33,413
33,268
33,369
8,676
33,57
33,649
33,593
33,83
33,429
33,485
33,298
33,553
23,425
33,30
33,287
28,160
33,460
33,517
33,644
8,542
23,328
33,373
33,87
33,365
8,558
23,667
33,157
8,408
33,380
33,427
8,42
33,581
33,468
8,464
33,224
33,104
33,596
33,25
33,606
33,38
33,237
33,34
33,492
33,574
1,475
23,36
33,174
8,306
8,407
5,406
19,415
8,142
33,153
33,417
33,375
33,355
26,493
33,599
33,136
8,539
33,342
8,569
36,96
33,310
33,59
33,536
8,598
8,168
33,370
33,226
25,177
33,145
33,463
33,565
14,213
33,686
33,699
33,196
33,389
33,469
8,378
8,311
8,404
8,238
8,10
45,608
33,284
42,336
33,165
8,466
33,297
33,22
33,682
36,452
33,158
27,247
8,673
33,502
32,481
33,434
33,351
33,577
33,591
8,374
33,67
33,545
33,692
33,381
31,19
33,403
8,573
33,172
8,74
8,665
8,507
33,314
37,45
33,119
33,265
33,451
33,296
8,225
8,151
33,193
33,159
11,18
33,490
31,680
33,131
33,201
25,528
8,236
8,579
23,658
33,394
33,632
33,376
33,117
33,689
14,446
33,385
33,519
33,95
33,124
8,391
33,197
23,350
45,641
33,345
33,214
33,148
33,26
8,251
33,582
8,605
33,529
33,161
11,624
33,668
8,661
33,24
8,509
33,555
33,309
33,472
33,218
33,359
33,379
32,215
8,477
33,163
8,230
26,533
8,111
33,150
33,66
8,419
16,33
33,397
31,639
31,601
33,387
33,267
8,551
33,289
23,683
8,675
8,171
23,516
33,199
33,120
8,410
30,643
33,162
33,44
33,239
15,458
8,637
33,694
42,37
8,691
33,409
5,371
8,631
33,115
8,48
8,512
23,303
33,130
33,524
33,343
31,325
33,234
33,198
33,272
33,630
8,398
33,295
33,324
33,233
33,570
11,642
33,462
33,618
33,438
33,68
33,266
8,192
33,8
37,456
33,443
35,84
8,109
33,12
8,51
8,255
33,495
33,47
33,634
33,249
22,179
8,175
33,270
33,90
8,299
33,619
33,253
33,281
33,79
33,483
33,607
33,80
33,23
33,285
33,189
33,383
33,301
3,705
33,203
31,258
33,70
23,701
33,166
8,562
33,505
23,170
33,323
33,335
33,654
33,414
22,316
8,412
33,278
33,651
8,331
33,471
33,329
33,259
33,392
33,254
33,223
8,515
33,678
8,137
31,550
33,620
33,9
33,341
37,81
8,288
33,269
33,623
13,687
33,445
8,340
33,467
20,674
33,420
21,552
33,578
33,372
33,353
33,129
33,390
8,470
33,449
31,277
33,629
33,108
37,333
34,217
33,256
33,176
8,556
33,291
33,231
33,1
13,566
33,588
8,520
33,2
23,248
33,626
8,360
33,679
33,670
8,246
33,308
8,589
33,349
14,346
33,206
33,422
33,426
33,62
33,173
33,11
8,557
33,564
8,671
33,307
33,532
33,135
12,126
33,580
14,535
33,134
33,72
33,368
8,29
33,703
33,294
33,181
33,704
36,186
33,482
33,155
14,112
33,401
42,121
33,106
8,702
17,431
33,534
8,459
33,92
33,127
33,257
33,361
33,334
8,510
23,53
33,337
24,548
23,85
33,78
8,650
33,522
33,480
33,320
14,344
33,322
8,366
33,275
33,621
8,498
8,271
8,4
8,241
31,567
33,563
31,180
33,465
33,242
33,364
29,633
23,367
33,27
8,537
8,487
33,377
33,191
8,292
23,282
33,525
39,50
8,101
2,86
33,61
33,592
33,660
8,559
33,543
33,208
33,143
8,243
33,405
31,474
33,15
23,245
33,695
33,283
33,659
33,613
33,442
8,3
9,116
41,546
46,52
33,250
33,315
8,35
33,627
33,586
8,227
33,393
33,347
33,305
33,156
33,146
33,576
33,185
14,547
33,13
33,332
33,489
33,99
33,657
33,188
33,32
33,164
33,395
8,194
8,14
7,424
8,662
33,435
33,549
33,264
31,58
8,500
33,228
31,274
33,656
8,273
42,138
8,352
33,685
38,141
33,572
33,244
33,220
8,122
33,432
33,348
33,595
33,444
33,63
33,91
33,43
33,330
33,6
33,55
33,402
9,358
8,293
4,614
33,531
33,105
8,93
33,455
33,69
18,31
33,212
33,396
8,140
8,388
33,313
8,560
8,625
33,222
8,209
33,484
33,646
33,450
33,616
33,56
33,615
10,144
44,107
23,28
33,363
33,210
31,645
33,587
33,75
33,647
36,100
43,125
33,418
33,669
33,235
33,541
33,506
8,603
33,491
31,300
33,94
33,88
33,518
33,286
33,382
33,318
33,504
8,46
33,478
33,453
33,338
33,357
33,523
33,568
22,205
23,211
23,653
33,457
