59,661
86,1045
59,845
59,943
59,19
64,1007
64,529
64,582
59,245
59,70
40,959
59,917
59,381
31,130
59,220
61,325
59,58
59,212
59,672
61,1051
67,568
59,564
59,1015
55,781
18,1108
59,924
59,448
26,969
59,125
59,1047
59,870
59,332
59,466
59,188
59,1091
59,541
59,153
55,983
60,1113
66,300
59,236
64,352
59,1072
59,532
55,309
59,454
35,645
59,1012
59,1080
59,504
31,1020
59,668
64,389
70,1023
64,221
66,839
59,627
59,98
43,974
59,1096
59,78
59,988
59,259
60,430
27,1018
70,322
64,402
59,772
42,403
59,800
59,74
59,633
59,339
59,1021
59,589
59,906
26,386
59,497
38,1062
59,357
59,767
59,301
55,795
58,796
59,651
59,283
59,306
59,976
59,435
59,416
59,30
59,656
59,975
59,88
59,86
59,1119
64,1041
59,918
59,330
96,686
59,13
59,869
59,955
17,683
59,610
59,216
59,35
16,342
59,262
58,292
59,714
59,272
59,496
59,937
7,565
50,63
9,289
59,328
59,827
59,1057
14,482
59,298
55,499
61,1010
59,29
59,821
61,23
76,36
59,360
59,436
64,569
3,535
59,468
59,741
61,903
59,785
59,296
59,788
52,794
59,982
81,546
60,234
59,539
59,780
59,495
59,590
59,119
59,464
59,542
49,742
59,1087
26,92
59,249
10,673
59,510
59,773
59,106
59,462
59,792
59,1016
59,992
64,160
59,347
21,629
59,1089
64,175
59,443
59,545
59,614
59,145
51,1000
47,952
59,609
59,786
59,358
65,71
59,485
59,494
59,1048
13,769
59,1100
59,604
59,12
64,928
50,498
59,1026
84,933
59,846
49,862
76,797
59,755
2,1044
59,174
59,970
59,782
55,690
59,385
59,812
59,240
5,947
74,225
59,849
49,1076
59,15
59,178
41,193
64,893
59,637
59,1111
22,916
59,689
59,1092
59,371
59,362
64,183
59,603
80,704
81,994
67,995
59,156
59,413
26,359
5,1046
59,543
59,914
49,688
59,68
59,202
58,151
59,138
44,528
59,660
59,133
59,577
59,61
59,675
31,287
31,428
59,1093
59,367
59,980
33,263
59,483
59,380
59,516
97,920
48,1013
64,155
59,885
59,343
59,575
64,22
59,76
59,479
59,843
59,401
61,815
59,404
59,874
59,438
59,653
59,168
59,314
59,808
59,87
59,484
59,440
59,1058
59,967
59,291
58,824
59,9
59,270
59,126
59,787
59,1053
84,60
59,771
64,101
64,320
59,214
59,33
59,470
59,676
59,418
11,818
59,853
59,157
59,1099
59,275
59,267
59,269
59,763
59,195
41,973
59,143
59,80
59,105
59,912
59,444
59,866
19,857
49,647
59,930
55,606
59,682
59,476
13,1088
59,747
59,73
59,75
59,186
70,599
59,285
59,445
59,702
74,311
59,957
59,159
59,748
59,667
59,394
59,613
59,960
59,290
59,829
59,113
59,327
59,602
59,149
17,209
59,353
11,46
59,399
67,945
55,527
59,181
59,396
59,801
35,958
59,208
59,366
59,764
59,446
60,759
59,941
59,997
64,1107
64,749
100,931
59,856
59,392
59,57
48,254
55,579
73,987
59,316
59,687
59,774
59,148
48,266
59,82
60,826
64,895
5,956
59,118
59,85
59,1008
59,41
59,894
59,662
31,789
59,880
69,4
55,1005
10,459
37,256
78,433
59,944
59,642
59,835
59,882
59,517
44,524
59,329
59,566
10,228
64,1106
59,1033
59,730
59,907
59,1098
6,1042
59,761
60,754
59,909
59,913
59,109
59,95
59,410
59,368
59,243
59,50
59,205
59,737
59,1090
59,232
5,278
59,34
59,929
59,1024
56,776
59,507
59,442
59,49
59,140
60,146
59,555
59,318
59,341
24,790
64,513
5,204
59,1049
59,258
64,573
59,805
59,708
59,695
59,457
59,199
31,103
59,94
64,972
59,692
59,891
49,836
59,405
39,522
59,182
59,191
59,585
59,873
59,425
59,276
59,584
64,757
59,230
46,1073
64,576
59,592
64,398
64,848
59,158
59,750
59,1068
59,634
59,1
59,552
78,850
59,758
59,1071
59,966
59,43
64,250
59,406
89,1035
59,112
35,649
59,307
31,493
61,173
31,429
88,1036
61,293
59,503
60,1067
78,703
59,491
59,833
84,1003
59,624
59,390
59,147
59,407
84,163
61,310
10,411
59,768
38,312
59,1040
59,122
59,194
59,694
59,544
59,593
59,538
59,261
59,315
82,550
84,1104
61,431
59,623
59,685
59,852
64,570
59,858
59,896
54,281
59,1056
60,953
59,233
59,678
64,170
18,583
59,571
59,134
59,321
61,939
59,144
45,299
59,99
59,334
59,1011
59,990
59,834
59,709
59,458
59,863
59,657
26,652
59,699
61,727
5,346
59,777
59,536
87,72
59,211
59,631
55,872
59,382
59,530
59,420
59,297
59,3
59,1081
68,842
14,1050
24,556
59,62
59,102
59,253
18,1074
49,337
59,1054
59,400
26,520
27,492
59,559
61,344
31,179
31,197
47,596
59,419
59,89
59,923
60,712
59,901
59,255
59,641
59,323
59,489
59,594
59,294
59,828
59,91
59,373
31,823
59,414
20,525
61,227
59,26
59,167
59,1009
59,696
59,241
1,526
48,717
59,224
59,137
52,165
59,932
59,1022
59,902
55,391
59,716
73,93
61,244
59,274
59,911
64,251
59,1029
59,1014
59,640
49,762
59,512
49,618
59,706
59,926
59,807
59,1094
48,900
59,177
59,409
72,456
58,351
59,1027
59,415
61,632
55,574
73,32
67,264
59,617
59,338
58,96
59,18
59,819
60,1061
59,508
11,655
59,114
59,940
59,783
59,427
11,90
80,239
59,934
33,31
53,480
59,1075
59,644
59,847
61,17
59,273
59,288
61,455
59,81
61,950
59,383
36,235
59,611
59,265
59,304
74,48
59,319
59,1082
59,691
33,936
59,825
59,551
59,169
59,369
29,129
44,1102
77,1001
85,659
59,441
59,27
61,809
17,523
14,875
59,505
59,260
59,892
59,282
59,733
15,1052
59,161
11,424
10,586
64,44
59,626
59,461
63,284
59,451
59,52
59,397
59,379
59,136
59,198
59,518
59,5
64,984
59,213
59,925
59,324
84,37
34,120
59,10
75,938
76,725
59,370
59,608
59,107
31,268
59,740
17,600
59,326
59,897
61,674
42,111
59,463
78,810
59,572
47,888
59,110
59,84
39,229
64,616
31,625
61,271
55,775
62,728
73,1097
59,765
31,64
59,417
57,395
35,820
59,1070
76,567
18,760
59,628
76,39
11,1069
98,1085
59,954
79,142
52,477
59,905
59,746
59,1039
55,948
24,965
67,363
60,511
59,345
59,968
59,908
59,998
71,743
48,38
31,722
59,305
59,375
7,595
59,45
59,620
59,83
60,196
59,1083
59,123
59,540
59,779
57,355
67,336
59,24
59,412
59,591
61,832
59,961
59,139
59,739
59,981
58,831
59,844
59,639
5,509
55,877
59,710
59,851
59,841
59,648
26,581
59,487
59,257
59,560
59,1095
59,899
59,919
35,472
59,135
26,20
59,646
59,643
59,502
59,127
33,533
42,1112
59,817
59,721
66,989
93,876
44,619
59,1101
50,1028
59,986
59,475
59,770
59,951
37,16
59,979
61,519
41,813
59,840
64,669
61,124
59,598
59,860
60,723
59,185
4,806
59,889
59,1006
59,116
59,171
59,868
59,303
59,189
11,437
52,946
52,226
59,203
59,607
59,554
59,605
99,150
63,354
59,752
61,588
61,890
59,612
59,985
52,361
59,247
59,563
59,172
59,715
59,1004
59,962
61,1055
59,348
59,279
3,166
21,252
59,162
59,364
59,450
16,7
61,184
64,55
59,514
59,719
31,861
26,8
59,426
33,816
51,131
59,6
59,878
84,280
59,452
59,349
59,248
59,1002
61,207
61,1066
64,991
39,693
59,465
18,453
59,97
78,506
76,681
59,42
95,1019
31,388
59,434
50,601
48,949
59,67
59,215
59,447
59,1043
59,53
59,422
59,1109
94,838
61,684
59,176
59,335
59,219
59,766
18,745
60,622
59,21
59,1037
60,802
59,40
22,56
59,1059
59,231
59,804
59,1110
28,384
59,664
59,521
59,449
61,547
59,374
92,964
12,460
59,713
59,478
59,883
59,378
15,738
59,1060
59,190
59,734
59,731
59,884
59,128
59,701
11,665
59,654
59,1084
59,1103
59,317
59,201
59,724
30,597
59,356
59,621
59,700
49,313
59,54
60,66
64,751
59,615
61,996
59,141
59,218
60,1030
59,1063
59,1025
59,636
59,217
59,500
59,1038
52,187
47,486
91,871
78,501
60,277
59,697
59,481
60,666
59,2
59,474
39,537
59,864
59,473
59,237
59,14
59,1114
25,720
31,1079
61,705
59,1077
52,978
59,578
59,753
59,471
48,51
61,562
59,372
59,432
61,238
59,887
64,561
59,726
32,993
59,798
59,867
81,242
59,1032
60,638
5,658
59,698
59,791
64,729
59,47
47,340
59,469
50,650
59,942
59,663
59,206
59,1116
59,295
59,814
59,1065
59,1078
59,11
59,439
19,718
59,879
64,971
59,711
59,799
59,69
59,59
59,490
80,79
59,811
59,377
61,803
59,921
81,898
26,886
33,1117
59,467
5,963
59,100
59,736
66,246
83,837
60,350
59,408
59,999
59,534
64,1064
59,778
59,223
59,200
59,1034
59,423
59,365
59,393
59,756
59,115
59,1086
59,117
64,679
59,935
59,630
59,830
66,635
79,286
59,735
59,333
81,680
5,387
41,376
64,488
59,154
59,854
60,132
60,822
59,192
59,587
59,922
59,553
59,881
59,515
31,732
40,904
31,1115
59,25
59,104
59,707
55,670
74,331
60,1017
8,302
59,108
59,859
59,677
59,927
59,580
59,671
59,121
59,548
61,180
59,308
57,152
59,28
59,784
59,1031
61,865
59,557
74,531
59,793
23,77
59,222
59,65
59,558
63,915
44,910
59,1118
61,210
59,164
31,855
18,1105
41,744
90,549
22,421
59,977
