2,798
2,410
2,575
2,901
2,705
2,80
2,580
2,884
2,29
2,451
2,572
2,85
2,22
1,985
2,547
2,816
2,161
1,914
2,234
2,927
2,204
2,242
1,296
2,301
1,1036
2,746
2,1074
2,656
2,393
2,883
2,512
2,791
1,802
2,843
1,254
2,356
2,114
2,1014
2,544
2,413
2,961
2,730
2,594
2,69
2,817
2,428
1,767
2,1065
2,850
1,76
2,760
2,935
2,644
2,374
2,881
2,576
2,989
2,754
2,68
2,229
2,695
1,239
1,1018
2,943
1,632
2,260
1,1062
2,861
2,655
2,1063
2,972
2,1081
2,498
2,951
2,763
2,991
2,846
2,782
2,723
2,444
2,625
2,494
2,419
1,72
2,115
1,677
2,24
2,209
1,238
2,837
2,476
2,178
2,380
2,1000
1,1075
2,939
2,287
2,667
2,578
2,27
2,262
2,762
2,128
2,790
2,528
2,1033
2,364
1,622
2,740
2,557
2,771
2,758
2,345
2,327
2,593
2,968
2,471
2,425
2,437
1,32
2,608
2,495
2,944
2,1048
2,360
2,98
2,43
2,252
2,922
2,71
2,744
2,707
2,688
2,661
1,282
1,866
2,328
2,863
2,905
2,423
2,375
2,320
2,138
2,45
2,454
2,1071
2,830
2,398
2,196
2,946
1,506
2,774
2,959
2,882
2,155
2,603
2,911
2,10
2,501
2,394
2,118
2,776
2,783
2,1020
2,106
1,480
2,674
2,1029
2,1061
2,854
2,497
2,979
2,162
2,713
2,827
2,847
2,696
2,1017
2,1013
2,650
2,8
2,250
2,399
2,913
2,187
2,335
2,152
2,909
2,182
2,39
1,230
1,122
2,245
2,490
2,317
2,452
2,6
2,321
2,134
2,848
2,435
2,1050
1,964
2,1021
2,348
2,651
1,469
2,525
2,875
2,334
2,443
2,460
2,933
1,940
2,565
1,589
1,1042
2,606
2,7
2,404
2,967
2,1077
2,676
2,34
2,163
2,395
1,521
2,958
2,315
2,897
2,896
2,121
1,353
2,279
2,825
2,396
2,388
2,426
2,996
2,742
2,1022
2,90
2,862
2,669
2,73
2,639
2,401
2,188
2,636
2,948
2,144
2,379
2,206
2,212
2,418
1,251
2,954
2,1047
2,201
2,607
2,167
2,824
2,546
2,835
2,947
2,489
2,869
2,125
2,44
2,259
2,941
1,778
2,132
2,145
2,801
2,183
2,59
2,965
2,293
2,716
2,482
2,635
2,366
1,37
2,851
2,793
2,343
2,175
2,450
1,342
2,765
2,173
2,785
2,277
2,720
2,936
2,690
2,659
1,826
2,246
2,4
2,446
1,809
2,302
2,524
2,448
2,432
2,1010
2,916
2,478
2,496
1,97
2,1034
2,995
2,624
2,605
2,683
2,743
2,484
2,441
2,769
2,852
2,468
1,717
2,642
2,1044
2,945
2,48
2,314
2,646
1,463
1,149
2,545
2,714
2,235
2,590
1,92
2,810
1,54
1,626
2,858
2,592
2,1002
2,813
2,554
2,285
1,1009
2,596
2,617
2,409
2,295
2,1058
2,955
2,523
1,671
2,1060
1,1043
2,581
2,703
2,849
1,224
2,853
2,819
2,618
2,179
2,459
1,520
1,583
2,892
2,726
2,1027
2,281
2,595
2,534
2,58
2,770
2,363
2,57
2,615
2,530
2,840
1,877
2,267
2,406
2,369
2,103
2,719
2,159
2,263
1,807
1,795
2,329
2,215
2,445
2,70
2,491
2,283
2,96
2,436
2,893
2,91
1,225
2,449
2,220
2,153
2,918
2,833
2,508
2,112
2,535
2,814
2,99
2,156
2,1032
2,258
2,976
2,424
2,300
2,888
1,1041
1,341
2,143
2,573
2,13
2,371
2,297
2,993
2,66
2,680
1,682
2,1008
2,1056
2,292
2,202
2,732
2,868
2,1028
2,307
2,319
2,666
2,427
2,81
2,42
2,313
2,461
2,243
2,376
2,19
2,75
2,1007
2,241
2,597
2,310
2,147
2,195
2,473
2,929
1,555
2,74
2,1003
2,221
2,502
2,176
2,291
2,124
2,942
2,53
2,172
2,55
2,756
2,867
2,169
2,109
2,2
2,160
2,381
2,988
2,872
2,697
2,370
2,1066
2,586
2,174
2,815
2,963
2,526
1,540
2,962
2,982
2,969
2,462
1,731
2,515
2,17
2,519
2,588
2,569
2,1052
1,417
2,483
2,51
2,384
1,477
2,999
2,1030
2,784
1,433
2,591
2,336
2,392
1,834
2,40
2,548
1,908
2,289
2,702
1,1069
2,467
2,558
2,653
2,986
2,701
2,957
2,131
2,386
2,93
2,383
2,704
2,937
2,60
1,749
2,248
2,992
2,998
2,275
2,488
2,823
2,748
1,930
2,974
2,414
2,1070
2,637
2,148
2,518
2,1083
2,11
2,692
2,829
1,745
2,77
2,165
2,208
2,582
2,1076
2,407
2,268
2,910
1,629
1,538
1,100
2,41
1,500
2,1053
2,902
2,403
2,271
2,777
2,422
1,318
2,647
2,752
2,627
1,116
2,21
2,665
2,197
2,878
2,26
2,266
2,184
2,228
2,130
2,796
2,442
2,198
2,158
2,859
2,193
2,686
2,983
2,755
2,549
2,338
2,634
2,111
2,567
2,264
2,200
1,984
1,280
2,465
2,724
1,133
2,373
2,779
2,429
2,455
2,738
1,129
2,753
2,658
1,1049
1,269
2,657
2,678
2,137
2,94
2,1051
2,180
1,973
2,923
2,168
2,82
2,672
2,1072
2,831
2,464
2,856
2,880
2,305
2,1045
2,64
2,747
2,126
2,344
2,185
1,52
2,602
2,537
2,49
2,211
2,949
2,640
2,257
2,938
2,800
1,1067
2,308
2,276
2,150
2,551
2,255
1,270
2,855
2,599
2,541
2,190
2,247
2,781
2,1078
1,351
1,294
2,231
2,950
2,38
2,710
1,1019
2,15
1,359
2,358
2,773
2,527
2,16
1,170
2,140
2,123
2,101
1,177
2,171
2,362
2,400
2,1057
2,533
2,934
2,470
1,1079
2,750
2,387
2,352
2,466
2,522
1,620
1,46
2,194
2,416
2,891
2,504
2,1035
2,1068
2,681
2,553
2,485
2,253
2,456
2,1055
2,566
2,61
2,1054
2,1024
1,142
1,797
2,994
2,664
1,926
2,408
2,330
1,899
2,727
2,735
1,864
2,439
2,997
2,431
1,405
2,218
2,457
2,1037
2,1
2,273
2,139
2,412
2,481
1,56
2,236
2,237
1,552
2,513
2,691
2,306
1,205
2,309
2,87
2,88
2,1011
2,598
2,873
2,286
2,1039
2,219
2,510
2,453
2,186
2,240
2,349
2,438
2,385
2,631
1,736
2,440
1,768
2,493
2,316
2,584
2,346
2,698
2,894
2,102
2,189
2,772
2,1073
2,571
2,107
2,643
1,641
2,472
2,105
2,486
2,684
1,154
2,722
2,213
2,885
2,556
2,562
2,434
1,1031
2,585
1,326
2,244
2,609
1,924
2,903
2,12
2,164
2,577
2,633
2,1004
2,981
2,261
2,119
2,708
1,895
1,766
2,532
1,729
2,311
2,415
2,117
2,733
2,181
2,304
2,786
2,265
2,990
2,1064
2,411
1,232
2,28
1,110
1,728
2,1026
2,157
2,397
2,966
2,9
2,616
2,579
2,764
2,685
2,372
2,673
2,333
2,757
2,915
1,876
2,808
1,628
2,709
2,354
1,475
2,917
2,699
1,78
1,919
2,890
2,389
2,932
2,474
2,447
2,794
2,278
2,543
2,788
2,887
2,223
2,210
2,564
2,274
1,325
2,1001
2,842
2,199
2,660
1,706
2,127
2,612
2,652
2,805
1,1040
1,529
2,839
2,113
2,536
2,645
2,249
2,479
2,298
1,751
2,288
2,30
2,222
2,365
2,509
2,104
1,700
2,630
2,822
1,141
2,828
2,587
2,505
2,619
2,977
2,378
2,832
2,811
1,611
2,874
2,568
2,146
2,920
2,542
1,350
2,857
2,516
1,1059
2,900
2,20
2,649
2,31
1,931
2,739
2,377
2,906
2,1046
2,226
2,36
2,928
2,323
1,970
2,83
2,322
2,689
1,79
2,1015
2,799
2,623
2,812
2,3
2,956
2,5
2,514
2,820
2,980
2,610
2,721
2,761
2,860
2,550
2,33
2,560
2,780
2,718
2,1023
2,1080
2,836
2,675
2,382
2,663
2,886
1,18
1,391
2,337
2,987
2,492
2,821
2,1006
2,865
1,804
2,203
2,838
2,725
2,1038
2,613
2,67
2,1025
2,889
2,507
2,65
1,207
2,531
2,357
2,662
1,25
2,693
2,559
1,898
2,499
1,368
2,47
2,654
2,14
2,50
2,539
2,84
1,503
2,904
2,570
2,679
2,759
2,1005
2,324
2,430
2,648
2,561
2,135
2,191
2,563
2,340
2,960
2,806
2,621
2,1012
1,687
1,953
2,952
2,284
2,458
2,89
2,331
1,737
2,604
2,290
2,233
1,23
2,120
2,339
2,35
2,978
2,367
2,775
1,420
2,841
1,668
2,574
2,818
2,511
2,925
2,332
2,151
2,256
2,871
2,907
2,844
2,741
2,734
1,712
2,312
2,803
2,600
2,845
2,227
2,787
2,86
2,108
2,975
2,192
2,214
2,614
2,921
2,517
2,1016
2,402
2,912
2,217
2,166
2,1082
2,879
2,361
2,711
2,303
2,390
2,715
2,272
2,638
2,487
2,694
2,355
2,421
2,136
2,971
2,63
2,347
2,299
2,789
2,870
2,95
2,216
1,601
2,670
1,792
2,62
