24,13
40,442
24,83
17,295
4,248
26,271
24,92
73,108
57,202
24,63
24,249
24,117
24,504
24,393
24,561
14,321
24,499
24,211
24,156
24,115
24,490
24,180
69,178
106,472
103,562
7,522
26,198
24,389
24,199
24,443
67,146
40,96
24,39
24,125
105,18
20,151
106,290
24,330
24,87
24,33
26,148
26,200
21,195
24,101
96,19
24,560
24,59
106,300
73,568
24,56
24,571
72,564
24,325
26,419
24,15
24,139
24,501
24,174
24,299
24,261
24,528
24,536
24,401
45,279
24,44
26,276
24,143
24,489
24,109
22,418
31,291
18,349
88,386
24,40
24,530
54,238
26,46
24,545
24,467
20,245
67,404
24,244
24,378
24,29
24,67
5,252
24,274
24,574
24,89
71,516
46,293
24,327
24,283
24,533
45,119
24,370
109,458
24,68
26,88
106,465
24,285
24,227
45,331
26,50
105,7
38,237
42,557
24,303
24,317
26,449
26,144
22,339
75,188
24,537
24,413
26,3
24,230
84,166
24,394
95,155
106,20
40,372
24,240
99,366
24,203
22,583
26,513
23,11
106,487
106,258
24,269
34,579
31,322
80,414
26,53
107,152
75,556
106,255
24,131
58,243
20,420
24,368
24,221
24,428
105,553
24,316
104,491
24,278
81,65
22,286
24,55
24,233
24,78
14,215
24,205
24,254
115,409
36,532
78,494
40,69
24,51
86,448
33,423
24,266
24,512
24,567
105,481
20,171
24,326
26,460
24,34
93,228
43,466
24,391
97,430
106,94
106,196
24,14
1,62
24,367
106,85
44,114
2,190
4,297
15,566
26,197
24,492
24,546
26,432
24,17
106,505
101,98
77,153
79,441
24,488
24,426
24,82
24,123
24,523
24,559
97,102
24,577
24,425
56,187
24,485
17,270
24,439
45,495
26,581
112,400
24,476
45,586
102,582
24,515
24,79
9,507
22,236
24,584
11,585
24,410
24,306
47,218
26,304
26,38
45,264
98,578
24,496
24,21
40,74
24,379
24,84
44,315
24,344
80,207
26,61
24,360
24,161
24,540
26,555
24,334
100,453
105,93
24,470
24,422
24,259
22,329
18,445
24,30
24,12
26,47
36,10
24,455
72,575
24,169
24,75
26,164
51,484
24,345
24,314
17,347
24,301
13,373
35,446
24,380
102,570
24,362
26,313
24,294
24,355
24,337
24,231
49,58
14,142
24,440
37,22
24,563
54,569
24,526
24,268
108,165
69,376
31,214
24,28
44,60
24,552
24,424
26,220
106,408
113,57
24,1
24,310
26,309
24,308
24,551
24,403
106,333
24,128
101,451
24,377
24,381
24,421
3,77
24,27
24,209
12,6
24,104
11,371
24,170
24,311
24,267
26,127
35,292
24,256
24,474
24,412
24,186
24,235
82,54
92,398
30,239
24,547
24,99
3,110
50,572
24,287
24,340
24,66
35,223
24,135
24,396
24,41
101,116
23,411
24,438
31,111
62,189
24,541
14,224
24,250
26,42
106,415
100,479
28,549
24,454
24,168
20,36
24,358
81,80
24,346
83,141
105,539
114,406
22,511
109,43
24,217
22,356
104,70
20,246
84,126
24,353
90,529
24,112
99,150
110,343
8,500
24,508
24,335
24,133
55,71
24,282
26,417
24,473
24,320
106,247
103,514
24,72
25,431
24,427
24,405
24,4
25,206
56,260
7,390
6,16
59,273
24,338
68,154
85,185
24,464
14,395
24,475
91,163
24,263
24,312
32,328
26,251
10,158
26,275
106,132
24,565
24,219
98,307
24,305
24,262
19,32
20,122
87,2
24,229
24,160
24,502
26,558
26,573
24,456
24,106
26,26
49,383
29,365
24,216
24,517
24,503
25,397
24,384
24,86
24,534
24,5
24,184
18,435
24,302
89,554
24,323
18,183
24,179
106,64
106,542
4,208
63,103
106,95
26,548
24,225
24,212
24,461
24,91
24,182
106,284
24,232
24,173
90,107
24,531
24,222
90,521
25,518
64,416
24,272
27,324
24,257
39,277
52,525
24,76
107,369
24,480
45,457
65,204
100,382
16,520
24,49
24,8
24,497
105,543
89,527
24,52
70,253
24,23
29,281
26,471
32,90
24,509
94,538
107,137
26,113
53,159
24,193
116,194
61,348
24,149
24,134
60,234
24,318
24,462
24,506
24,580
24,436
24,336
98,452
24,31
24,81
24,387
73,140
111,9
24,385
31,483
24,486
41,350
10,130
24,177
24,341
65,576
24,433
31,129
76,288
87,524
20,181
24,176
24,437
18,399
24,296
24,588
10,544
48,191
104,121
56,48
47,138
24,24
24,434
106,374
54,37
24,535
74,100
24,550
22,444
24,136
47,459
24,478
24,468
4,105
106,145
24,351
24,167
76,35
20,242
24,147
26,357
45,519
73,280
106,298
24,192
24,332
26,342
45,463
26,241
106,363
24,124
24,375
24,25
3,265
24,213
24,226
24,493
41,402
24,201
24,175
24,45
24,120
24,172
24,319
34,477
24,354
24,97
24,364
24,407
24,510
24,73
26,429
41,469
24,447
24,361
106,450
24,392
24,359
24,118
66,388
24,162
24,352
24,289
24,157
24,210
24,498
117,482
106,587
