5,564
10,532
10,151
10,452
10,372
9,475
6,422
10,539
9,476
19,88
19,593
10,210
10,507
10,78
5,596
10,65
10,509
16,220
9,99
9,165
10,279
10,84
10,196
10,310
19,406
10,521
19,296
10,12
10,79
10,407
10,16
11,303
10,558
10,23
10,625
5,392
9,340
19,4
10,216
19,365
1,209
4,515
10,56
10,437
10,562
10,234
19,120
6,546
19,627
6,351
10,495
10,371
10,529
6,344
6,395
10,439
10,145
10,149
4,277
5,519
5,482
5,161
9,300
16,366
10,110
10,584
10,606
10,187
10,350
11,294
9,308
5,53
5,347
10,283
10,43
15,213
19,607
10,360
10,173
11,223
10,465
10,45
10,585
10,413
10,536
9,218
4,158
10,321
10,200
9,621
5,569
10,81
11,224
16,111
11,66
11,493
10,114
17,46
10,178
19,212
11,113
16,487
6,469
10,89
9,115
17,13
11,135
10,333
19,8
10,500
10,597
9,97
10,555
10,228
10,592
10,44
10,280
10,622
8,603
10,5
1,259
19,570
6,57
6,619
5,22
15,17
10,510
11,3
10,561
15,69
11,324
5,260
6,553
8,383
10,281
10,291
10,82
5,26
5,479
1,602
11,342
19,315
5,85
6,363
10,236
11,30
4,498
17,29
10,225
10,524
10,313
4,468
6,573
20,198
11,626
10,444
10,580
10,238
11,335
10,533
10,289
8,176
10,586
5,245
10,591
5,249
10,471
10,599
1,168
1,620
5,33
10,528
10,282
6,401
5,192
10,269
12,35
10,51
19,2
6,298
9,136
6,214
10,385
9,560
8,359
5,292
10,615
7,484
5,550
16,257
6,480
10,429
11,556
6,92
4,425
10,117
5,409
10,322
10,554
10,472
5,450
10,445
5,514
19,325
6,263
10,217
11,527
10,68
10,604
10,440
9,14
10,160
10,104
10,587
10,577
10,456
10,108
10,631
19,448
10,629
12,618
11,301
10,581
10,39
10,497
9,58
5,364
10,397
9,163
1,424
10,458
5,339
6,382
10,150
5,361
10,31
5,457
10,540
9,582
17,567
2,172
9,490
6,434
1,83
10,253
6,346
9,415
9,129
10,511
11,52
1,594
1,167
10,202
9,34
5,137
1,605
10,231
8,127
10,600
10,537
10,410
12,544
10,288
11,116
8,305
9,183
13,215
5,595
10,338
8,156
11,508
11,157
5,21
9,118
9,461
4,67
10,75
9,624
10,24
10,428
10,199
10,208
10,206
17,502
9,28
11,261
9,74
10,278
10,19
11,247
10,394
10,90
6,20
10,473
8,9
10,489
4,275
10,37
9,226
10,357
10,6
19,229
10,266
5,248
10,86
11,504
17,105
10,571
19,242
10,112
9,417
11,311
10,299
8,254
10,274
19,535
5,181
4,464
9,211
1,71
10,370
10,393
5,513
10,408
10,389
5,486
2,334
17,287
4,239
18,427
5,184
1,285
10,319
9,63
10,566
17,387
17,551
10,542
10,270
10,447
6,531
10,314
5,265
10,185
4,119
10,134
10,549
17,380
17,295
10,258
10,162
1,193
20,250
5,286
5,430
5,93
9,572
6,222
10,95
10,377
10,271
4,155
10,412
10,264
10,272
10,462
6,557
6,159
1,131
9,312
10,80
10,32
4,290
5,390
11,579
4,306
11,375
1,608
19,388
8,496
6,146
10,107
10,399
5,207
10,518
1,70
9,96
11,101
9,559
11,128
6,141
10,177
9,221
9,262
10,609
16,474
10,267
6,483
11,543
4,188
10,354
1,491
5,1
14,268
6,189
10,326
10,416
9,598
10,197
10,73
19,235
11,125
10,203
5,435
10,227
5,494
9,61
5,91
5,355
17,304
5,530
10,545
6,421
10,526
10,132
17,432
9,588
10,139
10,610
11,523
15,438
5,171
6,481
10,419
5,166
6,384
10,317
5,62
10,175
10,60
6,232
19,630
6,343
10,454
10,418
16,449
8,164
10,186
5,138
10,520
20,201
10,331
19,72
5,143
4,403
10,255
10,576
10,237
6,517
19,36
10,273
11,356
15,616
9,323
10,15
19,374
17,485
10,601
10,613
1,414
10,362
10,318
9,522
13,455
10,329
10,297
4,506
15,512
10,400
10,59
5,477
10,345
13,501
10,568
5,152
9,195
10,376
1,147
9,276
10,42
5,373
19,87
10,628
5,293
10,534
11,525
10,611
10,552
6,405
10,590
4,182
10,436
6,441
9,443
1,503
4,433
10,398
10,368
10,55
10,459
10,233
4,103
9,617
10,124
10,538
3,153
5,499
11,205
10,180
5,194
10,50
4,341
5,54
10,381
6,423
5,243
10,548
10,174
10,246
5,7
8,358
10,133
10,123
6,144
9,367
10,191
10,391
6,48
10,505
10,332
19,488
8,121
7,386
10,320
5,170
10,252
17,589
6,256
8,378
10,470
8,244
6,402
10,251
10,352
10,169
10,230
11,632
10,369
11,41
10,140
10,612
10,327
19,241
10,516
19,49
9,122
10,563
4,541
10,492
10,316
9,302
11,411
10,11
14,442
19,623
5,575
10,109
19,219
11,614
10,204
10,100
10,179
17,38
10,460
10,25
10,466
10,309
5,47
1,10
6,578
10,633
10,40
10,379
10,453
10,142
10,77
10,565
5,27
10,353
10,451
5,154
10,148
10,420
10,328
10,106
10,467
10,349
11,240
12,426
5,547
6,583
1,307
5,337
19,348
10,284
5,98
6,336
10,330
10,94
10,396
10,446
10,190
19,64
10,102
10,18
10,126
10,463
4,478
10,76
5,130
10,431
1,404
19,574
