20,661
26,1045
20,845
20,943
20,19
20,1007
20,529
20,582
20,245
20,70
17,959
20,917
20,381
14,130
20,220
20,325
20,58
20,212
20,672
20,1051
21,568
20,564
20,1015
20,781
8,1108
20,924
20,448
11,969
20,125
20,1047
20,870
20,332
20,466
20,188
20,1091
20,541
20,153
20,983
20,1113
21,300
20,236
20,352
20,1072
20,532
20,309
20,454
15,645
20,1012
20,1080
20,504
14,1020
20,668
20,389
24,1023
20,221
21,839
20,627
20,98
18,974
20,1096
20,78
20,988
20,259
20,430
11,1018
24,322
20,402
20,772
18,403
20,800
20,74
20,633
20,339
20,1021
20,589
20,906
11,386
20,497
16,1062
20,357
20,767
20,301
20,795
20,796
20,651
20,283
20,306
20,976
20,435
20,416
20,30
20,656
20,975
20,88
20,86
20,1119
20,1041
20,918
20,330
34,686
20,13
20,869
20,955
8,683
20,610
20,216
20,35
8,342
20,262
20,292
20,714
20,272
20,496
20,937
3,565
20,63
4,289
20,328
20,827
20,1057
7,482
20,298
20,499
20,1010
20,29
20,821
20,23
25,36
20,360
20,436
20,569
2,535
20,468
20,741
20,903
20,785
20,296
20,788
20,794
20,982
26,546
20,234
20,539
20,780
20,495
20,590
20,119
20,464
20,542
20,742
20,1087
11,92
20,249
5,673
20,510
20,773
20,106
20,462
20,792
20,1016
20,992
20,160
20,347
9,629
20,1089
20,175
20,443
20,545
20,614
20,145
20,1000
20,952
20,609
20,786
20,358
20,71
20,485
20,494
20,1048
7,769
20,1100
20,604
20,12
20,928
20,498
20,1026
26,933
20,846
20,862
25,797
20,755
1,1044
20,174
20,970
20,782
20,690
20,385
20,812
20,240
3,947
25,225
20,849
20,1076
20,15
20,178
17,193
20,893
20,637
20,1111
9,916
20,689
20,1092
20,371
20,362
20,183
20,603
26,704
26,994
21,995
20,156
20,413
11,359
3,1046
20,543
20,914
20,688
20,68
20,202
20,151
20,138
19,528
20,660
20,133
20,577
20,61
20,675
14,287
14,428
20,1093
20,367
20,980
14,263
20,483
20,380
20,516
35,920
20,1013
20,155
20,885
20,343
20,575
20,22
20,76
20,479
20,843
20,401
20,815
20,404
20,874
20,438
20,653
20,168
20,314
20,808
20,87
20,484
20,440
20,1058
20,967
20,291
20,824
20,9
20,270
20,126
20,787
20,1053
26,60
20,771
20,101
20,320
20,214
20,33
20,470
20,676
20,418
5,818
20,853
20,157
20,1099
20,275
20,267
20,269
20,763
20,195
17,973
20,143
20,80
20,105
20,912
20,444
20,866
8,857
20,647
20,930
20,606
20,682
20,476
7,1088
20,747
20,73
20,75
20,186
24,599
20,285
20,445
20,702
25,311
20,957
20,159
20,748
20,667
20,394
20,613
20,960
20,290
20,829
20,113
20,327
20,602
20,149
8,209
20,353
5,46
20,399
21,945
20,527
20,181
20,396
20,801
15,958
20,208
20,366
20,764
20,446
20,759
20,941
20,997
20,1107
20,749
37,931
20,856
20,392
20,57
20,254
20,579
25,987
20,316
20,687
20,774
20,148
20,266
20,82
20,826
20,895
3,956
20,118
20,85
20,1008
20,41
20,894
20,662
14,789
20,880
23,4
20,1005
5,459
16,256
25,433
20,944
20,642
20,835
20,882
20,517
19,524
20,329
20,566
5,228
20,1106
20,1033
20,730
20,907
20,1098
3,1042
20,761
20,754
20,909
20,913
20,109
20,95
20,410
20,368
20,243
20,50
20,205
20,737
20,1090
20,232
3,278
20,34
20,929
20,1024
20,776
20,507
20,442
20,49
20,140
20,146
20,555
20,318
20,341
10,790
20,513
3,204
20,1049
20,258
20,573
20,805
20,708
20,695
20,457
20,199
14,103
20,94
20,972
20,692
20,891
20,836
20,405
17,522
20,182
20,191
20,585
20,873
20,425
20,276
20,584
20,757
20,230
19,1073
20,576
20,592
20,398
20,848
20,158
20,750
20,1068
20,634
20,1
20,552
25,850
20,758
20,1071
20,966
20,43
20,250
20,406
28,1035
20,112
15,649
20,307
14,493
20,173
14,429
27,1036
20,293
20,503
20,1067
25,703
20,491
20,833
26,1003
20,624
20,390
20,147
20,407
26,163
20,310
5,411
20,768
16,312
20,1040
20,122
20,194
20,694
20,544
20,593
20,538
20,261
20,315
26,550
26,1104
20,431
20,623
20,685
20,852
20,570
20,858
20,896
20,281
20,1056
20,953
20,233
20,678
20,170
8,583
20,571
20,134
20,321
20,939
20,144
19,299
20,99
20,334
20,1011
20,990
20,834
20,709
20,458
20,863
20,657
11,652
20,699
20,727
3,346
20,777
20,536
27,72
20,211
20,631
20,872
20,382
20,530
20,420
20,297
20,3
20,1081
22,842
7,1050
10,556
20,62
20,102
20,253
8,1074
20,337
20,1054
20,400
11,520
11,492
20,559
20,344
14,179
14,197
20,596
20,419
20,89
20,923
20,712
20,901
20,255
20,641
20,323
20,489
20,594
20,294
20,828
20,91
20,373
14,823
20,414
8,525
20,227
20,26
20,167
20,1009
20,696
20,241
1,526
20,717
20,224
20,137
20,165
20,932
20,1022
20,902
20,391
20,716
25,93
20,244
20,274
20,911
20,251
20,1029
20,1014
20,640
20,762
20,512
20,618
20,706
20,926
20,807
20,1094
20,900
20,177
20,409
24,456
20,351
20,1027
20,415
20,632
20,574
25,32
21,264
20,617
20,338
20,96
20,18
20,819
20,1061
20,508
5,655
20,114
20,940
20,783
20,427
5,90
26,239
20,934
14,31
20,480
20,1075
20,644
20,847
20,17
20,273
20,288
20,455
20,81
20,950
20,383
15,235
20,611
20,265
20,304
25,48
20,319
20,1082
20,691
14,936
20,825
20,551
20,169
20,369
13,129
19,1102
25,1001
26,659
20,441
20,27
20,809
8,523
7,875
20,505
20,260
20,892
20,282
20,733
8,1052
20,161
5,424
5,586
20,44
20,626
20,461
20,284
20,451
20,52
20,397
20,379
20,136
20,198
20,518
20,5
20,984
20,213
20,925
20,324
26,37
14,120
20,10
25,938
25,725
20,370
20,608
20,107
14,268
20,740
8,600
20,326
20,897
20,674
18,111
20,463
25,810
20,572
20,888
20,110
20,84
17,229
20,616
14,625
20,271
20,775
20,728
25,1097
20,765
14,64
20,417
20,395
15,820
20,1070
25,567
8,760
20,628
25,39
5,1069
35,1085
20,954
25,142
20,477
20,905
20,746
20,1039
20,948
10,965
21,363
20,511
20,345
20,968
20,908
20,998
24,743
20,38
14,722
20,305
20,375
3,595
20,45
20,620
20,83
20,196
20,1083
20,123
20,540
20,779
20,355
21,336
20,24
20,412
20,591
20,832
20,961
20,139
20,739
20,981
20,831
20,844
20,639
3,509
20,877
20,710
20,851
20,841
20,648
11,581
20,487
20,257
20,560
20,1095
20,899
20,919
15,472
20,135
11,20
20,646
20,643
20,502
20,127
14,533
18,1112
20,817
20,721
21,989
31,876
19,619
20,1101
20,1028
20,986
20,475
20,770
20,951
16,16
20,979
20,519
17,813
20,840
20,669
20,124
20,598
20,860
20,723
20,185
2,806
20,889
20,1006
20,116
20,171
20,868
20,303
20,189
5,437
20,946
20,226
20,203
20,607
20,554
20,605
36,150
20,354
20,752
20,588
20,890
20,612
20,985
20,361
20,247
20,563
20,172
20,715
20,1004
20,962
20,1055
20,348
20,279
2,166
9,252
20,162
20,364
20,450
8,7
20,184
20,55
20,514
20,719
14,861
11,8
20,426
14,816
20,131
20,6
20,878
26,280
20,452
20,349
20,248
20,1002
20,207
20,1066
20,991
17,693
20,465
8,453
20,97
25,506
25,681
20,42
33,1019
14,388
20,434
20,601
20,949
20,67
20,215
20,447
20,1043
20,53
20,422
20,1109
32,838
20,684
20,176
20,335
20,219
20,766
8,745
20,622
20,21
20,1037
20,802
20,40
9,56
20,1059
20,231
20,804
20,1110
12,384
20,664
20,521
20,449
20,547
20,374
31,964
6,460
20,713
20,478
20,883
20,378
8,738
20,1060
20,190
20,734
20,731
20,884
20,128
20,701
5,665
20,654
20,1084
20,1103
20,317
20,201
20,724
13,597
20,356
20,621
20,700
20,313
20,54
20,66
20,751
20,615
20,996
20,141
20,218
20,1030
20,1063
20,1025
20,636
20,217
20,500
20,1038
20,187
20,486
30,871
25,501
20,277
20,697
20,481
20,666
20,2
20,474
17,537
20,864
20,473
20,237
20,14
20,1114
10,720
14,1079
20,705
20,1077
20,978
20,578
20,753
20,471
20,51
20,562
20,372
20,432
20,238
20,887
20,561
20,726
14,993
20,798
20,867
26,242
20,1032
20,638
3,658
20,698
20,791
20,729
20,47
20,340
20,469
20,650
20,942
20,663
20,206
20,1116
20,295
20,814
20,1065
20,1078
20,11
20,439
8,718
20,879
20,971
20,711
20,799
20,69
20,59
20,490
26,79
20,811
20,377
20,803
20,921
26,898
11,886
14,1117
20,467
3,963
20,100
20,736
21,246
26,837
20,350
20,408
20,999
20,534
20,1064
20,778
20,223
20,200
20,1034
20,423
20,365
20,393
20,756
20,115
20,1086
20,117
20,679
20,935
20,630
20,830
21,635
25,286
20,735
20,333
26,680
3,387
17,376
20,488
20,154
20,854
20,132
20,822
20,192
20,587
20,922
20,553
20,881
20,515
14,732
17,904
14,1115
20,25
20,104
20,707
20,670
25,331
20,1017
3,302
20,108
20,859
20,677
20,927
20,580
20,671
20,121
20,548
20,180
20,308
20,152
20,28
20,784
20,1031
20,865
20,557
25,531
20,793
9,77
20,222
20,65
20,558
20,915
19,910
20,1118
20,210
20,164
14,855
8,1105
17,744
29,549
9,421
20,977
