48,421
50,411
10,17
10,207
41,476
10,513
41,681
41,700
39,279
41,147
29,149
41,428
10,636
10,327
10,187
41,585
41,440
41,441
41,638
41,60
41,677
41,416
41,240
41,113
41,384
41,132
10,110
7,152
29,604
41,321
10,399
10,610
41,169
41,219
10,594
41,20
41,77
41,5
41,64
41,204
41,400
41,339
10,503
41,167
41,622
18,499
41,362
41,473
41,103
10,527
41,508
10,635
10,666
41,216
10,7
8,612
41,454
10,232
41,260
41,693
10,526
29,497
10,252
41,439
41,262
41,221
41,511
41,16
10,229
41,41
41,280
29,698
41,554
41,128
4,540
41,114
41,494
10,561
41,304
41,154
39,684
41,39
41,600
41,261
10,40
10,184
41,97
20,354
41,423
41,76
10,139
27,21
10,530
19,437
41,597
41,118
41,356
41,290
10,544
3,386
10,65
41,697
41,583
41,688
10,195
28,501
7,200
33,73
41,82
41,611
41,89
30,317
41,571
41,448
41,49
10,133
41,430
41,98
41,276
41,521
28,319
10,447
41,663
41,183
3,263
29,312
27,54
41,71
38,696
41,202
41,690
41,102
41,652
29,628
29,302
41,655
39,538
10,496
41,672
9,461
10,433
41,178
10,123
8,575
41,648
10,584
41,590
41,479
41,617
41,182
41,664
41,609
41,602
41,514
30,436
10,486
41,488
41,190
41,640
41,326
41,413
41,268
41,369
10,676
41,57
41,649
41,593
41,83
41,429
41,485
41,298
41,553
29,425
41,30
41,287
36,160
41,460
41,517
41,644
10,542
30,328
41,373
41,87
41,365
10,558
30,667
41,157
10,408
41,380
41,427
10,42
41,581
41,468
10,464
41,224
41,104
41,596
41,25
41,606
41,38
41,237
41,34
41,492
41,574
1,475
29,36
41,174
10,306
11,407
5,406
25,415
10,142
41,153
41,417
41,375
41,355
34,493
41,599
41,136
10,539
41,342
11,569
44,96
41,310
41,59
41,536
10,598
10,168
41,370
41,226
32,177
41,145
41,463
41,565
19,213
41,686
41,699
41,196
41,389
41,469
10,378
10,311
10,404
10,238
10,10
55,608
41,284
50,336
41,165
10,466
41,297
41,22
41,682
44,452
41,158
35,247
10,673
41,502
40,481
41,434
41,351
41,577
41,591
10,374
41,67
41,545
41,692
41,381
39,19
41,403
10,573
41,172
10,74
10,665
10,507
41,314
45,45
41,119
41,265
41,451
41,296
10,225
10,151
41,193
41,159
15,18
41,490
39,680
41,131
41,201
32,528
10,236
10,579
29,658
41,394
41,632
41,376
41,117
41,689
19,446
41,385
41,519
41,95
41,124
10,391
41,197
29,350
54,641
41,345
41,214
41,148
41,26
9,251
41,582
10,605
41,529
41,161
16,624
41,668
10,661
41,24
10,509
41,555
41,309
41,472
41,218
41,359
41,379
40,215
10,477
41,163
10,230
33,533
10,111
41,150
41,66
10,419
22,33
41,397
39,639
39,601
41,387
41,267
10,551
41,289
29,683
10,675
10,171
29,516
41,199
41,120
10,410
38,643
41,162
41,44
41,239
21,458
10,637
41,694
51,37
10,691
41,409
6,371
10,631
41,115
10,48
10,512
29,303
41,130
41,524
41,343
39,325
41,234
41,198
41,272
41,630
10,398
41,295
41,324
41,233
41,570
15,642
41,462
41,618
41,438
41,68
41,266
9,192
41,8
45,456
41,443
43,84
10,109
41,12
10,51
9,255
41,495
41,47
41,634
41,249
28,179
10,175
41,270
41,90
10,299
41,619
41,253
41,281
41,79
41,483
41,607
41,80
41,23
41,285
41,189
41,383
41,301
3,705
41,203
39,258
41,70
29,701
41,166
10,562
41,505
29,170
41,323
41,335
41,654
41,414
28,316
10,412
41,278
41,651
10,331
41,471
41,329
41,259
41,392
41,254
41,223
10,515
41,678
10,137
39,550
41,620
41,9
41,341
45,81
11,288
41,269
41,623
18,687
41,445
10,340
41,467
26,674
41,420
27,552
41,578
41,372
41,353
41,129
41,390
10,470
41,449
39,277
41,629
41,108
45,333
42,217
41,256
41,176
10,556
41,291
41,231
41,1
18,566
41,588
10,520
41,2
30,248
41,626
11,360
41,679
41,670
10,246
41,308
10,589
41,349
19,346
41,206
41,422
41,426
41,62
41,173
41,11
10,557
41,564
10,671
41,307
41,532
41,135
17,126
41,580
19,535
41,134
41,72
41,368
10,29
41,703
41,294
41,181
41,704
44,186
41,482
41,155
20,112
41,401
50,121
41,106
10,702
23,431
41,534
10,459
41,92
41,127
41,257
41,361
41,334
10,510
29,53
41,337
31,548
29,85
41,78
10,650
41,522
41,480
41,320
19,344
41,322
10,366
41,275
41,621
10,498
10,271
10,4
10,241
39,567
41,563
39,180
41,465
41,242
41,364
37,633
29,367
41,27
10,537
11,487
41,377
41,191
10,292
29,282
41,525
47,50
10,101
2,86
41,61
41,592
41,660
10,559
41,543
41,208
41,143
10,243
41,405
39,474
41,15
29,245
41,695
41,283
41,659
41,613
41,442
10,3
12,116
49,546
56,52
41,250
41,315
10,35
41,627
41,586
10,227
41,393
41,347
41,305
41,156
41,146
41,576
41,185
19,547
41,13
41,332
41,489
41,99
41,657
41,188
41,32
41,164
41,395
10,194
10,14
8,424
11,662
41,435
41,549
41,264
39,58
10,500
41,228
39,274
41,656
11,273
51,138
10,352
41,685
46,141
41,572
41,244
41,220
10,122
41,432
41,348
41,595
41,444
41,63
41,91
41,43
41,330
41,6
41,55
41,402
13,358
11,293
4,614
41,531
41,105
10,93
41,455
41,69
24,31
41,212
41,396
10,140
10,388
41,313
10,560
10,625
41,222
10,209
41,484
41,646
41,450
41,616
41,56
41,615
14,144
53,107
29,28
41,363
41,210
39,645
41,587
41,75
41,647
44,100
52,125
41,418
41,669
41,235
41,541
41,506
10,603
41,491
39,300
41,94
41,88
41,518
41,286
41,382
41,318
41,504
10,46
41,478
41,453
41,338
41,357
41,523
41,568
28,205
29,211
30,653
41,457
