42,50
63,293
27,579
34,100
24,701
57,607
39,264
67,587
24,525
47,128
19,688
5,545
63,663
39,99
28,245
41,19
25,294
82,574
39,676
39,185
74,308
39,523
39,632
24,239
39,590
47,123
64,356
84,665
95,389
64,130
44,698
20,555
45,639
39,337
21,442
88,320
89,67
39,338
69,23
70,76
39,168
26,227
25,329
26,105
40,679
20,418
88,692
12,388
31,289
39,54
92,146
63,524
5,491
39,385
39,396
30,612
20,154
39,435
26,155
63,699
39,591
39,458
21,381
12,284
65,296
7,554
39,420
56,61
39,498
39,97
39,374
33,642
63,58
60,156
60,530
39,536
18,118
72,459
11,392
41,478
12,474
39,110
63,626
23,553
96,275
24,589
35,397
26,304
39,288
45,428
34,602
43,34
23,666
23,286
36,497
58,7
39,162
100,229
39,522
39,519
56,283
27,425
73,208
98,176
39,278
24,166
23,684
68,125
20,126
39,266
20,473
24,334
39,22
9,623
24,20
30,363
73,38
39,41
69,343
25,492
44,421
63,69
39,453
20,470
39,14
39,82
23,187
39,219
46,494
39,496
56,371
103,313
69,70
98,234
24,189
63,661
69,465
25,350
25,572
24,355
82,159
20,624
2,391
49,596
44,431
39,615
48,89
67,167
75,71
69,62
25,565
12,113
22,311
39,611
39,315
39,25
98,317
63,307
39,55
52,613
26,647
39,490
76,621
35,346
41,508
39,655
39,95
39,387
25,237
100,297
87,449
19,164
12,506
31,680
12,357
39,232
45,594
41,566
62,87
96,592
24,645
62,520
44,4
32,265
39,700
58,556
39,410
69,322
39,694
79,91
69,436
69,196
25,599
49,486
25,345
34,367
20,401
55,316
24,72
14,178
98,548
26,544
25,443
45,165
69,249
27,80
24,390
39,600
63,648
20,16
63,45
63,353
88,603
20,298
63,511
14,468
24,549
25,636
39,593
45,1
63,261
100,259
69,244
20,92
22,177
26,204
39,220
24,33
39,90
63,183
24,416
35,145
6,121
39,31
96,9
26,618
35,617
62,695
39,448
83,135
8,231
61,86
68,383
43,115
39,217
23,228
58,408
102,5
41,207
21,472
25,106
25,609
3,446
26,24
24,483
69,475
49,558
5,669
43,255
25,675
43,580
26,140
88,378
39,181
34,672
39,269
74,439
20,199
24,291
69,323
84,112
100,399
69,505
22,570
39,93
19,335
11,246
39,84
28,450
85,664
69,429
69,94
39,107
39,463
69,649
39,499
90,405
39,127
39,557
21,274
24,562
19,225
39,153
39,460
11,414
39,424
35,627
42,678
80,268
17,197
74,584
87,57
11,224
39,214
63,481
69,109
39,46
39,142
20,454
75,479
39,309
61,512
39,111
21,605
39,502
33,32
39,641
85,375
54,359
39,210
61,124
34,659
24,422
50,364
50,569
63,373
97,441
63,690
39,601
88,488
21,537
13,348
62,559
39,638
23,411
16,250
39,35
39,314
63,290
85,63
63,689
84,331
39,413
31,417
34,361
37,11
10,292
21,276
69,172
39,404
66,252
31,509
40,169
68,151
39,139
39,660
35,120
69,43
20,527
28,466
19,193
73,195
39,682
20,515
56,260
69,218
34,203
8,251
52,138
30,17
39,640
65,487
20,262
39,254
20,59
56,161
78,696
24,44
6,236
65,542
39,202
63,42
24,471
69,226
39,622
27,577
35,88
39,610
39,102
41,206
39,567
39,3
96,386
63,543
74,528
39,685
39,534
28,504
24,691
88,500
34,56
68,116
13,370
19,49
23,625
15,174
69,437
24,352
64,344
34,551
21,631
14,184
21,398
20,279
50,576
44,620
21,634
39,461
69,438
39,15
39,360
20,464
18,257
20,564
39,144
64,194
60,325
39,415
23,324
69,26
39,10
98,129
93,635
84,147
39,646
34,552
31,160
28,369
24,604
98,469
20,477
39,445
41,319
69,175
53,152
24,546
17,173
24,64
35,81
23,48
64,568
69,79
39,295
20,277
86,303
64,216
63,526
39,462
39,200
22,412
28,485
14,550
23,332
49,403
39,347
25,582
68,670
42,517
51,616
39,447
26,300
24,423
39,77
39,336
24,687
5,697
51,406
39,12
20,476
56,541
20,53
56,595
24,258
63,532
14,529
34,368
25,241
20,114
83,66
38,588
39,379
39,233
83,83
39,158
56,484
39,339
39,73
39,382
23,535
30,230
63,122
20,305
56,563
29,221
23,341
35,575
83,136
37,2
25,597
83,394
42,211
20,674
94,215
65,212
25,533
99,52
17,328
81,677
39,656
34,457
69,209
39,13
39,326
39,501
39,60
14,179
25,333
29,662
4,182
39,238
83,578
4,426
63,27
29,456
63,30
39,547
20,451
59,585
69,409
76,321
5,312
26,242
29,514
41,65
39,380
12,637
64,652
41,619
42,651
13,372
31,614
52,608
39,351
39,75
39,74
34,653
23,427
24,96
21,186
82,247
69,538
22,480
63,482
49,68
39,503
35,650
27,131
12,101
20,376
23,495
89,365
39,198
71,583
39,6
63,693
28,243
26,108
62,354
39,467
24,402
83,148
10,8
55,349
20,561
64,430
77,657
39,539
7,444
39,133
39,281
39,273
35,407
42,191
35,384
5,119
39,192
63,282
69,366
34,419
41,39
20,285
39,673
40,598
52,188
20,452
78,270
39,205
66,306
24,521
27,668
39,223
39,137
38,256
65,358
39,150
17,573
24,40
24,78
65,493
28,507
37,240
26,581
39,681
39,489
31,510
39,531
20,18
105,560
79,141
99,434
31,342
39,28
99,271
28,318
46,340
42,280
65,455
21,163
39,540
25,586
20,310
39,149
88,654
93,190
34,629
52,299
38,606
41,377
23,518
56,667
65,395
65,301
60,267
75,21
36,683
63,362
69,117
101,103
20,400
25,213
39,330
62,263
39,36
23,643
39,47
39,171
74,302
69,37
24,571
10,287
104,51
24,686
69,432
63,157
24,134
39,440
63,201
20,104
39,630
35,516
83,633
25,272
74,170
39,98
29,222
91,658
16,180
39,85
21,393
20,235
29,327
39,644
68,433
34,703
24,513
26,29
15,628
39,671
39,132
34,248
39,143
1,702
93,253
