25,564
76,532
76,151
76,452
76,372
60,475
39,422
76,539
61,476
121,88
125,593
76,210
76,507
76,78
29,596
76,65
76,509
112,220
61,99
61,165
71,279
76,84
76,196
67,310
122,406
76,521
120,296
80,12
76,79
76,407
75,16
86,303
76,558
77,23
76,625
24,392
61,340
122,4
75,216
130,365
7,209
12,515
76,56
76,437
76,562
76,234
121,120
35,546
126,627
37,351
76,495
75,371
76,529
37,344
46,395
76,439
76,145
75,149
21,277
26,519
25,482
26,161
64,300
110,366
76,110
76,584
70,606
76,187
76,350
95,294
58,308
22,53
25,347
81,283
67,43
108,213
119,607
76,360
76,173
86,223
76,465
76,45
75,585
76,413
76,536
60,218
14,158
76,321
76,200
61,621
25,569
76,81
85,224
111,111
85,66
96,493
76,114
117,46
76,178
122,212
92,113
110,487
46,469
75,89
60,115
114,13
90,135
75,333
124,8
76,500
76,597
60,97
76,555
76,228
76,592
73,44
76,280
72,622
53,603
76,5
3,259
126,570
32,57
42,619
25,22
105,17
77,510
93,3
75,561
107,69
86,324
26,260
32,553
54,383
76,281
76,291
77,82
27,26
26,479
6,602
94,342
128,315
22,85
32,363
76,236
90,30
13,498
114,29
76,225
75,524
76,313
17,468
43,573
131,198
84,626
79,444
71,580
76,238
86,335
76,533
76,289
57,176
75,586
27,245
76,591
26,249
77,471
76,599
1,168
3,620
26,33
75,528
76,282
38,401
26,192
76,269
98,35
76,51
122,2
41,298
58,136
45,214
73,385
65,560
53,359
27,292
76,615
48,484
25,550
111,257
34,480
76,429
85,556
40,92
13,425
76,117
25,409
76,322
66,554
76,472
22,450
77,445
25,514
122,325
47,263
69,217
95,527
68,68
76,604
76,440
58,14
76,160
76,104
76,587
73,577
76,456
76,108
76,631
123,448
76,629
98,618
85,301
76,581
76,39
76,497
61,58
25,364
76,397
60,163
2,424
77,458
26,339
46,382
76,150
25,361
76,31
23,457
76,540
63,582
113,567
9,172
60,490
36,434
3,83
76,253
39,346
61,415
60,129
76,511
85,52
1,594
3,167
75,202
62,34
22,137
3,605
76,231
56,127
76,600
76,537
80,410
97,544
76,288
84,116
53,305
60,183
99,215
25,595
76,338
51,156
85,508
86,157
28,21
62,118
61,461
13,67
76,75
61,624
76,24
76,428
76,199
76,208
76,206
117,502
65,28
85,261
59,74
78,278
76,19
86,247
76,394
76,90
45,20
76,473
56,9
76,489
18,275
76,37
60,226
76,357
75,6
127,229
76,266
25,248
73,86
83,504
116,105
76,571
122,242
76,112
60,417
86,311
76,299
52,254
76,274
126,535
26,181
19,464
65,211
3,71
76,370
76,393
28,513
76,408
76,389
25,486
10,334
114,287
18,239
118,427
22,184
3,285
76,319
59,63
76,566
117,387
116,551
74,542
75,270
76,447
37,531
76,314
27,265
76,185
15,119
75,134
76,549
116,380
113,295
76,258
76,162
1,193
131,250
25,286
25,430
28,93
61,572
39,222
76,95
76,377
75,271
19,155
76,412
75,264
76,272
76,462
33,557
46,159
8,131
58,312
76,80
76,32
12,290
29,390
82,579
13,306
85,375
3,608
128,388
56,496
37,146
75,107
76,399
26,207
76,518
3,70
64,96
88,101
59,559
86,128
34,141
76,177
58,221
61,262
76,609
111,474
75,267
45,483
91,543
20,188
76,354
1,491
22,1
103,268
45,189
76,326
76,416
58,598
76,197
77,73
127,235
84,125
76,203
31,435
75,227
25,494
60,61
27,91
26,355
114,304
25,530
76,545
36,421
75,526
76,132
113,432
65,588
66,139
76,610
85,523
109,438
26,171
45,481
75,419
25,166
45,384
76,317
26,62
76,175
76,60
45,232
125,630
45,343
76,454
76,418
111,449
50,164
75,186
27,138
76,520
131,201
76,331
128,72
27,143
18,403
75,255
75,576
75,237
46,517
122,36
70,273
86,356
104,616
58,323
76,15
122,374
115,485
76,601
76,613
3,414
76,362
76,318
61,522
100,455
76,329
76,297
21,506
106,512
76,400
76,59
26,477
76,345
101,501
76,568
30,152
59,195
76,376
3,147
61,276
75,42
25,373
126,87
76,628
25,293
76,534
89,525
75,611
76,552
44,405
76,590
15,182
80,436
45,441
60,443
3,503
20,433
76,398
79,368
76,55
76,459
75,233
20,103
58,617
76,124
76,538
11,153
24,499
95,205
76,180
22,194
76,50
19,341
26,54
76,381
45,423
25,243
76,548
76,174
76,246
25,7
50,358
76,133
76,123
45,144
58,367
76,191
77,391
42,48
76,505
75,332
126,488
51,121
49,386
77,320
25,170
76,252
113,589
36,256
55,378
76,470
51,244
45,402
76,251
76,352
76,169
76,230
86,632
76,369
92,41
76,140
76,612
76,327
126,241
76,516
119,49
64,122
75,563
16,541
76,492
76,316
60,302
85,411
76,11
102,442
124,623
22,575
75,109
129,219
87,614
76,204
75,100
75,179
116,38
76,460
76,25
76,466
75,309
26,47
3,10
45,578
76,633
76,40
76,379
75,453
73,142
76,77
76,565
25,27
76,353
77,451
31,154
76,148
76,420
76,328
77,106
76,467
76,349
88,240
97,426
26,547
45,583
5,307
31,337
123,348
76,284
28,98
42,336
75,330
76,94
76,396
76,446
76,190
124,64
67,102
76,18
76,126
76,463
14,478
75,76
26,130
75,431
4,404
129,574
