77,421
79,411
15,17
15,207
61,476
17,513
61,681
64,700
57,279
61,147
45,149
64,428
15,636
15,327
15,187
61,585
61,440
64,441
61,638
61,60
61,677
61,416
64,240
64,113
61,384
64,132
15,110
9,152
44,604
61,321
17,399
15,610
64,169
61,219
15,594
61,20
64,77
61,5
61,64
61,204
61,400
61,339
17,503
64,167
61,622
28,499
64,362
64,473
61,103
15,527
64,508
15,635
15,666
61,216
17,7
11,612
61,454
15,232
61,260
61,693
15,526
45,497
17,252
61,439
61,262
64,221
61,511
64,16
17,229
64,41
61,280
45,698
61,554
61,128
6,540
61,114
61,494
15,561
64,304
64,154
57,684
61,39
61,600
64,261
15,40
15,184
61,97
34,354
61,423
64,76
17,139
41,21
17,530
32,437
64,597
61,118
61,356
61,290
15,544
3,386
15,65
61,697
61,583
61,688
17,195
42,501
10,200
50,73
64,82
61,611
64,89
47,317
61,571
61,448
64,49
15,133
64,430
61,98
61,276
64,521
42,319
14,447
61,663
64,183
3,263
45,312
41,54
61,71
55,696
64,202
64,690
61,102
61,652
45,628
45,302
61,655
57,538
15,496
61,672
12,461
14,433
61,178
15,123
11,575
61,648
15,584
61,590
64,479
61,617
64,182
62,664
61,609
61,602
61,514
47,436
15,486
61,488
61,190
64,640
61,326
64,413
64,268
64,369
15,676
61,57
64,649
61,593
61,83
61,429
64,485
64,298
61,553
45,425
61,30
64,287
53,160
61,460
61,517
64,644
15,542
46,328
61,373
61,87
61,365
15,558
46,667
61,157
15,408
64,380
61,427
15,42
64,581
63,468
15,464
61,224
61,104
64,596
64,25
64,606
61,38
64,237
61,34
64,492
61,574
1,475
45,36
61,174
15,306
19,407
7,406
39,415
18,142
61,153
64,417
64,375
61,355
51,493
64,599
61,136
14,539
61,342
19,569
69,96
61,310
62,59
61,536
15,598
15,168
61,370
64,226
49,177
61,145
64,463
64,565
29,213
64,686
61,699
61,196
64,389
61,469
15,378
15,311
15,404
14,238
15,10
85,608
61,284
79,336
64,165
15,466
64,297
61,22
64,682
69,452
64,158
52,247
15,673
64,502
59,481
61,434
61,351
61,577
61,591
15,374
62,67
64,545
64,692
61,381
57,19
64,403
15,573
64,172
15,74
15,665
15,507
61,314
74,45
65,119
61,265
61,451
64,296
15,225
15,151
61,193
64,159
25,18
61,490
57,680
64,131
61,201
49,528
15,236
17,579
44,658
64,394
62,632
61,376
61,117
64,689
31,446
64,385
61,519
64,95
61,124
15,391
61,197
45,350
84,641
64,345
61,214
61,148
61,26
13,251
61,582
15,605
65,529
61,161
26,624
61,668
15,661
61,24
15,509
64,555
64,309
64,472
61,218
61,359
61,379
60,215
17,477
66,163
15,230
50,533
15,111
64,150
61,66
15,419
36,33
61,397
57,639
57,601
61,387
64,267
15,551
64,289
45,683
15,675
16,171
45,516
64,199
61,120
15,410
56,643
61,162
61,44
61,239
35,458
17,637
64,694
80,37
15,691
61,409
8,371
15,631
61,115
15,48
15,512
45,303
61,130
61,524
64,343
58,325
61,234
61,198
61,272
64,630
15,398
61,295
64,324
61,233
61,570
25,642
64,462
61,618
64,438
61,68
64,266
12,192
61,8
72,456
64,443
68,84
15,109
64,12
15,51
12,255
64,495
64,47
61,634
61,249
42,179
17,175
61,270
61,90
15,299
61,619
61,253
61,281
64,79
64,483
61,607
65,80
61,23
64,285
61,189
61,383
61,301
4,705
64,203
57,258
61,70
45,701
61,166
15,562
61,505
45,170
61,323
61,335
61,654
61,414
43,316
16,412
61,278
61,651
15,331
61,471
61,329
64,259
61,392
61,254
61,223
15,515
64,678
17,137
57,550
64,620
61,9
61,341
73,81
20,288
62,269
61,623
28,687
61,445
17,340
64,467
40,674
64,420
41,552
61,578
61,372
64,353
61,129
61,390
15,470
61,449
57,277
61,629
61,108
72,333
67,217
64,256
61,176
15,556
61,291
61,231
64,1
28,566
61,588
15,520
61,2
46,248
64,626
20,360
61,679
61,670
15,246
61,308
15,589
64,349
31,346
61,206
61,422
61,426
64,62
61,173
61,11
15,557
61,564
15,671
61,307
61,532
61,135
27,126
64,580
29,535
61,134
61,72
64,368
15,29
61,703
64,294
61,181
61,704
70,186
64,482
61,155
33,112
64,401
79,121
61,106
15,702
37,431
64,534
15,459
61,92
61,127
64,257
64,361
61,334
17,510
45,53
64,337
48,548
45,85
61,78
15,650
61,522
61,480
61,320
29,344
61,322
15,366
61,275
61,621
15,498
15,271
15,4
15,241
57,567
64,563
57,180
61,465
61,242
64,364
54,633
45,367
61,27
15,537
19,487
61,377
64,191
15,292
45,282
61,525
76,50
15,101
2,86
61,61
64,592
61,660
14,559
61,543
61,208
61,143
15,243
61,405
58,474
64,15
45,245
61,695
64,283
61,659
61,613
61,442
15,3
22,116
78,546
86,52
61,250
61,315
15,35
61,627
61,586
16,227
61,393
61,347
61,305
61,156
61,146
64,576
61,185
30,547
61,13
64,332
61,489
64,99
61,657
61,188
61,32
61,164
61,395
15,194
17,14
11,424
21,662
61,435
64,549
64,264
57,58
15,500
61,228
57,274
64,656
19,273
81,138
15,352
61,685
75,141
64,572
64,244
64,220
15,122
64,432
61,348
61,595
64,444
61,63
64,91
61,43
64,330
64,6
64,55
61,402
23,358
20,293
5,614
61,531
61,105
15,93
65,455
61,69
38,31
64,212
61,396
15,140
15,388
64,313
15,560
15,625
64,222
15,209
61,484
61,646
61,450
61,616
61,56
64,615
24,144
83,107
45,28
61,363
61,210
57,645
64,587
61,75
61,647
71,100
82,125
64,418
61,669
61,235
64,541
61,506
15,603
61,491
57,300
61,94
64,88
61,518
64,286
61,382
61,318
64,504
15,46
61,478
61,453
61,338
61,357
61,523
64,568
43,205
44,211
46,653
64,457
