5,13
9,442
5,83
5,295
2,248
5,271
5,92
19,108
14,202
5,63
5,249
5,117
5,504
5,393
5,561
5,321
5,499
5,211
5,156
5,115
5,490
5,180
18,178
30,472
30,562
3,522
5,198
5,389
5,199
5,443
17,146
9,96
5,39
5,125
30,18
5,151
30,290
5,330
5,87
5,33
5,148
5,200
5,195
5,101
28,19
5,560
5,59
30,300
19,568
5,56
5,571
19,564
5,325
5,419
5,15
5,139
5,501
5,174
5,299
5,261
5,528
5,536
5,401
11,279
5,44
5,276
5,143
5,489
5,109
5,418
5,291
5,349
26,386
5,40
5,530
13,238
5,46
5,545
5,467
5,245
17,404
5,244
5,378
5,29
5,67
3,252
5,274
5,574
5,89
18,516
11,293
5,327
5,283
5,533
11,119
5,370
31,458
5,68
5,88
30,465
5,285
5,227
11,331
5,50
30,7
8,237
10,557
5,303
5,317
5,449
5,144
5,339
20,188
5,537
5,413
5,3
5,230
24,166
5,394
28,155
30,20
9,372
5,240
30,366
5,203
5,583
5,513
5,11
30,487
30,258
5,269
6,579
5,322
22,414
5,53
30,152
20,556
30,255
5,131
14,243
5,420
5,368
5,221
5,428
30,553
5,316
30,491
5,278
22,65
5,286
5,55
5,233
5,78
5,215
5,205
5,254
34,409
7,532
21,494
9,69
5,51
25,448
5,423
5,266
5,512
5,567
30,481
5,171
5,326
5,460
5,34
27,228
10,466
5,391
28,430
30,94
30,196
5,14
1,62
5,367
30,85
10,114
1,190
2,297
5,566
5,197
5,492
5,546
5,432
5,17
30,505
30,98
21,153
21,441
5,488
5,426
5,82
5,123
5,523
5,559
28,102
5,577
5,425
13,187
5,485
5,270
5,439
11,495
5,581
33,400
5,476
11,586
30,582
5,515
5,79
3,507
5,236
5,584
4,585
5,410
5,306
12,218
5,304
5,38
11,264
29,578
5,496
5,21
9,74
5,379
5,84
10,315
5,344
22,207
5,61
5,360
5,161
5,540
5,555
5,334
30,453
30,93
5,470
5,422
5,259
5,329
5,445
5,30
5,12
5,47
7,10
5,455
19,575
5,169
5,75
5,164
12,484
5,345
5,314
5,347
5,301
4,373
7,446
5,380
30,570
5,362
5,313
5,294
5,355
5,337
5,231
12,58
5,142
5,440
7,22
5,563
13,569
5,526
5,268
30,165
18,376
5,214
5,28
10,60
5,552
5,424
5,220
30,408
34,57
5,1
5,310
5,309
5,308
5,551
5,403
30,333
5,128
30,451
5,377
5,381
5,421
2,77
5,27
5,209
4,6
5,104
4,371
5,170
5,311
5,267
5,127
7,292
5,256
5,474
5,412
5,186
5,235
22,54
27,398
5,239
5,547
5,99
2,110
12,572
5,287
5,340
5,66
7,223
5,135
5,396
5,41
30,116
5,411
5,438
5,111
16,189
5,541
5,224
5,250
5,42
30,415
30,479
5,549
5,454
5,168
5,36
5,358
22,80
5,346
23,141
30,539
34,406
5,511
31,43
5,217
5,356
30,70
5,246
24,126
5,353
26,529
5,112
30,150
31,343
3,500
5,508
5,335
5,133
13,71
5,282
5,417
5,473
5,320
30,247
30,514
5,72
5,431
5,427
5,405
5,4
5,206
13,260
3,390
3,16
14,273
5,338
17,154
24,185
5,464
5,395
5,475
26,163
5,263
5,312
5,328
5,251
3,158
5,275
30,132
5,565
5,219
29,307
5,305
5,262
5,32
5,122
26,2
5,229
5,160
5,502
5,558
5,573
5,456
5,106
5,26
12,383
5,365
5,216
5,517
5,503
5,397
5,384
5,86
5,534
5,5
5,184
5,435
5,302
26,554
5,323
5,183
5,179
30,64
30,542
2,208
16,103
30,95
5,548
5,225
5,212
5,461
5,91
5,182
30,284
5,232
5,173
26,107
5,531
5,222
26,521
5,518
16,416
5,272
5,324
5,257
8,277
13,525
5,76
30,369
5,480
11,457
16,204
30,382
5,520
5,49
5,8
5,497
30,543
26,527
5,52
18,253
5,23
5,281
5,471
5,90
5,509
27,538
30,137
5,113
13,159
5,193
35,194
15,348
5,149
5,134
15,234
5,318
5,462
5,506
5,580
5,436
5,336
29,452
5,31
5,81
5,387
19,140
32,9
5,385
5,483
5,486
9,350
3,130
5,177
5,341
16,576
5,433
5,129
20,288
26,524
5,181
5,176
5,437
5,399
5,296
5,588
3,544
12,191
30,121
13,48
12,138
5,24
5,434
30,374
13,37
5,535
19,100
5,550
5,444
5,136
12,459
5,478
5,468
2,105
30,145
5,351
5,167
20,35
5,242
5,147
5,357
11,519
19,280
30,298
5,192
5,332
5,342
11,463
5,241
30,363
5,124
5,375
5,25
2,265
5,213
5,226
5,493
9,402
5,201
5,175
5,45
5,120
5,172
5,319
6,477
5,354
5,97
5,364
5,407
5,510
5,73
5,429
9,469
5,447
5,361
30,450
5,392
5,359
5,118
16,388
5,162
5,352
5,289
5,157
5,210
5,498
36,482
30,587
