35,13
59,442
33,83
19,295
5,248
40,271
33,92
102,108
83,202
33,63
33,249
33,117
33,504
33,393
33,561
16,321
33,499
33,211
33,156
33,115
33,490
33,180
97,178
145,472
137,562
8,522
40,198
34,389
33,199
33,443
95,146
59,96
33,39
33,125
142,18
24,151
146,290
33,330
33,87
33,33
40,148
39,200
27,195
33,101
128,19
33,560
33,59
145,300
102,568
33,56
33,571
101,564
33,325
40,419
33,15
33,139
35,501
33,174
33,299
34,261
33,528
33,536
33,401
66,279
33,44
40,276
33,143
33,489
33,109
29,418
46,291
21,349
119,386
33,40
33,530
79,238
40,46
33,545
33,467
23,245
94,404
33,244
33,378
33,29
33,67
6,252
33,274
33,574
33,89
99,516
68,293
33,327
33,283
33,533
66,119
33,370
151,458
33,68
40,88
144,465
33,285
33,227
66,331
40,50
143,7
57,237
63,557
33,303
33,317
40,449
39,144
28,339
104,188
33,537
33,413
39,3
33,230
114,166
33,394
127,155
145,20
59,372
33,240
132,366
33,203
30,583
40,513
31,11
145,487
145,258
33,269
52,579
46,322
110,414
40,53
148,152
105,556
145,255
33,131
84,243
25,420
33,368
33,221
33,428
143,553
33,316
140,491
33,278
111,65
28,286
33,55
33,233
33,78
16,215
33,205
33,254
157,409
54,532
108,494
60,69
33,51
117,448
50,423
33,266
33,512
33,567
142,481
24,171
33,326
40,460
33,34
125,228
64,466
33,391
129,430
145,94
145,196
33,14
1,62
33,367
145,85
65,114
2,190
4,297
17,566
40,197
33,492
33,546
39,432
33,17
145,505
135,98
107,153
109,441
33,488
33,426
33,82
33,123
33,523
33,559
129,102
33,577
33,425
81,187
33,485
19,270
33,439
66,495
40,581
154,400
33,476
67,586
136,582
33,515
33,79
10,507
29,236
33,584
13,585
32,410
33,306
69,218
40,304
39,38
67,264
130,578
33,496
33,21
60,74
33,379
33,84
65,315
33,344
110,207
40,61
33,360
33,161
33,540
40,555
33,334
134,453
142,93
33,470
33,422
33,259
29,329
21,445
33,30
33,12
39,47
55,10
33,455
100,575
33,169
33,75
40,164
75,484
33,345
33,314
20,347
33,301
15,373
53,446
33,380
136,570
33,362
40,313
33,294
33,355
33,337
33,231
73,58
16,142
33,440
56,22
33,563
78,569
33,526
33,268
150,165
97,376
47,214
33,28
65,60
33,552
33,424
40,220
145,408
155,57
33,1
33,310
40,309
33,308
33,551
33,403
145,333
33,128
135,451
33,377
33,381
33,421
3,77
33,27
33,209
14,6
33,104
13,371
35,170
35,311
35,267
40,127
53,292
33,256
33,474
33,412
33,186
33,235
112,54
124,398
45,239
33,547
33,99
3,110
74,572
33,287
33,340
33,66
53,223
33,135
33,396
33,41
135,116
31,411
33,438
46,111
88,189
33,541
16,224
33,250
40,42
145,415
133,479
42,549
33,454
33,168
23,36
33,358
111,80
33,346
113,141
143,539
156,406
28,511
151,43
33,217
29,356
139,70
24,246
115,126
33,353
121,529
33,112
132,150
152,343
9,500
33,508
33,335
33,133
80,71
33,282
40,417
33,473
33,320
146,247
138,514
33,72
37,431
33,427
33,405
33,4
37,206
81,260
8,390
7,16
85,273
33,338
96,154
116,185
33,464
16,395
33,475
123,163
33,263
33,312
49,328
40,251
12,158
40,275
145,132
33,565
33,219
131,307
36,305
33,262
22,32
25,122
118,2
35,229
33,160
33,502
39,558
40,573
33,456
33,106
38,26
73,383
44,365
33,216
33,517
33,503
37,397
33,384
33,86
32,534
33,5
33,184
21,435
33,302
120,554
33,323
21,183
33,179
145,64
146,542
4,208
89,103
145,95
39,548
33,225
33,212
33,461
33,91
33,182
144,284
33,232
33,173
121,107
33,531
33,222
122,521
37,518
90,416
33,272
41,324
33,257
58,277
76,525
33,76
148,369
33,480
67,457
92,204
133,382
18,520
33,49
33,8
33,497
143,543
120,527
33,52
98,253
33,23
43,281
40,471
48,90
33,509
126,538
149,137
38,113
77,159
33,193
158,194
87,348
33,149
33,134
86,234
33,318
33,462
33,506
33,580
33,436
33,336
130,452
33,31
33,81
33,387
102,140
153,9
33,385
46,483
33,486
61,350
11,130
33,177
33,341
91,576
33,433
46,129
106,288
118,524
26,181
33,176
33,437
21,399
33,296
33,588
11,544
72,191
141,121
82,48
71,138
33,24
33,434
145,374
78,37
33,535
103,100
33,550
28,444
33,136
70,459
33,478
33,468
5,105
147,145
33,351
33,167
106,35
25,242
33,147
39,357
66,519
102,280
145,298
33,192
33,332
40,342
66,463
38,241
144,363
36,124
32,375
33,25
3,265
33,213
33,226
33,493
61,402
33,201
33,175
33,45
33,120
33,172
33,319
51,477
33,354
33,97
33,364
33,407
33,510
33,73
40,429
62,469
33,447
33,361
145,450
33,392
33,359
33,118
93,388
33,162
33,352
33,289
33,157
33,210
33,498
159,482
145,587
