30,307
30,518
30,190
20,422
19,622
3,230
30,494
21,7
22,371
33,500
30,749
28,497
32,534
30,711
53,19
30,717
24,635
20,627
30,742
30,713
18,203
17,463
30,583
30,747
30,323
30,496
30,723
24,690
34,661
40,670
19,70
15,701
65,639
30,358
19,283
47,399
44,510
57,158
31,609
18,150
30,710
43,391
17,737
24,550
9,188
30,453
30,472
29,567
49,738
62,236
62,529
4,434
31,14
30,593
30,699
33,278
30,235
30,71
30,25
30,605
30,382
60,630
18,46
30,473
65,435
30,603
19,644
32,604
73,172
30,152
30,201
30,153
30,720
30,340
18,741
3,269
4,731
30,298
4,488
9,41
30,378
4,458
2,480
58,743
30,705
19,255
18,576
39,229
19,479
30,396
30,442
31,633
30,383
19,78
30,218
30,548
21,189
30,133
32,261
30,111
64,20
5,267
49,281
30,328
73,678
77,415
18,318
24,142
17,504
30,522
30,681
44,572
19,707
13,259
4,96
30,200
82,3
30,125
60,372
20,695
30,613
6,220
32,694
60,162
30,573
30,72
35,512
34,539
56,73
30,407
58,433
79,179
30,379
71,507
30,698
30,598
9,532
19,315
30,360
30,525
30,338
30,735
68,725
9,226
67,728
2,100
30,553
19,543
58,93
30,74
30,257
30,658
30,537
30,34
51,57
10,493
30,653
30,334
30,126
19,85
20,621
30,600
30,240
30,570
30,198
18,224
30,171
19,417
30,623
30,157
30,136
30,186
37,64
30,716
30,719
30,536
4,364
56,652
30,599
5,47
18,205
30,317
30,183
18,81
18,116
30,509
31,195
30,250
30,165
30,571
9,246
44,151
49,335
56,175
30,498
9,313
9,555
30,620
56,578
30,169
30,24
30,1
30,395
58,61
30,732
30,637
56,446
21,692
62,666
42,629
30,277
30,309
40,23
31,714
16,540
59,523
16,592
30,292
58,381
30,746
62,147
27,703
80,141
30,270
4,615
30,306
21,607
30,297
30,182
30,359
21,410
20,176
17,726
32,202
30,95
30,736
30,228
76,118
19,343
30,730
19,58
30,414
16,471
24,60
62,709
30,486
6,443
11,683
24,11
30,424
57,211
30,291
30,485
1,533
30,404
58,242
30,515
19,680
30,521
21,272
30,481
19,159
31,589
23,568
30,167
4,140
30,110
23,559
30,403
30,342
19,16
30,501
9,139
60,206
59,426
4,405
30,503
30,341
31,27
52,212
30,331
64,686
30,684
50,641
58,631
78,252
27,505
49,344
19,355
33,314
30,447
30,495
20,474
9,624
73,357
62,483
30,398
30,712
24,367
48,98
19,706
9,164
9,2
18,54
21,406
30,347
30,619
9,418
30,420
19,490
54,665
17,632
30,451
30,676
30,352
73,366
30,163
30,370
19,59
63,580
42,237
6,325
30,350
24,502
30,362
5,664
30,90
30,544
3,660
57,26
30,663
19,380
73,327
30,170
30,584
17,130
23,449
30,91
32,421
30,587
30,55
30,389
30,135
30,174
14,154
19,66
30,121
19,265
60,104
30,253
15,48
30,638
49,640
19,279
30,588
24,552
30,92
30,214
30,53
30,39
19,642
30,662
60,187
30,263
16,724
30,601
30,400
60,636
19,466
30,99
30,234
30,13
57,68
21,430
9,439
42,339
41,123
30,393
30,748
30,290
30,56
30,693
30,10
7,29
65,597
16,128
19,127
6,222
30,287
60,12
30,647
9,477
33,594
19,476
30,289
30,354
18,258
30,557
30,394
31,560
18,241
2,35
30,262
30,348
30,148
30,563
30,89
17,590
56,301
30,160
20,94
8,138
16,454
30,530
30,319
36,346
30,546
30,361
66,516
30,271
30,535
30,332
48,239
30,168
58,67
30,437
72,541
17,5
48,387
32,369
17,464
14,657
30,634
30,31
30,113
19,86
19,628
5,750
32,436
8,310
42,667
30,18
30,4
4,669
1,120
30,293
30,161
7,232
30,491
24,654
30,411
60,668
30,616
19,729
24,562
2,462
44,305
30,374
70,208
18,484
52,231
21,595
30,511
19,655
9,227
32,260
63,8
18,97
62,9
53,401
30,547
30,460
30,107
30,21
73,166
19,538
19,554
18,184
30,181
30,564
30,468
9,40
30,185
21,478
30,75
30,87
46,304
30,63
9,397
30,649
20,43
60,428
30,431
30,606
30,336
30,408
30,519
30,574
74,520
30,233
30,22
30,673
30,312
30,109
30,217
6,581
30,386
9,413
30,243
30,733
21,659
30,365
2,215
4,517
30,558
19,687
16,17
30,689
17,299
17,596
30,356
30,455
30,28
2,648
30,44
11,744
57,249
58,108
30,450
19,244
60,324
30,677
30,682
30,650
19,337
30,264
30,268
18,700
30,561
30,674
19,32
60,351
30,651
30,345
61,432
19,114
18,551
30,173
58,416
30,672
13,88
31,444
30,115
18,77
30,82
42,225
19,177
24,514
30,266
19,52
23,276
21,611
19,625
18,79
2,102
7,438
30,180
30,326
51,708
30,524
30,402
30,83
30,645
17,146
45,456
30,565
58,513
30,685
44,76
30,329
16,585
45,6
30,506
30,122
3,388
67,322
30,247
31,445
30,254
19,608
9,375
30,465
30,392
19,591
21,303
24,197
34,308
30,45
30,80
30,508
31,727
56,294
30,702
30,721
30,273
17,137
30,489
9,302
30,144
76,191
4,196
60,482
30,643
63,448
30,566
20,618
57,715
7,384
30,412
30,440
30,156
30,526
30,248
30,722
4,691
58,531
30,452
19,492
30,349
30,363
30,675
30,119
30,368
19,124
30,740
31,274
30,62
29,390
30,612
31,542
30,275
31,216
7,256
30,219
2,549
61,149
19,688
24,577
17,285
23,131
26,425
30,204
30,626
20,528
21,84
42,469
19,51
30,753
16,209
30,296
30,50
31,221
30,245
30,646
30,545
30,671
19,614
20,320
20,467
30,282
63,101
38,194
17,199
25,602
60,207
30,409
24,178
30,129
49,251
30,617
30,527
23,373
30,330
30,38
3,15
30,470
24,311
58,704
24,739
30,49
60,679
30,745
33,103
30,353
30,193
66,288
75,429
30,423
30,300
23,284
30,36
9,487
30,280
55,461
30,569
30,155
30,112
2,718
30,579
30,734
30,37
30,192
30,457
30,210
7,656
30,556
30,376
44,321
30,441
30,42
9,582
12,575
30,30
31,213
30,377
30,33
9,65
30,385
21,419
30,696
30,69
30,333
16,105
44,316
30,475
30,295
30,499
30,697
49,134
60,459
30,427
30,586
30,145
24,143
49,751
30,238
30,610
33,106
30,132
19,286
69,223
81,752
62,117
