14,798
14,410
11,575
14,901
5,705
14,80
14,580
14,884
14,29
14,451
14,572
14,85
14,22
2,985
14,547
14,816
14,161
2,914
14,234
16,927
14,204
14,242
2,296
14,301
2,1036
14,746
14,1074
14,656
14,393
16,883
16,512
14,791
2,802
14,843
2,254
16,356
14,114
14,1014
14,544
14,413
14,961
14,730
14,594
14,69
14,817
14,428
2,767
14,1065
14,850
2,76
14,760
14,935
14,644
14,374
14,881
14,576
14,989
14,754
14,68
14,229
14,695
4,239
3,1018
14,943
2,632
14,260
2,1062
14,861
14,655
14,1063
14,972
14,1081
14,498
14,951
14,763
14,991
14,846
13,782
10,723
14,444
14,625
14,494
7,419
2,72
14,115
2,677
14,24
14,209
2,238
14,837
14,476
14,178
14,380
14,1000
3,1075
14,939
14,287
14,667
14,578
14,27
14,262
14,762
14,128
16,790
14,528
14,1033
14,364
2,622
14,740
14,557
14,771
14,758
16,345
14,327
14,593
14,968
14,471
14,425
14,437
2,32
14,608
14,495
14,944
14,1048
14,360
14,98
16,43
14,252
14,922
14,71
14,744
14,707
14,688
14,661
2,282
3,866
14,328
14,863
14,905
14,423
16,375
14,320
14,138
14,45
14,454
16,1071
14,830
14,398
14,196
14,946
2,506
14,774
14,959
14,882
14,155
14,603
14,911
14,10
14,501
14,394
14,118
14,776
14,783
14,1020
14,106
1,480
14,674
14,1029
14,1061
14,854
14,497
14,979
14,162
14,713
14,827
14,847
14,696
14,1017
14,1013
14,650
14,8
14,250
14,399
14,913
14,187
14,335
14,152
14,909
14,182
14,39
2,230
2,122
14,245
14,490
14,317
14,452
14,6
14,321
16,134
14,848
14,435
14,1050
2,964
14,1021
14,348
14,651
2,469
14,525
14,875
16,334
14,443
14,460
14,933
2,940
14,565
3,589
1,1042
14,606
14,7
14,404
14,967
16,1077
16,676
14,34
14,163
16,395
2,521
14,958
14,315
14,897
14,896
14,121
2,353
14,279
14,825
14,396
14,388
14,426
14,996
14,742
14,1022
14,90
14,862
14,669
14,73
14,639
14,401
14,188
16,636
14,948
14,144
14,379
14,206
14,212
14,418
2,251
14,954
14,1047
14,201
14,607
14,167
14,824
14,546
14,835
14,947
14,489
14,869
14,125
14,44
14,259
14,941
3,778
14,132
16,145
14,801
14,183
14,59
13,965
14,293
14,716
14,482
14,635
14,366
2,37
14,851
14,793
14,343
16,175
14,450
2,342
14,765
14,173
14,785
14,277
14,720
14,936
14,690
16,659
3,826
14,246
14,4
14,446
3,809
14,302
14,524
14,448
14,432
14,1010
14,916
14,478
14,496
2,97
14,1034
14,995
14,624
14,605
14,683
14,743
14,484
14,441
14,769
7,852
17,468
2,717
16,642
14,1044
14,945
14,48
14,314
14,646
2,463
2,149
14,545
14,714
14,235
14,590
2,92
14,810
2,54
2,626
14,858
14,592
14,1002
14,813
14,554
14,285
3,1009
14,596
14,617
16,409
14,295
14,1058
14,955
14,523
3,671
14,1060
2,1043
14,581
14,703
14,849
1,224
14,853
14,819
14,618
16,179
14,459
2,520
2,583
14,892
14,726
14,1027
14,281
14,595
14,534
14,58
14,770
16,363
16,57
14,615
14,530
14,840
2,877
14,267
14,406
14,369
14,103
14,719
14,159
13,263
3,807
2,795
14,329
14,215
14,445
14,70
14,491
14,283
14,96
14,436
14,893
14,91
1,225
14,449
14,220
14,153
14,918
14,833
14,508
14,112
14,535
14,814
14,99
14,156
14,1032
14,258
14,976
14,424
14,300
14,888
2,1041
3,341
14,143
14,573
14,13
14,371
14,297
14,993
14,66
14,680
2,682
14,1008
14,1056
14,292
14,202
14,732
14,868
14,1028
14,307
14,319
14,666
14,427
14,81
14,42
14,313
14,461
14,243
13,376
14,19
14,75
14,1007
14,241
14,597
14,310
14,147
14,195
14,473
14,929
2,555
14,74
14,1003
14,221
14,502
14,176
14,291
14,124
14,942
14,53
14,172
14,55
14,756
14,867
14,169
14,109
13,2
14,160
14,381
14,988
14,872
16,697
14,370
14,1066
14,586
14,174
14,815
14,963
14,526
3,540
14,962
14,982
14,969
14,462
2,731
14,515
14,17
14,519
14,588
14,569
14,1052
2,417
14,483
14,51
14,384
2,477
14,999
16,1030
14,784
2,433
14,591
16,336
14,392
2,834
14,40
14,548
2,908
14,289
16,702
2,1069
14,467
14,558
14,653
14,986
14,701
14,957
14,131
14,386
14,93
14,383
14,704
16,937
14,60
2,749
14,248
14,992
14,998
14,275
16,488
14,823
14,748
2,930
14,974
14,414
16,1070
13,637
14,148
14,518
14,1083
14,11
14,692
14,829
2,745
14,77
14,165
14,208
14,582
14,1076
14,407
14,268
14,910
2,629
2,538
2,100
14,41
2,500
16,1053
14,902
14,403
14,271
16,777
14,422
2,318
14,647
14,752
14,627
2,116
14,21
14,665
14,197
14,878
14,26
14,266
14,184
14,228
14,130
14,796
14,442
14,198
16,158
14,859
14,193
14,686
14,983
14,755
14,549
14,338
14,634
14,111
14,567
14,264
14,200
2,984
4,280
14,465
14,724
2,133
14,373
14,779
14,429
14,455
14,738
2,129
16,753
16,658
2,1049
2,269
14,657
14,678
14,137
14,94
16,1051
14,180
2,973
14,923
12,168
14,82
14,672
14,1072
14,831
14,464
14,856
16,880
14,305
14,1045
14,64
14,747
14,126
14,344
14,185
3,52
14,602
14,537
14,49
14,211
14,949
14,640
16,257
14,938
14,800
2,1067
16,308
14,276
14,150
16,551
14,255
2,270
14,855
14,599
14,541
14,190
14,247
16,781
14,1078
2,351
2,294
14,231
14,950
14,38
14,710
2,1019
14,15
4,359
14,358
14,773
14,527
14,16
2,170
14,140
14,123
14,101
2,177
14,171
14,362
14,400
14,1057
14,533
14,934
14,470
2,1079
14,750
8,387
14,352
14,466
14,522
2,620
3,46
14,194
14,416
14,891
14,504
15,1035
16,1068
14,681
14,553
14,485
14,253
14,456
16,1055
14,566
14,61
14,1054
14,1024
1,142
2,797
14,994
14,664
3,926
14,408
14,330
2,899
14,727
14,735
2,864
14,439
14,997
14,431
2,405
14,218
14,457
14,1037
14,1
14,273
14,139
14,412
14,481
2,56
14,236
14,237
2,552
14,513
16,691
14,306
2,205
14,309
14,87
14,88
14,1011
14,598
14,873
14,286
14,1039
14,219
16,510
14,453
14,186
14,240
14,349
14,438
14,385
14,631
2,736
14,440
2,768
14,493
14,316
14,584
14,346
14,698
14,894
14,102
14,189
14,772
14,1073
14,571
14,107
14,643
2,641
14,472
14,105
14,486
14,684
2,154
14,722
14,213
14,885
14,556
14,562
14,434
2,1031
13,585
3,326
14,244
14,609
4,924
14,903
13,12
14,164
14,577
14,633
14,1004
12,981
14,261
14,119
14,708
2,895
2,766
16,532
2,729
14,311
14,415
14,117
14,733
16,181
11,304
14,786
14,265
14,990
14,1064
14,411
2,232
14,28
2,110
2,728
16,1026
14,157
14,397
14,966
14,9
14,616
16,579
14,764
14,685
14,372
16,673
14,333
14,757
14,915
2,876
14,808
2,628
16,709
14,354
2,475
16,917
14,699
2,78
2,919
14,890
14,389
14,932
14,474
14,447
14,794
14,278
14,543
14,788
14,887
14,223
16,210
14,564
14,274
2,325
14,1001
14,842
14,199
14,660
2,706
14,127
14,612
14,652
14,805
3,1040
2,529
14,839
14,113
16,536
14,645
14,249
14,479
14,298
1,751
14,288
14,30
14,222
14,365
14,509
14,104
2,700
13,630
14,822
2,141
13,828
14,587
14,505
14,619
14,977
14,378
14,832
14,811
2,611
14,874
16,568
14,146
14,920
14,542
2,350
14,857
16,516
2,1059
14,900
14,20
14,649
14,31
1,931
14,739
14,377
14,906
14,1046
14,226
14,36
13,928
16,323
2,970
14,83
14,322
14,689
2,79
14,1015
14,799
16,623
14,812
14,3
16,956
13,5
14,514
14,820
14,980
14,610
14,721
14,761
14,860
14,550
14,33
14,560
14,780
14,718
14,1023
14,1080
14,836
14,675
14,382
14,663
14,886
2,18
2,391
14,337
14,987
6,492
14,821
14,1006
14,865
2,804
14,203
14,838
14,725
14,1038
14,613
14,67
14,1025
14,889
14,507
7,65
3,207
14,531
14,357
14,662
2,25
14,693
16,559
2,898
14,499
2,368
14,47
14,654
14,14
14,50
14,539
14,84
2,503
14,904
14,570
14,679
14,759
14,1005
14,324
14,430
14,648
14,561
14,135
14,191
14,563
14,340
16,960
14,806
14,621
14,1012
2,687
2,953
14,952
14,284
14,458
14,89
14,331
2,737
14,604
14,290
9,233
2,23
14,120
14,339
14,35
14,978
14,367
14,775
2,420
14,841
2,668
14,574
14,818
14,511
14,925
14,332
14,151
14,256
14,871
14,907
14,844
14,741
14,734
2,712
14,312
16,803
14,600
14,845
14,227
14,787
14,86
16,108
14,975
14,192
14,214
14,614
14,921
14,517
14,1016
14,402
14,912
14,217
14,166
14,1082
16,879
14,361
14,711
14,303
14,390
14,715
14,272
14,638
14,487
14,694
14,355
14,421
14,136
14,971
14,63
14,347
14,299
14,789
14,870
14,95
14,216
2,601
14,670
1,792
14,62
