21,307
21,518
21,190
14,422
14,622
3,230
21,494
15,7
15,371
23,500
21,749
20,497
22,534
21,711
41,19
21,717
16,635
14,627
21,742
21,713
13,203
13,463
21,583
21,747
21,323
21,496
21,723
16,690
23,661
29,670
14,70
11,701
50,639
21,358
14,283
36,399
33,510
44,158
22,609
13,150
21,710
32,391
13,737
16,550
6,188
21,453
21,472
21,567
37,738
47,236
47,529
4,434
22,14
21,593
21,699
23,278
21,235
21,71
21,25
21,605
21,382
46,630
13,46
21,473
50,435
21,603
14,644
22,604
57,172
21,152
21,201
21,153
21,720
21,340
13,741
3,269
4,731
21,298
4,488
6,41
21,378
4,458
2,480
45,743
21,705
14,255
13,576
28,229
14,479
21,396
21,442
22,633
21,383
14,78
21,218
21,548
15,189
21,133
22,261
21,111
49,20
4,267
37,281
21,328
57,678
60,415
13,318
16,142
13,504
21,522
21,681
33,572
14,707
10,259
4,96
21,200
64,3
21,125
46,372
14,695
21,613
5,220
22,694
46,162
21,573
21,72
24,512
23,539
43,73
21,407
45,433
61,179
21,379
55,507
21,698
21,598
6,532
14,315
21,360
21,525
21,338
21,735
52,725
6,226
52,728
2,100
21,553
14,543
45,93
21,74
21,257
21,658
21,537
21,34
39,57
7,493
21,653
21,334
21,126
14,85
14,621
21,600
21,240
21,570
21,198
13,224
21,171
14,417
21,623
21,157
21,136
21,186
26,64
21,716
21,719
21,536
4,364
43,652
21,599
4,47
13,205
21,317
21,183
13,81
13,116
21,509
22,195
21,250
21,165
21,571
6,246
33,151
37,335
43,175
21,498
6,313
6,555
21,620
43,578
21,169
21,24
21,1
21,395
45,61
21,732
21,637
43,446
15,692
47,666
31,629
21,277
21,309
29,23
22,714
12,540
46,523
12,592
21,292
45,381
21,746
47,147
19,703
62,141
21,270
4,615
21,306
15,607
21,297
21,182
21,359
15,410
14,176
13,726
22,202
21,95
21,736
21,228
59,118
14,343
21,730
14,58
21,414
12,471
16,60
47,709
21,486
5,443
8,683
16,11
21,424
44,211
21,291
21,485
1,533
21,404
45,242
21,515
14,680
21,521
15,272
21,481
14,159
22,589
16,568
21,167
4,140
21,110
16,559
21,403
21,342
14,16
21,501
6,139
46,206
46,426
4,405
21,503
21,341
22,27
40,212
21,331
49,686
21,684
38,641
45,631
61,252
19,505
37,344
14,355
23,314
21,447
21,495
14,474
6,624
57,357
47,483
21,398
21,712
16,367
37,98
14,706
6,164
6,2
13,54
15,406
21,347
21,619
6,418
21,420
14,490
41,665
13,632
21,451
21,676
21,352
57,366
21,163
21,370
14,59
48,580
31,237
5,325
21,350
16,502
21,362
4,664
21,90
21,544
3,660
44,26
21,663
14,380
57,327
21,170
21,584
13,130
16,449
21,91
22,421
21,587
21,55
21,389
21,135
21,174
10,154
14,66
21,121
14,265
46,104
21,253
11,48
21,638
37,640
14,279
21,588
16,552
21,92
21,214
21,53
21,39
14,642
21,662
46,187
21,263
12,724
21,601
21,400
46,636
14,466
21,99
21,234
21,13
44,68
15,430
6,439
31,339
30,123
21,393
21,748
21,290
21,56
21,693
21,10
6,29
50,597
12,128
14,127
5,222
21,287
46,12
21,647
6,477
23,594
14,476
21,289
21,354
13,258
21,557
21,394
22,560
13,241
2,35
21,262
21,348
21,148
21,563
21,89
13,590
43,301
21,160
14,94
6,138
12,454
21,530
21,319
25,346
21,546
21,361
51,516
21,271
21,535
21,332
37,239
21,168
45,67
21,437
56,541
13,5
37,387
22,369
13,464
10,657
21,634
21,31
21,113
14,86
14,628
4,750
22,436
6,310
31,667
21,18
21,4
4,669
1,120
21,293
21,161
6,232
21,491
16,654
21,411
46,668
21,616
14,729
16,562
2,462
33,305
21,374
54,208
13,484
40,231
15,595
21,511
14,655
6,227
22,260
48,8
13,97
47,9
41,401
21,547
21,460
21,107
21,21
57,166
14,538
14,554
13,184
21,181
21,564
21,468
6,40
21,185
15,478
21,75
21,87
35,304
21,63
6,397
21,649
14,43
46,428
21,431
21,606
21,336
21,408
21,519
21,574
57,520
21,233
21,22
21,673
21,312
21,109
21,217
5,581
21,386
6,413
21,243
21,733
15,659
21,365
2,215
4,517
21,558
14,687
12,17
21,689
13,299
13,596
21,356
21,455
21,28
2,648
21,44
8,744
44,249
45,108
21,450
14,244
46,324
21,677
21,682
21,650
14,337
21,264
21,268
13,700
21,561
21,674
14,32
46,351
21,651
21,345
47,432
14,114
13,551
21,173
45,416
21,672
10,88
22,444
21,115
13,77
21,82
31,225
14,177
16,514
21,266
14,52
16,276
15,611
14,625
13,79
2,102
6,438
21,180
21,326
39,708
21,524
21,402
21,83
21,645
13,146
34,456
21,565
45,513
21,685
33,76
21,329
12,585
34,6
21,506
21,122
3,388
52,322
21,247
22,445
21,254
14,608
6,375
21,465
21,392
14,591
15,303
16,197
23,308
21,45
21,80
21,508
22,727
43,294
21,702
21,721
21,273
13,137
21,489
6,302
21,144
59,191
4,196
46,482
21,643
48,448
21,566
14,618
44,715
6,384
21,412
21,440
21,156
21,526
21,248
21,722
4,691
45,531
21,452
14,492
21,349
21,363
21,675
21,119
21,368
14,124
21,740
22,274
21,62
21,390
21,612
22,542
21,275
22,216
6,256
21,219
2,549
47,149
14,688
16,577
13,285
16,131
18,425
21,204
21,626
14,528
15,84
31,469
14,51
21,753
12,209
21,296
21,50
22,221
21,245
21,646
21,545
21,671
14,614
14,320
14,467
21,282
48,101
27,194
13,199
17,602
46,207
21,409
16,178
21,129
37,251
21,617
21,527
16,373
21,330
21,38
3,15
21,470
16,311
45,704
16,739
21,49
46,679
21,745
23,103
21,353
21,193
51,288
58,429
21,423
21,300
16,284
21,36
6,487
21,280
42,461
21,569
21,155
21,112
2,718
21,579
21,734
21,37
21,192
21,457
21,210
6,656
21,556
21,376
33,321
21,441
21,42
6,582
9,575
21,30
22,213
21,377
21,33
6,65
21,385
15,419
21,696
21,69
21,333
12,105
33,316
21,475
21,295
21,499
21,697
37,134
46,459
21,427
21,586
21,145
16,143
37,751
21,238
21,610
23,106
21,132
14,286
53,223
63,752
47,117
