56,421
58,411
10,17
10,207
46,476
11,513
46,681
47,700
44,279
46,147
34,149
47,428
10,636
10,327
10,187
46,585
46,440
47,441
46,638
46,60
46,677
46,416
47,240
47,113
46,384
47,132
10,110
7,152
34,604
46,321
11,399
10,610
47,169
46,219
10,594
46,20
47,77
46,5
46,64
46,204
46,400
46,339
11,503
47,167
46,622
20,499
47,362
47,473
46,103
10,527
47,508
10,635
10,666
46,216
11,7
8,612
46,454
10,232
46,260
46,693
10,526
34,497
11,252
46,439
46,262
47,221
46,511
47,16
11,229
47,41
46,280
34,698
46,554
46,128
4,540
46,114
46,494
10,561
47,304
47,154
44,684
46,39
46,600
47,261
10,40
10,184
46,97
24,354
46,423
47,76
11,139
31,21
11,530
22,437
47,597
46,118
46,356
46,290
10,544
3,386
10,65
46,697
46,583
46,688
11,195
32,501
7,200
38,73
47,82
46,611
47,89
35,317
46,571
46,448
47,49
10,133
47,430
46,98
46,276
47,521
32,319
10,447
46,663
47,183
3,263
34,312
31,54
46,71
43,696
47,202
47,690
46,102
46,652
34,628
34,302
46,655
44,538
10,496
46,672
9,461
10,433
46,178
10,123
8,575
46,648
10,584
46,590
47,479
46,617
47,182
46,664
46,609
46,602
46,514
35,436
10,486
46,488
46,190
47,640
46,326
47,413
47,268
47,369
10,676
46,57
47,649
46,593
46,83
46,429
47,485
47,298
46,553
34,425
46,30
47,287
41,160
46,460
46,517
47,644
10,542
35,328
46,373
46,87
46,365
10,558
35,667
46,157
10,408
47,380
46,427
10,42
47,581
46,468
10,464
46,224
46,104
47,596
47,25
47,606
46,38
47,237
46,34
47,492
46,574
1,475
34,36
46,174
10,306
12,407
5,406
29,415
11,142
46,153
47,417
47,375
46,355
39,493
47,599
46,136
10,539
46,342
12,569
50,96
46,310
46,59
46,536
10,598
10,168
46,370
47,226
37,177
46,145
47,463
47,565
21,213
47,686
46,699
46,196
47,389
46,469
10,378
10,311
10,404
10,238
10,10
63,608
46,284
58,336
47,165
10,466
47,297
46,22
47,682
50,452
47,158
40,247
10,673
47,502
45,481
46,434
46,351
46,577
46,591
10,374
46,67
47,545
47,692
46,381
44,19
47,403
10,573
47,172
10,74
10,665
10,507
46,314
53,45
47,119
46,265
46,451
47,296
10,225
10,151
46,193
47,159
17,18
46,490
44,680
47,131
46,201
37,528
10,236
11,579
34,658
47,394
46,632
46,376
46,117
47,689
22,446
47,385
46,519
47,95
46,124
10,391
46,197
34,350
62,641
47,345
46,214
46,148
46,26
9,251
46,582
10,605
47,529
46,161
18,624
46,668
10,661
46,24
10,509
47,555
47,309
47,472
46,218
46,359
46,379
45,215
11,477
47,163
10,230
38,533
10,111
47,150
46,66
10,419
26,33
46,397
44,639
44,601
46,387
47,267
10,551
47,289
34,683
10,675
10,171
34,516
47,199
46,120
10,410
43,643
46,162
46,44
46,239
25,458
11,637
47,694
59,37
10,691
46,409
6,371
10,631
46,115
10,48
10,512
34,303
46,130
46,524
47,343
44,325
46,234
46,198
46,272
47,630
10,398
46,295
47,324
46,233
46,570
17,642
47,462
46,618
47,438
46,68
47,266
9,192
46,8
52,456
47,443
49,84
10,109
47,12
10,51
9,255
47,495
47,47
46,634
46,249
32,179
11,175
46,270
46,90
10,299
46,619
46,253
46,281
47,79
47,483
46,607
47,80
46,23
47,285
46,189
46,383
46,301
3,705
47,203
44,258
46,70
34,701
46,166
10,562
46,505
34,170
46,323
46,335
46,654
46,414
33,316
10,412
46,278
46,651
10,331
46,471
46,329
47,259
46,392
46,254
46,223
10,515
47,678
11,137
44,550
47,620
46,9
46,341
52,81
12,288
46,269
46,623
20,687
46,445
11,340
47,467
30,674
47,420
31,552
46,578
46,372
47,353
46,129
46,390
10,470
46,449
44,277
46,629
46,108
52,333
48,217
47,256
46,176
10,556
46,291
46,231
47,1
20,566
46,588
10,520
46,2
35,248
47,626
12,360
46,679
46,670
10,246
46,308
10,589
47,349
22,346
46,206
46,422
46,426
47,62
46,173
46,11
10,557
46,564
10,671
46,307
46,532
46,135
19,126
47,580
21,535
46,134
46,72
47,368
10,29
46,703
47,294
46,181
46,704
50,186
47,482
46,155
23,112
47,401
58,121
46,106
10,702
27,431
47,534
10,459
46,92
46,127
47,257
47,361
46,334
11,510
34,53
47,337
36,548
34,85
46,78
10,650
46,522
46,480
46,320
21,344
46,322
10,366
46,275
46,621
10,498
10,271
10,4
10,241
44,567
47,563
44,180
46,465
46,242
47,364
42,633
34,367
46,27
10,537
12,487
46,377
47,191
10,292
34,282
46,525
55,50
10,101
2,86
46,61
47,592
46,660
10,559
46,543
46,208
46,143
10,243
46,405
44,474
47,15
34,245
46,695
47,283
46,659
46,613
46,442
10,3
14,116
57,546
64,52
46,250
46,315
10,35
46,627
46,586
10,227
46,393
46,347
46,305
46,156
46,146
47,576
46,185
21,547
46,13
47,332
46,489
47,99
46,657
46,188
46,32
46,164
46,395
10,194
11,14
8,424
13,662
46,435
47,549
47,264
44,58
10,500
46,228
44,274
47,656
12,273
59,138
10,352
46,685
54,141
47,572
47,244
47,220
10,122
47,432
46,348
46,595
47,444
46,63
47,91
46,43
47,330
47,6
47,55
46,402
15,358
12,293
4,614
46,531
46,105
10,93
47,455
46,69
28,31
47,212
46,396
10,140
10,388
47,313
10,560
10,625
47,222
10,209
46,484
46,646
46,450
46,616
46,56
47,615
16,144
61,107
34,28
46,363
46,210
44,645
47,587
46,75
46,647
51,100
60,125
47,418
46,669
46,235
47,541
46,506
10,603
46,491
44,300
46,94
47,88
46,518
47,286
46,382
46,318
47,504
10,46
46,478
46,453
46,338
46,357
46,523
47,568
33,205
34,211
35,653
47,457
