50,661
69,1045
50,845
50,943
50,19
53,1007
53,529
53,582
50,245
50,70
37,959
50,917
50,381
28,130
50,220
51,325
50,58
50,212
50,672
51,1051
56,568
50,564
50,1015
48,781
15,1108
50,924
50,448
23,969
50,125
50,1047
50,870
50,332
50,466
50,188
50,1091
50,541
50,153
48,983
50,1113
55,300
50,236
53,352
50,1072
50,532
48,309
50,454
32,645
50,1012
50,1080
50,504
28,1020
50,668
53,389
59,1023
53,221
55,839
50,627
50,98
38,974
50,1096
50,78
50,988
50,259
50,430
24,1018
59,322
53,402
50,772
38,403
50,800
50,74
50,633
50,339
50,1021
50,589
50,906
23,386
50,497
35,1062
50,357
50,767
50,301
48,795
50,796
50,651
50,283
50,306
50,976
50,435
50,416
50,30
50,656
50,975
50,88
50,86
50,1119
53,1041
50,918
50,330
78,686
50,13
50,869
50,955
15,683
50,610
50,216
50,35
14,342
50,262
50,292
50,714
50,272
50,496
50,937
7,565
44,63
8,289
50,328
50,827
50,1057
13,482
50,298
48,499
51,1010
50,29
50,821
51,23
63,36
50,360
50,436
53,569
3,535
50,468
50,741
51,903
50,785
50,296
50,788
46,794
50,982
66,546
50,234
50,539
50,780
50,495
50,590
50,119
50,464
50,542
43,742
50,1087
23,92
50,249
9,673
50,510
50,773
50,106
50,462
50,792
50,1016
50,992
53,160
50,347
18,629
50,1089
53,175
50,443
50,545
50,614
50,145
45,1000
42,952
50,609
50,786
50,358
54,71
50,485
50,494
50,1048
12,769
50,1100
50,604
50,12
53,928
44,498
50,1026
68,933
50,846
43,862
63,797
50,755
2,1044
50,174
50,970
50,782
48,690
50,385
50,812
50,240
5,947
61,225
50,849
43,1076
50,15
50,178
37,193
53,893
50,637
50,1111
19,916
50,689
50,1092
50,371
50,362
53,183
50,603
66,704
66,994
56,995
50,156
50,413
23,359
5,1046
50,543
50,914
43,688
50,68
50,202
50,151
50,138
39,528
50,660
50,133
50,577
50,61
50,675
28,287
28,428
50,1093
50,367
50,980
30,263
50,483
50,380
50,516
79,920
43,1013
53,155
50,885
50,343
50,575
53,22
50,76
50,479
50,843
50,401
51,815
50,404
50,874
50,438
50,653
50,168
50,314
50,808
50,87
50,484
50,440
50,1058
50,967
50,291
50,824
50,9
50,270
50,126
50,787
50,1053
68,60
50,771
53,101
53,320
50,214
50,33
50,470
50,676
50,418
10,818
50,853
50,157
50,1099
50,275
50,267
50,269
50,763
50,195
37,973
50,143
50,80
50,105
50,912
50,444
50,866
16,857
43,647
50,930
48,606
50,682
50,476
12,1088
50,747
50,73
50,75
50,186
59,599
50,285
50,445
50,702
61,311
50,957
50,159
50,748
50,667
50,394
50,613
50,960
50,290
50,829
50,113
50,327
50,602
50,149
15,209
50,353
10,46
50,399
56,945
48,527
50,181
50,396
50,801
32,958
50,208
50,366
50,764
50,446
50,759
50,941
50,997
53,1107
53,749
82,931
50,856
50,392
50,57
43,254
48,579
61,987
50,316
50,687
50,774
50,148
43,266
50,82
50,826
53,895
5,956
50,118
50,85
50,1008
50,41
50,894
50,662
28,789
50,880
58,4
48,1005
9,459
34,256
65,433
50,944
50,642
50,835
50,882
50,517
39,524
50,329
50,566
9,228
53,1106
50,1033
50,730
50,907
50,1098
6,1042
50,761
50,754
50,909
50,913
50,109
50,95
50,410
50,368
50,243
50,50
50,205
50,737
50,1090
50,232
5,278
50,34
50,929
50,1024
49,776
50,507
50,442
50,49
50,140
50,146
50,555
50,318
50,341
21,790
53,513
5,204
50,1049
50,258
53,573
50,805
50,708
50,695
50,457
50,199
28,103
50,94
53,972
50,692
50,891
43,836
50,405
36,522
50,182
50,191
50,585
50,873
50,425
50,276
50,584
53,757
50,230
41,1073
53,576
50,592
53,398
53,848
50,158
50,750
50,1068
50,634
50,1
50,552
65,850
50,758
50,1071
50,966
50,43
53,250
50,406
71,1035
50,112
32,649
50,307
28,493
51,173
28,429
70,1036
51,293
50,503
50,1067
65,703
50,491
50,833
68,1003
50,624
50,390
50,147
50,407
68,163
51,310
9,411
50,768
35,312
50,1040
50,122
50,194
50,694
50,544
50,593
50,538
50,261
50,315
66,550
68,1104
51,431
50,623
50,685
50,852
53,570
50,858
50,896
47,281
50,1056
50,953
50,233
50,678
53,170
15,583
50,571
50,134
50,321
51,939
50,144
40,299
50,99
50,334
50,1011
50,990
50,834
50,709
50,458
50,863
50,657
23,652
50,699
51,727
5,346
50,777
50,536
70,72
50,211
50,631
48,872
50,382
50,530
50,420
50,297
50,3
50,1081
57,842
13,1050
21,556
50,62
50,102
50,253
15,1074
43,337
50,1054
50,400
23,520
24,492
50,559
51,344
28,179
28,197
42,596
50,419
50,89
50,923
50,712
50,901
50,255
50,641
50,323
50,489
50,594
50,294
50,828
50,91
50,373
28,823
50,414
17,525
51,227
50,26
50,167
50,1009
50,696
50,241
1,526
43,717
50,224
50,137
46,165
50,932
50,1022
50,902
48,391
50,716
61,93
51,244
50,274
50,911
53,251
50,1029
50,1014
50,640
43,762
50,512
43,618
50,706
50,926
50,807
50,1094
43,900
50,177
50,409
60,456
50,351
50,1027
50,415
51,632
48,574
61,32
56,264
50,617
50,338
50,96
50,18
50,819
50,1061
50,508
10,655
50,114
50,940
50,783
50,427
10,90
66,239
50,934
30,31
46,480
50,1075
50,644
50,847
51,17
50,273
50,288
51,455
50,81
51,950
50,383
33,235
50,611
50,265
50,304
61,48
50,319
50,1082
50,691
30,936
50,825
50,551
50,169
50,369
26,129
39,1102
64,1001
68,659
50,441
50,27
51,809
15,523
13,875
50,505
50,260
50,892
50,282
50,733
14,1052
50,161
10,424
9,586
53,44
50,626
50,461
53,284
50,451
50,52
50,397
50,379
50,136
50,198
50,518
50,5
53,984
50,213
50,925
50,324
68,37
31,120
50,10
62,938
63,725
50,370
50,608
50,107
28,268
50,740
15,600
50,326
50,897
51,674
38,111
50,463
65,810
50,572
42,888
50,110
50,84
36,229
53,616
28,625
51,271
48,775
52,728
61,1097
50,765
28,64
50,417
50,395
32,820
50,1070
63,567
15,760
50,628
63,39
10,1069
80,1085
50,954
65,142
46,477
50,905
50,746
50,1039
48,948
21,965
56,363
50,511
50,345
50,968
50,908
50,998
59,743
43,38
28,722
50,305
50,375
7,595
50,45
50,620
50,83
50,196
50,1083
50,123
50,540
50,779
50,355
56,336
50,24
50,412
50,591
51,832
50,961
50,139
50,739
50,981
50,831
50,844
50,639
5,509
48,877
50,710
50,851
50,841
50,648
23,581
50,487
50,257
50,560
50,1095
50,899
50,919
32,472
50,135
23,20
50,646
50,643
50,502
50,127
30,533
38,1112
50,817
50,721
55,989
75,876
39,619
50,1101
44,1028
50,986
50,475
50,770
50,951
34,16
50,979
51,519
37,813
50,840
53,669
51,124
50,598
50,860
50,723
50,185
4,806
50,889
50,1006
50,116
50,171
50,868
50,303
50,189
10,437
46,946
46,226
50,203
50,607
50,554
50,605
81,150
53,354
50,752
51,588
51,890
50,612
50,985
46,361
50,247
50,563
50,172
50,715
50,1004
50,962
51,1055
50,348
50,279
3,166
18,252
50,162
50,364
50,450
14,7
51,184
53,55
50,514
50,719
28,861
23,8
50,426
30,816
45,131
50,6
50,878
68,280
50,452
50,349
50,248
50,1002
51,207
51,1066
53,991
36,693
50,465
15,453
50,97
65,506
63,681
50,42
77,1019
28,388
50,434
44,601
43,949
50,67
50,215
50,447
50,1043
50,53
50,422
50,1109
76,838
51,684
50,176
50,335
50,219
50,766
15,745
50,622
50,21
50,1037
50,802
50,40
19,56
50,1059
50,231
50,804
50,1110
25,384
50,664
50,521
50,449
51,547
50,374
74,964
11,460
50,713
50,478
50,883
50,378
14,738
50,1060
50,190
50,734
50,731
50,884
50,128
50,701
10,665
50,654
50,1084
50,1103
50,317
50,201
50,724
27,597
50,356
50,621
50,700
43,313
50,54
50,66
53,751
50,615
51,996
50,141
50,218
50,1030
50,1063
50,1025
50,636
50,217
50,500
50,1038
46,187
42,486
73,871
65,501
50,277
50,697
50,481
50,666
50,2
50,474
36,537
50,864
50,473
50,237
50,14
50,1114
22,720
28,1079
51,705
50,1077
46,978
50,578
50,753
50,471
43,51
51,562
50,372
50,432
51,238
50,887
53,561
50,726
29,993
50,798
50,867
66,242
50,1032
50,638
5,658
50,698
50,791
53,729
50,47
42,340
50,469
44,650
50,942
50,663
50,206
50,1116
50,295
50,814
50,1065
50,1078
50,11
50,439
16,718
50,879
53,971
50,711
50,799
50,69
50,59
50,490
66,79
50,811
50,377
51,803
50,921
66,898
23,886
30,1117
50,467
5,963
50,100
50,736
55,246
67,837
50,350
50,408
50,999
50,534
53,1064
50,778
50,223
50,200
50,1034
50,423
50,365
50,393
50,756
50,115
50,1086
50,117
53,679
50,935
50,630
50,830
55,635
65,286
50,735
50,333
66,680
5,387
37,376
53,488
50,154
50,854
50,132
50,822
50,192
50,587
50,922
50,553
50,881
50,515
28,732
37,904
28,1115
50,25
50,104
50,707
48,670
61,331
50,1017
7,302
50,108
50,859
50,677
50,927
50,580
50,671
50,121
50,548
51,180
50,308
50,152
50,28
50,784
50,1031
51,865
50,557
61,531
50,793
20,77
50,222
50,65
50,558
53,915
39,910
50,1118
51,210
50,164
28,855
15,1105
37,744
72,549
19,421
50,977
