51,50
74,293
32,579
41,100
29,701
68,607
47,264
80,587
29,525
58,128
21,688
5,545
75,663
47,99
33,245
50,19
30,294
100,574
47,676
47,185
90,308
47,523
47,632
29,239
48,590
58,123
76,356
103,665
118,389
76,130
54,698
23,555
56,639
47,337
26,442
108,320
111,67
47,338
84,23
86,76
47,168
31,227
30,329
31,105
49,679
23,418
109,692
13,388
37,289
47,54
114,146
74,524
5,491
47,385
48,396
36,612
23,154
47,435
31,155
75,699
47,591
48,458
26,381
12,284
77,296
7,554
47,420
67,61
47,498
47,97
48,374
39,642
74,58
71,156
71,530
47,536
20,118
88,459
11,392
50,478
12,474
47,110
74,626
28,553
119,275
29,589
43,397
31,304
48,288
56,428
41,602
52,34
28,666
28,286
44,497
69,7
47,162
123,229
47,522
47,519
67,283
32,425
89,208
121,176
47,278
29,166
28,684
82,125
23,126
47,266
23,473
29,334
48,22
9,623
29,20
36,363
89,38
47,41
84,343
30,492
54,421
74,69
47,453
23,470
47,14
47,82
28,187
47,219
57,494
47,496
67,371
126,313
84,70
121,234
29,189
74,661
85,465
30,350
30,572
29,355
100,159
23,624
2,391
60,596
53,431
47,615
59,89
80,167
92,71
85,62
30,565
12,113
27,311
47,611
47,315
47,25
121,317
74,307
47,55
63,613
31,647
47,490
94,621
42,346
50,508
47,655
48,95
47,387
30,237
123,297
107,449
21,164
12,506
37,680
12,357
47,232
55,594
50,566
73,87
119,592
29,645
73,520
53,4
38,265
47,700
69,556
47,410
84,322
47,694
97,91
84,436
84,196
30,599
60,486
30,345
41,367
23,401
66,316
29,72
15,178
121,548
31,544
30,443
55,165
83,249
32,80
29,390
47,600
74,648
23,16
74,45
74,353
110,603
23,298
74,511
15,468
29,549
30,636
47,593
55,1
74,261
123,259
85,244
23,92
27,177
31,204
47,220
29,33
47,90
74,183
29,416
43,145
6,121
47,31
119,9
31,618
42,617
73,695
47,448
102,135
8,231
72,86
82,383
52,115
47,217
28,228
69,408
125,5
50,207
26,472
30,106
30,609
3,446
31,24
29,483
85,475
60,558
5,669
52,255
30,675
52,580
31,140
110,378
47,181
41,672
47,269
90,439
23,199
29,291
83,323
103,112
123,399
84,505
27,570
47,93
21,335
11,246
47,84
33,450
105,664
84,429
84,94
47,107
47,463
84,649
47,499
112,405
47,127
47,557
26,274
29,562
21,225
47,153
47,460
11,414
47,424
42,627
51,678
98,268
18,197
91,584
107,57
11,224
47,214
74,481
83,109
48,46
47,142
23,454
92,479
48,309
72,512
47,111
26,605
48,502
39,32
48,641
104,375
65,359
47,210
72,124
41,659
29,422
61,364
61,569
75,373
120,441
74,690
47,601
110,488
25,537
14,348
73,559
47,638
28,411
17,250
47,35
47,314
74,290
104,63
74,689
103,331
47,413
37,417
40,361
45,11
10,292
26,276
84,172
47,404
78,252
37,509
49,169
82,151
47,139
47,660
43,120
85,43
23,527
34,466
21,193
89,195
47,682
24,515
67,260
84,218
40,203
8,251
63,138
36,17
47,640
77,487
24,262
47,254
23,59
67,161
96,696
29,44
6,236
77,542
47,202
74,42
29,471
84,226
47,622
32,577
42,88
47,610
47,102
50,206
48,567
47,3
119,386
74,543
91,528
47,685
47,534
33,504
29,691
110,500
40,56
81,116
14,370
22,49
28,625
16,174
84,437
29,352
76,344
41,551
26,631
15,184
25,398
23,279
61,576
53,620
25,634
47,461
84,438
47,15
47,360
24,464
20,257
23,564
47,144
76,194
71,325
47,415
28,324
84,26
48,10
121,129
115,635
103,147
47,646
41,552
37,160
33,369
29,604
121,469
24,477
47,445
50,319
84,175
64,152
29,546
18,173
29,64
42,81
28,48
76,568
84,79
47,295
23,277
106,303
76,216
74,526
47,462
47,200
27,412
33,485
15,550
28,332
60,403
47,347
30,582
81,670
51,517
62,616
47,447
31,300
29,423
47,77
47,336
29,687
5,697
62,406
47,12
23,476
67,541
23,53
67,595
29,258
74,532
15,529
40,368
30,241
24,114
101,66
46,588
47,379
47,233
102,83
47,158
67,484
47,339
47,73
47,382
28,535
36,230
75,122
23,305
67,563
35,221
28,341
42,575
102,136
45,2
30,597
101,394
51,211
23,674
117,215
77,212
30,533
122,52
19,328
99,677
47,656
41,457
85,209
47,13
47,326
47,501
47,60
15,179
30,333
35,662
4,182
47,238
101,578
4,426
74,27
35,456
74,30
47,547
24,451
70,585
84,409
94,321
5,312
31,242
35,514
50,65
47,380
12,637
76,652
50,619
51,651
14,372
37,614
63,608
47,351
47,75
47,74
41,653
28,427
29,96
26,186
100,247
84,538
27,480
74,482
60,68
48,503
43,650
32,131
13,101
24,376
28,495
111,365
47,198
87,583
47,6
74,693
33,243
31,108
73,354
47,467
29,402
102,148
10,8
66,349
23,561
76,430
95,657
47,539
7,444
47,133
47,281
47,273
43,407
51,191
43,384
5,119
48,192
74,282
84,366
41,419
50,39
24,285
47,673
49,598
63,188
23,452
96,270
47,205
79,306
29,521
32,668
48,223
47,137
46,256
77,358
48,150
19,573
29,40
29,78
77,493
33,507
45,240
31,581
47,681
48,489
37,510
47,531
23,18
128,560
97,141
122,434
37,342
47,28
122,271
33,318
57,340
51,280
77,455
26,163
47,540
30,586
23,310
47,149
108,654
115,190
41,629
63,299
46,606
50,377
28,518
67,667
77,395
77,301
71,267
93,21
44,683
74,362
84,117
124,103
24,400
30,213
47,330
73,263
47,36
28,643
47,47
47,171
91,302
85,37
29,571
10,287
127,51
29,686
84,432
74,157
29,134
47,440
74,201
23,104
47,630
42,516
101,633
30,272
90,170
47,98
35,222
113,658
17,180
47,85
25,393
24,235
35,327
47,644
82,433
41,703
29,513
31,29
16,628
47,671
47,132
41,248
47,143
1,702
116,253
