13,421
15,411
2,17
2,207
12,476
2,513
12,681
12,700
12,279
12,147
9,149
12,428
2,636
2,327
2,187
12,585
12,440
12,441
12,638
12,60
12,677
12,416
12,240
12,113
12,384
12,132
2,110
2,152
9,604
12,321
2,399
2,610
12,169
12,219
2,594
12,20
12,77
12,5
12,64
12,204
12,400
12,339
2,503
12,167
12,622
4,499
12,362
12,473
12,103
2,527
12,508
2,635
2,666
12,216
2,7
2,612
12,454
2,232
12,260
12,693
2,526
9,497
2,252
12,439
12,262
12,221
12,511
12,16
2,229
12,41
12,280
9,698
12,554
12,128
2,540
12,114
12,494
2,561
12,304
12,154
12,684
12,39
12,600
12,261
2,40
2,184
12,97
4,354
12,423
12,76
2,139
8,21
2,530
4,437
12,597
12,118
12,356
12,290
2,544
2,386
2,65
12,697
12,583
12,688
2,195
9,501
2,200
12,73
12,82
12,611
12,89
9,317
12,571
12,448
12,49
2,133
12,430
12,98
12,276
12,521
9,319
2,447
12,663
12,183
2,263
9,312
8,54
12,71
12,696
12,202
12,690
12,102
12,652
9,628
9,302
12,655
12,538
2,496
12,672
2,461
2,433
12,178
2,123
2,575
12,648
2,584
12,590
12,479
12,617
12,182
12,664
12,609
12,602
12,514
9,436
2,486
12,488
12,190
12,640
12,326
12,413
12,268
12,369
2,676
12,57
12,649
12,593
12,83
12,429
12,485
12,298
12,553
9,425
12,30
12,287
12,160
12,460
12,517
12,644
2,542
9,328
12,373
12,87
12,365
2,558
9,667
12,157
2,408
12,380
12,427
2,42
12,581
12,468
2,464
12,224
12,104
12,596
12,25
12,606
12,38
12,237
12,34
12,492
12,574
1,475
9,36
12,174
2,306
2,407
2,406
6,415
2,142
12,153
12,417
12,375
12,355
12,493
12,599
12,136
2,539
12,342
2,569
12,96
12,310
12,59
12,536
2,598
2,168
12,370
12,226
11,177
12,145
12,463
12,565
4,213
12,686
12,699
12,196
12,389
12,469
2,378
2,311
2,404
2,238
2,10
17,608
12,284
15,336
12,165
2,466
12,297
12,22
12,682
12,452
12,158
12,247
2,673
12,502
12,481
12,434
12,351
12,577
12,591
2,374
12,67
12,545
12,692
12,381
12,19
12,403
2,573
12,172
2,74
2,665
2,507
12,314
12,45
12,119
12,265
12,451
12,296
2,225
2,151
12,193
12,159
4,18
12,490
12,680
12,131
12,201
11,528
2,236
2,579
9,658
12,394
12,632
12,376
12,117
12,689
4,446
12,385
12,519
12,95
12,124
2,391
12,197
9,350
17,641
12,345
12,214
12,148
12,26
2,251
12,582
2,605
12,529
12,161
4,624
12,668
2,661
12,24
2,509
12,555
12,309
12,472
12,218
12,359
12,379
12,215
2,477
12,163
2,230
12,533
2,111
12,150
12,66
2,419
5,33
12,397
12,639
12,601
12,387
12,267
2,551
12,289
9,683
2,675
2,171
9,516
12,199
12,120
2,410
12,643
12,162
12,44
12,239
5,458
2,637
12,694
15,37
2,691
12,409
2,371
2,631
12,115
2,48
2,512
9,303
12,130
12,524
12,343
12,325
12,234
12,198
12,272
12,630
2,398
12,295
12,324
12,233
12,570
4,642
12,462
12,618
12,438
12,68
12,266
2,192
12,8
12,456
12,443
12,84
2,109
12,12
2,51
2,255
12,495
12,47
12,634
12,249
9,179
2,175
12,270
12,90
2,299
12,619
12,253
12,281
12,79
12,483
12,607
12,80
12,23
12,285
12,189
12,383
12,301
2,705
12,203
12,258
12,70
9,701
12,166
2,562
12,505
9,170
12,323
12,335
12,654
12,414
9,316
2,412
12,278
12,651
2,331
12,471
12,329
12,259
12,392
12,254
12,223
2,515
12,678
2,137
12,550
12,620
12,9
12,341
12,81
2,288
12,269
12,623
4,687
12,445
2,340
12,467
7,674
12,420
8,552
12,578
12,372
12,353
12,129
12,390
2,470
12,449
12,277
12,629
12,108
12,333
12,217
12,256
12,176
2,556
12,291
12,231
12,1
4,566
12,588
2,520
12,2
9,248
12,626
2,360
12,679
12,670
2,246
12,308
2,589
12,349
4,346
12,206
12,422
12,426
12,62
12,173
12,11
2,557
12,564
2,671
12,307
12,532
12,135
4,126
12,580
4,535
12,134
12,72
12,368
2,29
12,703
12,294
12,181
12,704
12,186
12,482
12,155
4,112
12,401
15,121
12,106
2,702
5,431
12,534
2,459
12,92
12,127
12,257
12,361
12,334
2,510
9,53
12,337
10,548
9,85
12,78
2,650
12,522
12,480
12,320
4,344
12,322
2,366
12,275
12,621
2,498
2,271
2,4
2,241
12,567
12,563
12,180
12,465
12,242
12,364
12,633
9,367
12,27
2,537
2,487
12,377
12,191
2,292
9,282
12,525
13,50
2,101
1,86
12,61
12,592
12,660
2,559
12,543
12,208
12,143
2,243
12,405
12,474
12,15
9,245
12,695
12,283
12,659
12,613
12,442
2,3
2,116
14,546
18,52
12,250
12,315
2,35
12,627
12,586
2,227
12,393
12,347
12,305
12,156
12,146
12,576
12,185
4,547
12,13
12,332
12,489
12,99
12,657
12,188
12,32
12,164
12,395
2,194
2,14
2,424
2,662
12,435
12,549
12,264
12,58
2,500
12,228
12,274
12,656
2,273
15,138
2,352
12,685
12,141
12,572
12,244
12,220
2,122
12,432
12,348
12,595
12,444
12,63
12,91
12,43
12,330
12,6
12,55
12,402
2,358
2,293
2,614
12,531
12,105
2,93
12,455
12,69
6,31
12,212
12,396
2,140
2,388
12,313
2,560
2,625
12,222
2,209
12,484
12,646
12,450
12,616
12,56
12,615
3,144
16,107
9,28
12,363
12,210
12,645
12,587
12,75
12,647
12,100
15,125
12,418
12,669
12,235
12,541
12,506
2,603
12,491
12,300
12,94
12,88
12,518
12,286
12,382
12,318
12,504
2,46
12,478
12,453
12,338
12,357
12,523
12,568
9,205
9,211
9,653
12,457
