13,564
40,532
40,151
40,452
40,372
32,475
20,422
40,539
32,476
69,88
70,593
40,210
40,507
40,78
15,596
40,65
40,509
62,220
32,99
32,165
38,279
40,84
40,196
35,310
69,406
40,521
68,296
43,12
40,79
40,407
40,16
45,303
40,558
41,23
40,625
13,392
32,340
69,4
40,216
72,365
5,209
9,515
40,56
40,437
40,562
40,234
69,120
19,546
70,627
20,351
40,495
40,371
40,529
20,344
22,395
40,439
40,145
40,149
12,277
13,519
13,482
13,161
34,300
61,366
40,110
40,584
38,606
40,187
40,350
50,294
32,308
13,53
13,347
43,283
35,43
59,213
68,607
40,360
40,173
45,223
40,465
40,45
40,585
40,413
40,536
32,218
9,158
40,321
40,200
32,621
13,569
40,81
45,224
61,111
45,66
50,493
40,114
66,46
40,178
69,212
48,113
61,487
22,469
40,89
32,115
64,13
47,135
40,333
70,8
40,500
40,597
32,97
40,555
40,228
40,592
39,44
40,280
38,622
28,603
40,5
2,259
70,570
17,57
22,619
13,22
57,17
41,510
48,3
40,561
59,69
45,324
13,260
17,553
28,383
40,281
40,291
41,82
13,26
13,479
4,602
49,342
71,315
13,85
17,363
40,236
47,30
9,498
64,29
40,225
40,524
40,313
10,468
22,573
73,198
45,626
42,444
38,580
40,238
45,335
40,533
40,289
31,176
40,586
13,245
40,591
13,249
41,471
40,599
1,168
2,620
13,33
40,528
40,282
20,401
13,192
40,269
52,35
40,51
69,2
21,298
32,136
22,214
39,385
34,560
28,359
13,292
40,615
24,484
13,550
61,257
18,480
40,429
45,556
21,92
9,425
40,117
13,409
40,322
35,554
40,472
13,450
41,445
13,514
69,325
23,263
37,217
50,527
36,68
40,604
40,440
32,14
40,160
40,104
40,587
39,577
40,456
40,108
40,631
70,448
40,629
52,618
45,301
40,581
40,39
40,497
32,58
13,364
40,397
32,163
1,424
41,458
13,339
22,382
40,150
13,361
40,31
13,457
40,540
33,582
63,567
6,172
32,490
20,434
2,83
40,253
20,346
32,415
32,129
40,511
45,52
1,594
2,167
40,202
32,34
13,137
2,605
40,231
30,127
40,600
40,537
43,410
51,544
40,288
45,116
28,305
32,183
53,215
13,595
40,338
26,156
45,508
45,157
14,21
32,118
32,461
9,67
40,75
32,624
40,24
40,428
40,199
40,208
40,206
66,502
34,28
45,261
32,74
41,278
40,19
45,247
40,394
40,90
22,20
40,473
30,9
40,489
11,275
40,37
32,226
40,357
40,6
70,229
40,266
13,248
39,86
44,504
66,105
40,571
69,242
40,112
32,417
45,311
40,299
27,254
40,274
70,535
13,181
11,464
34,211
2,71
40,370
40,393
14,513
40,408
40,389
13,486
7,334
64,287
11,239
67,427
13,184
2,285
40,319
32,63
40,566
66,387
66,551
39,542
40,270
40,447
20,531
40,314
13,265
40,185
10,119
40,134
40,549
66,380
63,295
40,258
40,162
1,193
73,250
13,286
13,430
14,93
32,572
20,222
40,95
40,377
40,271
11,155
40,412
40,264
40,272
40,462
17,557
22,159
5,131
32,312
40,80
40,32
9,290
15,390
44,579
9,306
45,375
2,608
71,388
30,496
20,146
40,107
40,399
13,207
40,518
2,70
34,96
46,101
32,559
45,128
18,141
40,177
32,221
32,262
40,609
61,474
40,267
22,483
47,543
12,188
40,354
1,491
13,1
56,268
22,189
40,326
40,416
32,598
40,197
41,73
70,235
45,125
40,203
16,435
40,227
13,494
32,61
13,91
13,355
64,304
13,530
40,545
20,421
40,526
40,132
63,432
34,588
35,139
40,610
45,523
60,438
13,171
22,481
40,419
13,166
22,384
40,317
13,62
40,175
40,60
22,232
70,630
22,343
40,454
40,418
61,449
26,164
40,186
13,138
40,520
73,201
40,331
71,72
13,143
11,403
40,255
40,576
40,237
22,517
69,36
38,273
45,356
57,616
32,323
40,15
69,374
65,485
40,601
40,613
2,414
40,362
40,318
32,522
53,455
40,329
40,297
12,506
58,512
40,400
40,59
13,477
40,345
54,501
40,568
15,152
32,195
40,376
2,147
32,276
40,42
13,373
70,87
40,628
13,293
40,534
46,525
40,611
40,552
22,405
40,590
10,182
43,436
22,441
32,443
2,503
12,433
40,398
42,368
40,55
40,459
40,233
12,103
32,617
40,124
40,538
8,153
13,499
50,205
40,180
13,194
40,50
11,341
13,54
40,381
22,423
13,243
40,548
40,174
40,246
13,7
26,358
40,133
40,123
22,144
32,367
40,191
41,391
22,48
40,505
40,332
70,488
26,121
25,386
41,320
13,170
40,252
63,589
20,256
29,378
40,470
26,244
22,402
40,251
40,352
40,169
40,230
45,632
40,369
48,41
40,140
40,612
40,327
70,241
40,516
68,49
34,122
40,563
10,541
40,492
40,316
32,302
45,411
40,11
55,442
70,623
13,575
40,109
72,219
45,614
40,204
40,100
40,179
66,38
40,460
40,25
40,466
40,309
13,47
2,10
22,578
40,633
40,40
40,379
40,453
39,142
40,77
40,565
13,27
40,353
41,451
16,154
40,148
40,420
40,328
41,106
40,467
40,349
46,240
51,426
13,547
22,583
4,307
16,337
70,348
40,284
14,98
22,336
40,330
40,94
40,396
40,446
40,190
70,64
35,102
40,18
40,126
40,463
9,478
40,76
13,130
40,431
3,404
72,574
