10,13
17,442
10,83
9,295
2,248
10,271
10,92
34,108
27,202
10,63
10,249
10,117
10,504
10,393
10,561
8,321
10,499
10,211
10,156
10,115
10,490
10,180
32,178
54,472
53,562
5,522
10,198
10,389
10,199
10,443
31,146
17,96
10,39
10,125
54,18
10,151
54,290
10,330
10,87
10,33
10,148
10,200
10,195
10,101
48,19
10,560
10,59
54,300
34,568
10,56
10,571
33,564
10,325
10,419
10,15
10,139
10,501
10,174
10,299
10,261
10,528
10,536
10,401
20,279
10,44
10,276
10,143
10,489
10,109
10,418
10,291
9,349
44,386
10,40
10,530
25,238
10,46
10,545
10,467
10,245
31,404
10,244
10,378
10,29
10,67
3,252
10,274
10,574
10,89
32,516
20,293
10,327
10,283
10,533
20,119
10,370
56,458
10,68
10,88
54,465
10,285
10,227
20,331
10,50
54,7
16,237
18,557
10,303
10,317
10,449
10,144
10,339
35,188
10,537
10,413
10,3
10,230
42,166
10,394
48,155
54,20
17,372
10,240
51,366
10,203
10,583
10,513
10,11
54,487
54,258
10,269
13,579
10,322
39,414
10,53
54,152
35,556
54,255
10,131
27,243
10,420
10,368
10,221
10,428
54,553
10,316
54,491
10,278
39,65
10,286
10,55
10,233
10,78
8,215
10,205
10,254
60,409
14,532
37,494
17,69
10,51
43,448
12,423
10,266
10,512
10,567
54,481
10,171
10,326
10,460
10,34
46,228
18,466
10,391
49,430
54,94
54,196
10,14
1,62
10,367
54,85
19,114
1,190
2,297
8,566
10,197
10,492
10,546
10,432
10,17
54,505
52,98
37,153
38,441
10,488
10,426
10,82
10,123
10,523
10,559
49,102
10,577
10,425
26,187
10,485
9,270
10,439
20,495
10,581
58,400
10,476
20,586
53,582
10,515
10,79
5,507
10,236
10,584
6,585
10,410
10,306
21,218
10,304
10,38
20,264
50,578
10,496
10,21
17,74
10,379
10,84
19,315
10,344
39,207
10,61
10,360
10,161
10,540
10,555
10,334
52,453
54,93
10,470
10,422
10,259
10,329
9,445
10,30
10,12
10,47
14,10
10,455
33,575
10,169
10,75
10,164
24,484
10,345
10,314
9,347
10,301
7,373
14,446
10,380
53,570
10,362
10,313
10,294
10,355
10,337
10,231
22,58
8,142
10,440
15,22
10,563
25,569
10,526
10,268
55,165
32,376
10,214
10,28
19,60
10,552
10,424
10,220
54,408
59,57
10,1
10,310
10,309
10,308
10,551
10,403
54,333
10,128
52,451
10,377
10,381
10,421
2,77
10,27
10,209
6,6
10,104
6,371
10,170
10,311
10,267
10,127
14,292
10,256
10,474
10,412
10,186
10,235
40,54
46,398
10,239
10,547
10,99
2,110
23,572
10,287
10,340
10,66
14,223
10,135
10,396
10,41
52,116
10,411
10,438
10,111
29,189
10,541
8,224
10,250
10,42
54,415
52,479
10,549
10,454
10,168
10,36
10,358
39,80
10,346
41,141
54,539
59,406
10,511
56,43
10,217
10,356
54,70
10,246
42,126
10,353
45,529
10,112
51,150
56,343
5,500
10,508
10,335
10,133
25,71
10,282
10,417
10,473
10,320
54,247
53,514
10,72
10,431
10,427
10,405
10,4
10,206
26,260
5,390
4,16
27,273
10,338
31,154
42,185
10,464
8,395
10,475
45,163
10,263
10,312
11,328
10,251
5,158
10,275
54,132
10,565
10,219
50,307
10,305
10,262
9,32
10,122
44,2
10,229
10,160
10,502
10,558
10,573
10,456
10,106
10,26
22,383
10,365
10,216
10,517
10,503
10,397
10,384
10,86
10,534
10,5
10,184
9,435
10,302
44,554
10,323
9,183
10,179
54,64
54,542
2,208
29,103
54,95
10,548
10,225
10,212
10,461
10,91
10,182
54,284
10,232
10,173
45,107
10,531
10,222
45,521
10,518
29,416
10,272
10,324
10,257
16,277
25,525
10,76
54,369
10,480
20,457
30,204
52,382
8,520
10,49
10,8
10,497
54,543
44,527
10,52
32,253
10,23
10,281
10,471
11,90
10,509
47,538
54,137
10,113
25,159
10,193
61,194
28,348
10,149
10,134
28,234
10,318
10,462
10,506
10,580
10,436
10,336
50,452
10,31
10,81
10,387
34,140
57,9
10,385
10,483
10,486
17,350
5,130
10,177
10,341
30,576
10,433
10,129
36,288
44,524
10,181
10,176
10,437
9,399
10,296
10,588
5,544
21,191
54,121
26,48
21,138
10,24
10,434
54,374
25,37
10,535
34,100
10,550
10,444
10,136
21,459
10,478
10,468
2,105
54,145
10,351
10,167
36,35
10,242
10,147
10,357
20,519
34,280
54,298
10,192
10,332
10,342
20,463
10,241
54,363
10,124
10,375
10,25
2,265
10,213
10,226
10,493
17,402
10,201
10,175
10,45
10,120
10,172
10,319
13,477
10,354
10,97
10,364
10,407
10,510
10,73
10,429
17,469
10,447
10,361
54,450
10,392
10,359
10,118
30,388
10,162
10,352
10,289
10,157
10,210
10,498
62,482
54,587
