56,50
82,293
35,579
44,100
31,701
75,607
50,264
89,587
31,525
63,128
22,688
5,545
84,663
50,99
36,245
54,19
32,294
109,574
50,676
50,185
99,308
50,523
50,632
31,239
51,590
64,123
85,356
112,665
127,389
85,130
59,698
24,555
61,639
50,337
27,442
117,320
120,67
50,338
93,23
95,76
50,168
34,227
33,329
34,105
53,679
24,418
118,692
13,388
40,289
50,54
123,146
82,524
5,491
50,385
52,396
39,612
24,154
50,435
34,155
84,699
50,591
51,458
27,381
12,284
86,296
7,554
50,420
74,61
50,498
50,97
51,374
42,642
82,58
78,156
78,530
50,536
21,118
97,459
11,392
55,478
12,474
50,110
82,626
30,553
128,275
31,589
46,397
34,304
51,288
61,428
44,602
57,34
30,666
30,286
47,497
76,7
50,162
132,229
50,522
50,519
74,283
35,425
98,208
130,176
50,278
31,166
30,684
91,125
24,126
50,266
24,473
31,334
51,22
9,623
31,20
39,363
98,38
50,41
93,343
33,492
59,421
82,69
50,453
24,470
50,14
50,82
29,187
50,219
62,494
50,496
74,371
136,313
93,70
130,234
31,189
82,661
94,465
32,350
33,572
31,355
109,159
24,624
2,391
66,596
58,431
50,615
65,89
89,167
101,71
94,62
33,565
12,113
28,311
50,611
50,315
50,25
130,317
82,307
50,55
69,613
34,647
50,490
103,621
45,346
55,508
50,655
51,95
50,387
33,237
132,297
116,449
22,164
12,506
40,680
12,357
50,232
60,594
55,566
81,87
128,592
31,645
81,520
58,4
41,265
50,700
76,556
50,410
93,322
50,694
106,91
93,436
93,196
33,599
66,486
33,345
44,367
24,401
72,316
31,72
15,178
130,548
34,544
32,443
60,165
92,249
35,80
31,390
50,600
83,648
24,16
82,45
82,353
119,603
24,298
82,511
15,468
31,549
32,636
50,593
60,1
82,261
133,259
94,244
24,92
28,177
34,204
50,220
31,33
50,90
82,183
31,416
46,145
6,121
50,31
128,9
34,618
45,617
81,695
50,448
111,135
8,231
80,86
91,383
57,115
50,217
30,228
76,408
135,5
55,207
27,472
32,106
33,609
3,446
34,24
31,483
94,475
66,558
5,669
57,255
32,675
57,580
34,140
119,378
50,181
44,672
50,269
99,439
24,199
31,291
92,323
112,112
132,399
93,505
28,570
50,93
22,335
11,246
50,84
36,450
114,664
93,429
93,94
50,107
50,463
93,649
50,499
121,405
50,127
50,557
27,274
31,562
22,225
50,153
50,460
11,414
50,424
45,627
56,678
107,268
19,197
100,584
116,57
11,224
50,214
82,481
92,109
51,46
50,142
24,454
101,479
51,309
79,512
50,111
27,605
51,502
42,32
51,641
113,375
71,359
50,210
79,124
44,659
31,422
67,364
67,569
84,373
129,441
82,690
50,601
119,488
26,537
14,348
81,559
50,638
30,411
18,250
50,35
50,314
82,290
113,63
82,689
112,331
50,413
40,417
43,361
48,11
10,292
27,276
93,172
50,404
87,252
40,509
53,169
91,151
50,139
50,660
46,120
94,43
24,527
37,466
22,193
98,195
50,682
25,515
73,260
93,218
43,203
8,251
69,138
39,17
50,640
86,487
25,262
50,254
24,59
74,161
105,696
31,44
6,236
86,542
50,202
82,42
31,471
93,226
50,622
35,577
45,88
50,610
50,102
55,206
51,567
50,3
128,386
82,543
100,528
50,685
50,534
36,504
31,691
119,500
43,56
90,116
14,370
23,49
29,625
17,174
93,437
31,352
85,344
44,551
27,631
16,184
26,398
24,279
67,576
58,620
26,634
50,461
93,438
50,15
50,360
25,464
21,257
24,564
50,144
85,194
78,325
50,415
30,324
93,26
51,10
130,129
124,635
112,147
50,646
44,552
40,160
36,369
31,604
130,469
25,477
50,445
55,319
93,175
70,152
31,546
19,173
31,64
45,81
30,48
85,568
93,79
50,295
24,277
115,303
85,216
83,526
50,462
50,200
28,412
36,485
15,550
30,332
66,403
50,347
33,582
90,670
56,517
68,616
50,447
34,300
31,423
50,77
50,336
31,687
5,697
68,406
50,12
24,476
74,541
24,53
74,595
31,258
82,532
16,529
43,368
32,241
25,114
110,66
49,588
50,379
50,233
111,83
50,158
73,484
50,339
50,73
50,382
30,535
39,230
84,122
24,305
74,563
38,221
30,341
45,575
111,136
48,2
33,597
110,394
56,211
24,674
126,215
86,212
32,533
131,52
20,328
108,677
50,656
44,457
94,209
50,13
50,326
50,501
50,60
15,179
33,333
38,662
4,182
50,238
110,578
4,426
82,27
38,456
82,30
50,547
25,451
77,585
93,409
103,321
5,312
34,242
38,514
55,65
50,380
12,637
85,652
55,619
56,651
14,372
40,614
69,608
50,351
50,75
50,74
44,653
29,427
31,96
27,186
109,247
93,538
28,480
82,482
66,68
51,503
46,650
35,131
13,101
25,376
30,495
120,365
50,198
96,583
50,6
82,693
36,243
34,108
81,354
50,467
31,402
111,148
10,8
72,349
24,561
85,430
104,657
50,539
7,444
50,133
50,281
50,273
46,407
56,191
46,384
5,119
51,192
82,282
93,366
44,419
54,39
25,285
50,673
53,598
69,188
24,452
105,270
50,205
88,306
31,521
35,668
51,223
50,137
49,256
86,358
51,150
20,573
31,40
31,78
86,493
36,507
48,240
34,581
50,681
51,489
40,510
50,531
24,18
138,560
106,141
131,434
40,342
50,28
131,271
36,318
62,340
56,280
86,455
27,163
50,540
32,586
24,310
50,149
117,654
124,190
44,629
69,299
49,606
54,377
30,518
74,667
86,395
86,301
78,267
102,21
47,683
82,362
93,117
134,103
25,400
33,213
50,330
81,263
50,36
30,643
50,47
50,171
100,302
94,37
31,571
10,287
137,51
31,686
93,432
82,157
31,134
50,440
82,201
24,104
50,630
45,516
110,633
32,272
99,170
50,98
38,222
122,658
18,180
50,85
26,393
25,235
38,327
50,644
91,433
44,703
31,513
34,29
17,628
50,671
50,132
44,248
50,143
1,702
125,253
