6,798
6,410
5,575
6,901
3,705
6,80
6,580
6,884
6,29
6,451
6,572
6,85
6,22
1,985
6,547
6,816
6,161
1,914
6,234
7,927
6,204
6,242
1,296
6,301
1,1036
6,746
6,1074
6,656
6,393
7,883
7,512
6,791
1,802
6,843
1,254
7,356
6,114
6,1014
6,544
6,413
6,961
6,730
6,594
6,69
6,817
6,428
1,767
6,1065
6,850
1,76
6,760
6,935
6,644
6,374
6,881
6,576
6,989
6,754
6,68
6,229
6,695
2,239
2,1018
6,943
1,632
6,260
1,1062
6,861
6,655
6,1063
6,972
6,1081
6,498
6,951
6,763
6,991
6,846
6,782
4,723
6,444
6,625
6,494
4,419
1,72
6,115
1,677
6,24
6,209
1,238
6,837
6,476
6,178
6,380
6,1000
2,1075
6,939
6,287
6,667
6,578
6,27
6,262
6,762
6,128
7,790
6,528
6,1033
6,364
1,622
6,740
6,557
6,771
6,758
7,345
6,327
6,593
6,968
6,471
6,425
6,437
1,32
6,608
6,495
6,944
6,1048
6,360
6,98
7,43
6,252
6,922
6,71
6,744
6,707
6,688
6,661
1,282
2,866
6,328
6,863
6,905
6,423
7,375
6,320
6,138
6,45
6,454
7,1071
6,830
6,398
6,196
6,946
1,506
6,774
6,959
6,882
6,155
6,603
6,911
6,10
6,501
6,394
6,118
6,776
6,783
6,1020
6,106
1,480
6,674
6,1029
6,1061
6,854
6,497
6,979
6,162
6,713
6,827
6,847
6,696
6,1017
6,1013
6,650
6,8
6,250
6,399
6,913
6,187
6,335
6,152
6,909
6,182
6,39
1,230
1,122
6,245
6,490
6,317
6,452
6,6
6,321
7,134
6,848
6,435
6,1050
1,964
6,1021
6,348
6,651
1,469
6,525
6,875
7,334
6,443
6,460
6,933
1,940
6,565
2,589
1,1042
6,606
6,7
6,404
6,967
7,1077
7,676
6,34
6,163
7,395
1,521
6,958
6,315
6,897
6,896
6,121
1,353
6,279
6,825
6,396
6,388
6,426
6,996
6,742
6,1022
6,90
6,862
6,669
6,73
6,639
6,401
6,188
7,636
6,948
6,144
6,379
6,206
6,212
6,418
1,251
6,954
6,1047
6,201
6,607
6,167
6,824
6,546
6,835
6,947
6,489
6,869
6,125
6,44
6,259
6,941
2,778
6,132
7,145
6,801
6,183
6,59
6,965
6,293
6,716
6,482
6,635
6,366
1,37
6,851
6,793
6,343
7,175
6,450
1,342
6,765
6,173
6,785
6,277
6,720
6,936
6,690
7,659
2,826
6,246
6,4
6,446
2,809
6,302
6,524
6,448
6,432
6,1010
6,916
6,478
6,496
1,97
6,1034
6,995
6,624
6,605
6,683
6,743
6,484
6,441
6,769
4,852
8,468
1,717
7,642
6,1044
6,945
6,48
6,314
6,646
1,463
1,149
6,545
6,714
6,235
6,590
1,92
6,810
1,54
1,626
6,858
6,592
6,1002
6,813
6,554
6,285
2,1009
6,596
6,617
7,409
6,295
6,1058
6,955
6,523
2,671
6,1060
1,1043
6,581
6,703
6,849
1,224
6,853
6,819
6,618
7,179
6,459
1,520
1,583
6,892
6,726
6,1027
6,281
6,595
6,534
6,58
6,770
7,363
7,57
6,615
6,530
6,840
1,877
6,267
6,406
6,369
6,103
6,719
6,159
6,263
2,807
1,795
6,329
6,215
6,445
6,70
6,491
6,283
6,96
6,436
6,893
6,91
1,225
6,449
6,220
6,153
6,918
6,833
6,508
6,112
6,535
6,814
6,99
6,156
6,1032
6,258
6,976
6,424
6,300
6,888
1,1041
2,341
6,143
6,573
6,13
6,371
6,297
6,993
6,66
6,680
1,682
6,1008
6,1056
6,292
6,202
6,732
6,868
6,1028
6,307
6,319
6,666
6,427
6,81
6,42
6,313
6,461
6,243
6,376
6,19
6,75
6,1007
6,241
6,597
6,310
6,147
6,195
6,473
6,929
1,555
6,74
6,1003
6,221
6,502
6,176
6,291
6,124
6,942
6,53
6,172
6,55
6,756
6,867
6,169
6,109
6,2
6,160
6,381
6,988
6,872
7,697
6,370
6,1066
6,586
6,174
6,815
6,963
6,526
2,540
6,962
6,982
6,969
6,462
1,731
6,515
6,17
6,519
6,588
6,569
6,1052
1,417
6,483
6,51
6,384
1,477
6,999
7,1030
6,784
1,433
6,591
7,336
6,392
1,834
6,40
6,548
1,908
6,289
7,702
1,1069
6,467
6,558
6,653
6,986
6,701
6,957
6,131
6,386
6,93
6,383
6,704
7,937
6,60
1,749
6,248
6,992
6,998
6,275
7,488
6,823
6,748
1,930
6,974
6,414
7,1070
6,637
6,148
6,518
6,1083
6,11
6,692
6,829
1,745
6,77
6,165
6,208
6,582
6,1076
6,407
6,268
6,910
1,629
1,538
1,100
6,41
1,500
7,1053
6,902
6,403
6,271
7,777
6,422
1,318
6,647
6,752
6,627
1,116
6,21
6,665
6,197
6,878
6,26
6,266
6,184
6,228
6,130
6,796
6,442
6,198
7,158
6,859
6,193
6,686
6,983
6,755
6,549
6,338
6,634
6,111
6,567
6,264
6,200
1,984
2,280
6,465
6,724
1,133
6,373
6,779
6,429
6,455
6,738
1,129
7,753
7,658
1,1049
1,269
6,657
6,678
6,137
6,94
7,1051
6,180
1,973
6,923
5,168
6,82
6,672
6,1072
6,831
6,464
6,856
7,880
6,305
6,1045
6,64
6,747
6,126
6,344
6,185
2,52
6,602
6,537
6,49
6,211
6,949
6,640
7,257
6,938
6,800
1,1067
7,308
6,276
6,150
7,551
6,255
1,270
6,855
6,599
6,541
6,190
6,247
7,781
6,1078
1,351
1,294
6,231
6,950
6,38
6,710
1,1019
6,15
2,359
6,358
6,773
6,527
6,16
1,170
6,140
6,123
6,101
1,177
6,171
6,362
6,400
6,1057
6,533
6,934
6,470
1,1079
6,750
4,387
6,352
6,466
6,522
1,620
2,46
6,194
6,416
6,891
6,504
6,1035
7,1068
6,681
6,553
6,485
6,253
6,456
7,1055
6,566
6,61
6,1054
6,1024
1,142
1,797
6,994
6,664
2,926
6,408
6,330
1,899
6,727
6,735
1,864
6,439
6,997
6,431
1,405
6,218
6,457
6,1037
6,1
6,273
6,139
6,412
6,481
1,56
6,236
6,237
1,552
6,513
7,691
6,306
1,205
6,309
6,87
6,88
6,1011
6,598
6,873
6,286
6,1039
6,219
7,510
6,453
6,186
6,240
6,349
6,438
6,385
6,631
1,736
6,440
1,768
6,493
6,316
6,584
6,346
6,698
6,894
6,102
6,189
6,772
6,1073
6,571
6,107
6,643
1,641
6,472
6,105
6,486
6,684
1,154
6,722
6,213
6,885
6,556
6,562
6,434
1,1031
6,585
2,326
6,244
6,609
2,924
6,903
6,12
6,164
6,577
6,633
6,1004
5,981
6,261
6,119
6,708
1,895
1,766
7,532
1,729
6,311
6,415
6,117
6,733
7,181
5,304
6,786
6,265
6,990
6,1064
6,411
1,232
6,28
1,110
1,728
7,1026
6,157
6,397
6,966
6,9
6,616
7,579
6,764
6,685
6,372
7,673
6,333
6,757
6,915
1,876
6,808
1,628
7,709
6,354
1,475
7,917
6,699
1,78
1,919
6,890
6,389
6,932
6,474
6,447
6,794
6,278
6,543
6,788
6,887
6,223
7,210
6,564
6,274
1,325
6,1001
6,842
6,199
6,660
1,706
6,127
6,612
6,652
6,805
2,1040
1,529
6,839
6,113
7,536
6,645
6,249
6,479
6,298
1,751
6,288
6,30
6,222
6,365
6,509
6,104
1,700
6,630
6,822
1,141
6,828
6,587
6,505
6,619
6,977
6,378
6,832
6,811
1,611
6,874
7,568
6,146
6,920
6,542
1,350
6,857
7,516
1,1059
6,900
6,20
6,649
6,31
1,931
6,739
6,377
6,906
6,1046
6,226
6,36
6,928
7,323
1,970
6,83
6,322
6,689
1,79
6,1015
6,799
7,623
6,812
6,3
7,956
6,5
6,514
6,820
6,980
6,610
6,721
6,761
6,860
6,550
6,33
6,560
6,780
6,718
6,1023
6,1080
6,836
6,675
6,382
6,663
6,886
1,18
1,391
6,337
6,987
3,492
6,821
6,1006
6,865
1,804
6,203
6,838
6,725
6,1038
6,613
6,67
6,1025
6,889
6,507
4,65
2,207
6,531
6,357
6,662
1,25
6,693
7,559
1,898
6,499
1,368
6,47
6,654
6,14
6,50
6,539
6,84
1,503
6,904
6,570
6,679
6,759
6,1005
6,324
6,430
6,648
6,561
6,135
6,191
6,563
6,340
7,960
6,806
6,621
6,1012
1,687
1,953
6,952
6,284
6,458
6,89
6,331
1,737
6,604
6,290
4,233
1,23
6,120
6,339
6,35
6,978
6,367
6,775
1,420
6,841
1,668
6,574
6,818
6,511
6,925
6,332
6,151
6,256
6,871
6,907
6,844
6,741
6,734
1,712
6,312
7,803
6,600
6,845
6,227
6,787
6,86
7,108
6,975
6,192
6,214
6,614
6,921
6,517
6,1016
6,402
6,912
6,217
6,166
6,1082
7,879
6,361
6,711
6,303
6,390
6,715
6,272
6,638
6,487
6,694
6,355
6,421
6,136
6,971
6,63
6,347
6,299
6,789
6,870
6,95
6,216
1,601
6,670
1,792
6,62
