55,50
80,293
35,579
44,100
31,701
73,607
50,264
86,587
31,525
62,128
22,688
5,545
81,663
50,99
36,245
53,19
32,294
106,574
50,676
50,185
96,308
50,523
50,632
31,239
51,590
63,123
82,356
109,665
124,389
82,130
58,698
24,555
60,639
50,337
27,442
114,320
117,67
50,338
90,23
92,76
50,168
34,227
33,329
34,105
52,679
24,418
115,692
13,388
40,289
50,54
120,146
80,524
5,491
50,385
51,396
39,612
24,154
50,435
34,155
81,699
50,591
51,458
27,381
12,284
83,296
7,554
50,420
72,61
50,498
50,97
51,374
42,642
80,58
76,156
76,530
50,536
21,118
94,459
11,392
54,478
12,474
50,110
80,626
30,553
125,275
31,589
46,397
34,304
51,288
60,428
44,602
56,34
30,666
30,286
47,497
74,7
50,162
129,229
50,522
50,519
72,283
35,425
95,208
127,176
50,278
31,166
30,684
88,125
24,126
50,266
24,473
31,334
51,22
9,623
31,20
39,363
95,38
50,41
90,343
33,492
58,421
80,69
50,453
24,470
50,14
50,82
29,187
50,219
61,494
50,496
72,371
132,313
90,70
127,234
31,189
80,661
91,465
32,350
33,572
31,355
106,159
24,624
2,391
65,596
57,431
50,615
64,89
86,167
98,71
91,62
33,565
12,113
28,311
50,611
50,315
50,25
127,317
80,307
50,55
68,613
34,647
50,490
100,621
45,346
54,508
50,655
51,95
50,387
33,237
129,297
113,449
22,164
12,506
40,680
12,357
50,232
59,594
54,566
79,87
125,592
31,645
79,520
57,4
41,265
50,700
74,556
50,410
90,322
50,694
103,91
90,436
90,196
33,599
65,486
33,345
44,367
24,401
71,316
31,72
15,178
127,548
34,544
32,443
59,165
89,249
35,80
31,390
50,600
80,648
24,16
80,45
80,353
116,603
24,298
80,511
15,468
31,549
32,636
50,593
59,1
80,261
129,259
91,244
24,92
28,177
34,204
50,220
31,33
50,90
80,183
31,416
46,145
6,121
50,31
125,9
34,618
45,617
79,695
50,448
108,135
8,231
78,86
88,383
56,115
50,217
30,228
74,408
131,5
54,207
27,472
32,106
33,609
3,446
34,24
31,483
91,475
65,558
5,669
56,255
32,675
56,580
34,140
116,378
50,181
44,672
50,269
96,439
24,199
31,291
89,323
109,112
129,399
90,505
28,570
50,93
22,335
11,246
50,84
36,450
111,664
90,429
90,94
50,107
50,463
90,649
50,499
118,405
50,127
50,557
27,274
31,562
22,225
50,153
50,460
11,414
50,424
45,627
55,678
104,268
19,197
97,584
113,57
11,224
50,214
80,481
89,109
51,46
50,142
24,454
98,479
51,309
77,512
50,111
27,605
51,502
42,32
51,641
110,375
70,359
50,210
77,124
44,659
31,422
66,364
66,569
81,373
126,441
80,690
50,601
116,488
26,537
14,348
79,559
50,638
30,411
18,250
50,35
50,314
80,290
110,63
80,689
109,331
50,413
40,417
43,361
48,11
10,292
27,276
90,172
50,404
84,252
40,509
52,169
88,151
50,139
50,660
46,120
91,43
24,527
37,466
22,193
95,195
50,682
25,515
72,260
90,218
43,203
8,251
68,138
39,17
50,640
83,487
25,262
50,254
24,59
72,161
102,696
31,44
6,236
83,542
50,202
80,42
31,471
90,226
50,622
35,577
45,88
50,610
50,102
54,206
51,567
50,3
125,386
80,543
97,528
50,685
50,534
36,504
31,691
116,500
43,56
87,116
14,370
23,49
29,625
17,174
90,437
31,352
82,344
44,551
27,631
16,184
26,398
24,279
66,576
57,620
26,634
50,461
90,438
50,15
50,360
25,464
21,257
24,564
50,144
82,194
76,325
50,415
30,324
90,26
51,10
127,129
121,635
109,147
50,646
44,552
40,160
36,369
31,604
127,469
25,477
50,445
54,319
90,175
69,152
31,546
19,173
31,64
45,81
30,48
82,568
90,79
50,295
24,277
112,303
82,216
80,526
50,462
50,200
28,412
36,485
15,550
30,332
65,403
50,347
33,582
87,670
55,517
67,616
50,447
34,300
31,423
50,77
50,336
31,687
5,697
67,406
50,12
24,476
72,541
24,53
72,595
31,258
80,532
16,529
43,368
32,241
25,114
107,66
49,588
50,379
50,233
108,83
50,158
72,484
50,339
50,73
50,382
30,535
39,230
81,122
24,305
72,563
38,221
30,341
45,575
108,136
48,2
33,597
107,394
55,211
24,674
123,215
83,212
32,533
128,52
20,328
105,677
50,656
44,457
91,209
50,13
50,326
50,501
50,60
15,179
33,333
38,662
4,182
50,238
107,578
4,426
80,27
38,456
80,30
50,547
25,451
75,585
90,409
100,321
5,312
34,242
38,514
54,65
50,380
12,637
82,652
54,619
55,651
14,372
40,614
68,608
50,351
50,75
50,74
44,653
29,427
31,96
27,186
106,247
90,538
28,480
80,482
65,68
51,503
46,650
35,131
13,101
25,376
30,495
117,365
50,198
93,583
50,6
80,693
36,243
34,108
79,354
50,467
31,402
108,148
10,8
71,349
24,561
82,430
101,657
50,539
7,444
50,133
50,281
50,273
46,407
55,191
46,384
5,119
51,192
80,282
90,366
44,419
53,39
25,285
50,673
52,598
68,188
24,452
102,270
50,205
85,306
31,521
35,668
51,223
50,137
49,256
83,358
51,150
20,573
31,40
31,78
83,493
36,507
48,240
34,581
50,681
51,489
40,510
50,531
24,18
134,560
103,141
128,434
40,342
50,28
128,271
36,318
61,340
55,280
83,455
27,163
50,540
32,586
24,310
50,149
114,654
121,190
44,629
68,299
49,606
53,377
30,518
72,667
83,395
83,301
76,267
99,21
47,683
80,362
90,117
130,103
25,400
33,213
50,330
79,263
50,36
30,643
50,47
50,171
97,302
91,37
31,571
10,287
133,51
31,686
90,432
80,157
31,134
50,440
80,201
24,104
50,630
45,516
107,633
32,272
96,170
50,98
38,222
119,658
18,180
50,85
26,393
25,235
38,327
50,644
88,433
44,703
31,513
34,29
17,628
50,671
50,132
44,248
50,143
1,702
122,253
