14,50
21,293
10,579
13,100
10,701
20,607
13,264
22,587
10,525
16,128
10,688
4,545
21,663
13,99
11,245
14,19
10,294
30,574
13,676
13,185
26,308
13,523
13,632
10,239
13,590
16,123
21,356
30,665
36,389
21,130
15,698
10,555
15,639
13,337
10,442
33,320
34,67
13,338
24,23
25,76
13,168
10,227
10,329
10,105
14,679
10,418
33,692
7,388
12,289
13,54
34,146
21,524
4,491
13,385
13,396
12,612
10,154
13,435
10,155
21,699
13,591
13,458
10,381
7,284
21,296
5,554
13,420
20,61
13,498
13,97
13,374
13,642
21,58
21,156
21,530
13,536
9,118
25,459
7,392
14,478
7,474
13,110
21,626
10,553
37,275
10,589
13,397
10,304
13,288
15,428
13,602
14,34
10,666
10,286
13,497
21,7
13,162
39,229
13,522
13,519
20,283
10,425
26,208
38,176
13,278
10,166
10,684
23,125
10,126
13,266
10,473
10,334
13,22
5,623
10,20
12,363
26,38
13,41
24,343
10,492
15,421
21,69
13,453
10,470
13,14
13,82
10,187
13,219
16,494
13,496
20,371
40,313
24,70
38,234
10,189
21,661
24,465
10,350
10,572
10,355
30,159
10,624
2,391
17,596
15,431
13,615
16,89
22,167
27,71
24,62
10,565
7,113
10,311
13,611
13,315
13,25
38,317
21,307
13,55
18,613
10,647
13,490
27,621
13,346
14,508
13,655
13,95
13,387
10,237
39,297
32,449
10,164
7,506
12,680
7,357
13,232
15,594
14,566
21,87
37,592
10,645
21,520
15,4
12,265
13,700
21,556
13,410
24,322
13,694
28,91
24,436
24,196
10,599
17,486
10,345
13,367
10,401
20,316
10,72
7,178
38,548
10,544
10,443
15,165
24,249
10,80
10,390
13,600
21,648
10,16
21,45
21,353
33,603
10,298
21,511
7,468
10,549
10,636
13,593
15,1
21,261
39,259
24,244
10,92
10,177
10,204
13,220
10,33
13,90
21,183
10,416
13,145
5,121
13,31
37,9
10,618
13,617
21,695
13,448
30,135
5,231
21,86
23,383
14,115
13,217
10,228
21,408
40,5
14,207
10,472
10,106
10,609
3,446
10,24
10,483
24,475
17,558
4,669
14,255
10,675
14,580
10,140
33,378
13,181
13,672
13,269
26,439
10,199
10,291
24,323
30,112
39,399
24,505
10,570
13,93
10,335
7,246
13,84
11,450
31,664
24,429
24,94
13,107
13,463
24,649
13,499
34,405
13,127
13,557
10,274
10,562
10,225
13,153
13,460
7,414
13,424
13,627
14,678
28,268
9,197
26,584
32,57
7,224
13,214
21,481
24,109
13,46
13,142
10,454
27,479
13,309
21,512
13,111
10,605
13,502
13,32
13,641
31,375
19,359
13,210
21,124
13,659
10,422
17,364
17,569
21,373
37,441
21,690
13,601
33,488
10,537
7,348
21,559
13,638
10,411
8,250
13,35
13,314
21,290
31,63
21,689
30,331
13,413
12,417
13,361
13,11
6,292
10,276
24,172
13,404
21,252
12,509
14,169
23,151
13,139
13,660
13,120
24,43
10,527
11,466
10,193
26,195
13,682
10,515
20,260
24,218
13,203
5,251
18,138
12,17
13,640
21,487
10,262
13,254
10,59
20,161
28,696
10,44
5,236
21,542
13,202
21,42
10,471
24,226
13,622
10,577
13,88
13,610
13,102
14,206
13,567
13,3
37,386
21,543
26,528
13,685
13,534
11,504
10,691
33,500
13,56
23,116
7,370
10,49
10,625
8,174
24,437
10,352
21,344
13,551
10,631
7,184
10,398
10,279
17,576
15,620
10,634
13,461
24,438
13,15
13,360
10,464
9,257
10,564
13,144
21,194
21,325
13,415
10,324
24,26
13,10
38,129
35,635
30,147
13,646
13,552
12,160
11,369
10,604
38,469
10,477
13,445
14,319
24,175
18,152
10,546
9,173
10,64
13,81
10,48
21,568
24,79
13,295
10,277
31,303
21,216
21,526
13,462
13,200
10,412
11,485
7,550
10,332
17,403
13,347
10,582
23,670
14,517
18,616
13,447
10,300
10,423
13,77
13,336
10,687
4,697
18,406
13,12
10,476
20,541
10,53
20,595
10,258
21,532
7,529
13,368
10,241
10,114
30,66
13,588
13,379
13,233
30,83
13,158
20,484
13,339
13,73
13,382
10,535
12,230
21,122
10,305
20,563
12,221
10,341
13,575
30,136
13,2
10,597
30,394
14,211
10,674
35,215
21,212
10,533
38,52
9,328
29,677
13,656
13,457
24,209
13,13
13,326
13,501
13,60
7,179
10,333
12,662
4,182
13,238
30,578
4,426
21,27
12,456
21,30
13,547
10,451
21,585
24,409
27,321
4,312
10,242
12,514
14,65
13,380
7,637
21,652
14,619
14,651
7,372
12,614
18,608
13,351
13,75
13,74
13,653
10,427
10,96
10,186
30,247
24,538
10,480
21,482
17,68
13,503
13,650
10,131
7,101
10,376
10,495
34,365
13,198
25,583
13,6
21,693
11,243
10,108
21,354
13,467
10,402
30,148
6,8
20,349
10,561
21,430
27,657
13,539
5,444
13,133
13,281
13,273
13,407
14,191
13,384
4,119
13,192
21,282
24,366
13,419
14,39
10,285
13,673
14,598
18,188
10,452
28,270
13,205
21,306
10,521
10,668
13,223
13,137
13,256
21,358
13,150
9,573
10,40
10,78
21,493
11,507
13,240
10,581
13,681
13,489
12,510
13,531
10,18
41,560
28,141
38,434
12,342
13,28
38,271
11,318
16,340
14,280
21,455
10,163
13,540
10,586
10,310
13,149
33,654
35,190
13,629
18,299
13,606
14,377
10,518
20,667
21,395
21,301
21,267
27,21
13,683
21,362
24,117
39,103
10,400
10,213
13,330
21,263
13,36
10,643
13,47
13,171
26,302
24,37
10,571
6,287
41,51
10,686
24,432
21,157
10,134
13,440
21,201
10,104
13,630
13,516
30,633
10,272
26,170
13,98
12,222
34,658
8,180
13,85
10,393
10,235
12,327
13,644
23,433
13,703
10,513
10,29
8,628
13,671
13,132
13,248
13,143
1,702
35,253
