13,564
39,532
39,151
39,452
39,372
31,475
20,422
39,539
31,476
65,88
66,593
39,210
39,507
39,78
15,596
39,65
39,509
58,220
31,99
31,165
37,279
39,84
39,196
34,310
65,406
39,521
64,296
42,12
39,79
39,407
39,16
44,303
39,558
40,23
39,625
13,392
31,340
65,4
39,216
68,365
5,209
9,515
39,56
39,437
39,562
39,234
65,120
19,546
66,627
20,351
39,495
39,371
39,529
20,344
22,395
39,439
39,145
39,149
12,277
13,519
13,482
13,161
33,300
57,366
39,110
39,584
37,606
39,187
39,350
48,294
31,308
13,53
13,347
42,283
34,43
55,213
64,607
39,360
39,173
44,223
39,465
39,45
39,585
39,413
39,536
31,218
9,158
39,321
39,200
31,621
13,569
39,81
44,224
57,111
44,66
48,493
39,114
62,46
39,178
65,212
47,113
57,487
22,469
39,89
31,115
60,13
46,135
39,333
66,8
39,500
39,597
31,97
39,555
39,228
39,592
38,44
39,280
37,622
28,603
39,5
2,259
66,570
17,57
22,619
13,22
53,17
40,510
47,3
39,561
55,69
44,324
13,260
17,553
28,383
39,281
39,291
40,82
13,26
13,479
4,602
47,342
67,315
13,85
17,363
39,236
46,30
9,498
60,29
39,225
39,524
39,313
10,468
22,573
69,198
44,626
41,444
37,580
39,238
44,335
39,533
39,289
30,176
39,586
13,245
39,591
13,249
40,471
39,599
1,168
2,620
13,33
39,528
39,282
20,401
13,192
39,269
49,35
39,51
65,2
21,298
31,136
22,214
38,385
33,560
28,359
13,292
39,615
24,484
13,550
57,257
18,480
39,429
44,556
21,92
9,425
39,117
13,409
39,322
34,554
39,472
13,450
40,445
13,514
65,325
23,263
36,217
48,527
35,68
39,604
39,440
31,14
39,160
39,104
39,587
38,577
39,456
39,108
39,631
66,448
39,629
49,618
44,301
39,581
39,39
39,497
31,58
13,364
39,397
31,163
1,424
40,458
13,339
22,382
39,150
13,361
39,31
13,457
39,540
32,582
59,567
6,172
31,490
20,434
2,83
39,253
20,346
31,415
31,129
39,511
44,52
1,594
2,167
39,202
31,34
13,137
2,605
39,231
29,127
39,600
39,537
42,410
49,544
39,288
44,116
28,305
31,183
50,215
13,595
39,338
26,156
44,508
44,157
14,21
31,118
31,461
9,67
39,75
31,624
39,24
39,428
39,199
39,208
39,206
62,502
33,28
44,261
31,74
40,278
39,19
44,247
39,394
39,90
22,20
39,473
29,9
39,489
11,275
39,37
31,226
39,357
39,6
66,229
39,266
13,248
38,86
43,504
62,105
39,571
65,242
39,112
31,417
44,311
39,299
27,254
39,274
66,535
13,181
11,464
33,211
2,71
39,370
39,393
14,513
39,408
39,389
13,486
7,334
60,287
11,239
63,427
13,184
2,285
39,319
31,63
39,566
62,387
62,551
38,542
39,270
39,447
20,531
39,314
13,265
39,185
10,119
39,134
39,549
62,380
59,295
39,258
39,162
1,193
69,250
13,286
13,430
14,93
31,572
20,222
39,95
39,377
39,271
11,155
39,412
39,264
39,272
39,462
17,557
22,159
5,131
31,312
39,80
39,32
9,290
15,390
43,579
9,306
44,375
2,608
67,388
29,496
20,146
39,107
39,399
13,207
39,518
2,70
33,96
45,101
31,559
44,128
18,141
39,177
31,221
31,262
39,609
57,474
39,267
22,483
46,543
12,188
39,354
1,491
13,1
52,268
22,189
39,326
39,416
31,598
39,197
40,73
66,235
44,125
39,203
16,435
39,227
13,494
31,61
13,91
13,355
60,304
13,530
39,545
20,421
39,526
39,132
59,432
33,588
34,139
39,610
44,523
56,438
13,171
22,481
39,419
13,166
22,384
39,317
13,62
39,175
39,60
22,232
66,630
22,343
39,454
39,418
57,449
26,164
39,186
13,138
39,520
69,201
39,331
67,72
13,143
11,403
39,255
39,576
39,237
22,517
65,36
37,273
44,356
53,616
31,323
39,15
65,374
61,485
39,601
39,613
2,414
39,362
39,318
31,522
50,455
39,329
39,297
12,506
54,512
39,400
39,59
13,477
39,345
50,501
39,568
15,152
31,195
39,376
2,147
31,276
39,42
13,373
66,87
39,628
13,293
39,534
45,525
39,611
39,552
22,405
39,590
10,182
42,436
22,441
31,443
2,503
12,433
39,398
41,368
39,55
39,459
39,233
12,103
31,617
39,124
39,538
8,153
13,499
48,205
39,180
13,194
39,50
11,341
13,54
39,381
22,423
13,243
39,548
39,174
39,246
13,7
26,358
39,133
39,123
22,144
31,367
39,191
40,391
22,48
39,505
39,332
66,488
26,121
25,386
40,320
13,170
39,252
59,589
20,256
28,378
39,470
26,244
22,402
39,251
39,352
39,169
39,230
44,632
39,369
47,41
39,140
39,612
39,327
66,241
39,516
64,49
33,122
39,563
10,541
39,492
39,316
31,302
44,411
39,11
51,442
66,623
13,575
39,109
68,219
44,614
39,204
39,100
39,179
62,38
39,460
39,25
39,466
39,309
13,47
2,10
22,578
39,633
39,40
39,379
39,453
38,142
39,77
39,565
13,27
39,353
40,451
16,154
39,148
39,420
39,328
40,106
39,467
39,349
45,240
49,426
13,547
22,583
4,307
16,337
66,348
39,284
14,98
22,336
39,330
39,94
39,396
39,446
39,190
66,64
34,102
39,18
39,126
39,463
9,478
39,76
13,130
39,431
3,404
68,574
