18,50
26,293
13,579
17,100
12,701
24,607
17,264
27,587
12,525
20,128
12,688
5,545
26,663
17,99
14,245
18,19
13,294
36,574
17,676
17,185
32,308
17,523
17,632
12,239
17,590
20,123
26,356
36,665
44,389
26,130
19,698
12,555
19,639
17,337
12,442
40,320
41,67
17,338
29,23
30,76
17,168
13,227
13,329
13,105
18,679
12,418
40,692
8,388
15,289
17,54
42,146
26,524
5,491
17,385
17,396
15,612
12,154
17,435
13,155
26,699
17,591
17,458
12,381
8,284
26,296
6,554
17,420
24,61
17,498
17,97
17,374
17,642
26,58
25,156
25,530
17,536
11,118
30,459
8,392
18,478
8,474
17,110
26,626
12,553
45,275
12,589
17,397
13,304
17,288
19,428
17,602
18,34
12,666
12,286
17,497
25,7
17,162
47,229
17,522
17,519
24,283
13,425
31,208
46,176
17,278
12,166
12,684
28,125
12,126
17,266
12,473
12,334
17,22
6,623
12,20
15,363
31,38
17,41
29,343
13,492
19,421
26,69
17,453
12,470
17,14
17,82
12,187
17,219
20,494
17,496
24,371
48,313
29,70
46,234
12,189
26,661
29,465
13,350
13,572
12,355
36,159
12,624
2,391
21,596
19,431
17,615
20,89
27,167
33,71
29,62
13,565
8,113
12,311
17,611
17,315
17,25
46,317
26,307
17,55
22,613
13,647
17,490
33,621
17,346
18,508
17,655
17,95
17,387
13,237
47,297
39,449
12,164
8,506
15,680
8,357
17,232
19,594
18,566
26,87
45,592
12,645
26,520
19,4
16,265
17,700
25,556
17,410
29,322
17,694
34,91
29,436
29,196
13,599
21,486
13,345
17,367
12,401
24,316
12,72
9,178
46,548
13,544
13,443
19,165
29,249
13,80
12,390
17,600
26,648
12,16
26,45
26,353
40,603
12,298
26,511
9,468
12,549
13,636
17,593
19,1
26,261
47,259
29,244
12,92
12,177
13,204
17,220
12,33
17,90
26,183
12,416
17,145
6,121
17,31
45,9
13,618
17,617
26,695
17,448
36,135
6,231
26,86
28,383
18,115
17,217
12,228
25,408
48,5
18,207
12,472
13,106
13,609
3,446
13,24
12,483
29,475
21,558
5,669
18,255
13,675
18,580
13,140
40,378
17,181
17,672
17,269
32,439
12,199
12,291
29,323
36,112
47,399
29,505
12,570
17,93
12,335
8,246
17,84
14,450
37,664
29,429
29,94
17,107
17,463
29,649
17,499
41,405
17,127
17,557
12,274
12,562
12,225
17,153
17,460
8,414
17,424
17,627
18,678
34,268
11,197
32,584
39,57
8,224
17,214
26,481
29,109
17,46
17,142
12,454
33,479
17,309
26,512
17,111
12,605
17,502
17,32
17,641
37,375
23,359
17,210
26,124
17,659
12,422
21,364
21,569
26,373
45,441
26,690
17,601
40,488
12,537
9,348
26,559
17,638
12,411
10,250
17,35
17,314
26,290
37,63
26,689
36,331
17,413
15,417
17,361
17,11
7,292
12,276
29,172
17,404
26,252
15,509
18,169
28,151
17,139
17,660
17,120
29,43
12,527
14,466
12,193
31,195
17,682
12,515
24,260
29,218
17,203
6,251
22,138
15,17
17,640
26,487
12,262
17,254
12,59
24,161
34,696
12,44
6,236
26,542
17,202
26,42
12,471
29,226
17,622
13,577
17,88
17,610
17,102
18,206
17,567
17,3
45,386
26,543
32,528
17,685
17,534
14,504
12,691
40,500
17,56
28,116
9,370
12,49
12,625
10,174
29,437
12,352
26,344
17,551
12,631
9,184
12,398
12,279
21,576
19,620
12,634
17,461
29,438
17,15
17,360
12,464
11,257
12,564
17,144
26,194
25,325
17,415
12,324
29,26
17,10
46,129
43,635
36,147
17,646
17,552
15,160
14,369
12,604
46,469
12,477
17,445
18,319
29,175
22,152
12,546
11,173
12,64
17,81
12,48
26,568
29,79
17,295
12,277
38,303
26,216
26,526
17,462
17,200
12,412
14,485
9,550
12,332
21,403
17,347
13,582
28,670
18,517
22,616
17,447
13,300
12,423
17,77
17,336
12,687
5,697
22,406
17,12
12,476
24,541
12,53
24,595
12,258
26,532
9,529
17,368
13,241
12,114
36,66
17,588
17,379
17,233
36,83
17,158
24,484
17,339
17,73
17,382
12,535
15,230
26,122
12,305
24,563
15,221
12,341
17,575
36,136
17,2
13,597
36,394
18,211
12,674
43,215
26,212
13,533
46,52
11,328
35,677
17,656
17,457
29,209
17,13
17,326
17,501
17,60
9,179
13,333
15,662
4,182
17,238
36,578
4,426
26,27
15,456
26,30
17,547
12,451
25,585
29,409
33,321
5,312
13,242
15,514
18,65
17,380
8,637
26,652
18,619
18,651
9,372
15,614
22,608
17,351
17,75
17,74
17,653
12,427
12,96
12,186
36,247
29,538
12,480
26,482
21,68
17,503
17,650
13,131
8,101
12,376
12,495
41,365
17,198
30,583
17,6
26,693
14,243
13,108
26,354
17,467
12,402
36,148
7,8
24,349
12,561
26,430
33,657
17,539
6,444
17,133
17,281
17,273
17,407
18,191
17,384
5,119
17,192
26,282
29,366
17,419
18,39
12,285
17,673
18,598
22,188
12,452
34,270
17,205
26,306
12,521
13,668
17,223
17,137
17,256
26,358
17,150
11,573
12,40
12,78
26,493
14,507
17,240
13,581
17,681
17,489
15,510
17,531
12,18
49,560
34,141
46,434
15,342
17,28
46,271
14,318
20,340
18,280
26,455
12,163
17,540
13,586
12,310
17,149
40,654
43,190
17,629
22,299
17,606
18,377
12,518
24,667
26,395
26,301
25,267
33,21
17,683
26,362
29,117
47,103
12,400
13,213
17,330
26,263
17,36
12,643
17,47
17,171
32,302
29,37
12,571
7,287
49,51
12,686
29,432
26,157
12,134
17,440
26,201
12,104
17,630
17,516
36,633
13,272
32,170
17,98
15,222
42,658
10,180
17,85
12,393
12,235
15,327
17,644
28,433
17,703
12,513
13,29
10,628
17,671
17,132
17,248
17,143
1,702
43,253
