19,661
25,1045
19,845
19,943
19,19
19,1007
19,529
19,582
19,245
19,70
16,959
19,917
19,381
13,130
19,220
19,325
19,58
19,212
19,672
19,1051
20,568
19,564
19,1015
19,781
8,1108
19,924
19,448
10,969
19,125
19,1047
19,870
19,332
19,466
19,188
19,1091
19,541
19,153
19,983
19,1113
20,300
19,236
19,352
19,1072
19,532
19,309
19,454
14,645
19,1012
19,1080
19,504
13,1020
19,668
19,389
23,1023
19,221
20,839
19,627
19,98
17,974
19,1096
19,78
19,988
19,259
19,430
10,1018
23,322
19,402
19,772
17,403
19,800
19,74
19,633
19,339
19,1021
19,589
19,906
10,386
19,497
15,1062
19,357
19,767
19,301
19,795
19,796
19,651
19,283
19,306
19,976
19,435
19,416
19,30
19,656
19,975
19,88
19,86
19,1119
19,1041
19,918
19,330
33,686
19,13
19,869
19,955
8,683
19,610
19,216
19,35
8,342
19,262
19,292
19,714
19,272
19,496
19,937
3,565
19,63
4,289
19,328
19,827
19,1057
7,482
19,298
19,499
19,1010
19,29
19,821
19,23
24,36
19,360
19,436
19,569
2,535
19,468
19,741
19,903
19,785
19,296
19,788
19,794
19,982
25,546
19,234
19,539
19,780
19,495
19,590
19,119
19,464
19,542
19,742
19,1087
10,92
19,249
5,673
19,510
19,773
19,106
19,462
19,792
19,1016
19,992
19,160
19,347
9,629
19,1089
19,175
19,443
19,545
19,614
19,145
19,1000
19,952
19,609
19,786
19,358
19,71
19,485
19,494
19,1048
7,769
19,1100
19,604
19,12
19,928
19,498
19,1026
25,933
19,846
19,862
24,797
19,755
1,1044
19,174
19,970
19,782
19,690
19,385
19,812
19,240
3,947
24,225
19,849
19,1076
19,15
19,178
16,193
19,893
19,637
19,1111
9,916
19,689
19,1092
19,371
19,362
19,183
19,603
25,704
25,994
20,995
19,156
19,413
10,359
3,1046
19,543
19,914
19,688
19,68
19,202
19,151
19,138
18,528
19,660
19,133
19,577
19,61
19,675
13,287
13,428
19,1093
19,367
19,980
13,263
19,483
19,380
19,516
34,920
19,1013
19,155
19,885
19,343
19,575
19,22
19,76
19,479
19,843
19,401
19,815
19,404
19,874
19,438
19,653
19,168
19,314
19,808
19,87
19,484
19,440
19,1058
19,967
19,291
19,824
19,9
19,270
19,126
19,787
19,1053
25,60
19,771
19,101
19,320
19,214
19,33
19,470
19,676
19,418
5,818
19,853
19,157
19,1099
19,275
19,267
19,269
19,763
19,195
16,973
19,143
19,80
19,105
19,912
19,444
19,866
8,857
19,647
19,930
19,606
19,682
19,476
7,1088
19,747
19,73
19,75
19,186
23,599
19,285
19,445
19,702
24,311
19,957
19,159
19,748
19,667
19,394
19,613
19,960
19,290
19,829
19,113
19,327
19,602
19,149
8,209
19,353
5,46
19,399
20,945
19,527
19,181
19,396
19,801
14,958
19,208
19,366
19,764
19,446
19,759
19,941
19,997
19,1107
19,749
35,931
19,856
19,392
19,57
19,254
19,579
24,987
19,316
19,687
19,774
19,148
19,266
19,82
19,826
19,895
3,956
19,118
19,85
19,1008
19,41
19,894
19,662
13,789
19,880
22,4
19,1005
5,459
15,256
24,433
19,944
19,642
19,835
19,882
19,517
18,524
19,329
19,566
5,228
19,1106
19,1033
19,730
19,907
19,1098
3,1042
19,761
19,754
19,909
19,913
19,109
19,95
19,410
19,368
19,243
19,50
19,205
19,737
19,1090
19,232
3,278
19,34
19,929
19,1024
19,776
19,507
19,442
19,49
19,140
19,146
19,555
19,318
19,341
9,790
19,513
3,204
19,1049
19,258
19,573
19,805
19,708
19,695
19,457
19,199
13,103
19,94
19,972
19,692
19,891
19,836
19,405
16,522
19,182
19,191
19,585
19,873
19,425
19,276
19,584
19,757
19,230
18,1073
19,576
19,592
19,398
19,848
19,158
19,750
19,1068
19,634
19,1
19,552
24,850
19,758
19,1071
19,966
19,43
19,250
19,406
27,1035
19,112
14,649
19,307
13,493
19,173
13,429
26,1036
19,293
19,503
19,1067
24,703
19,491
19,833
25,1003
19,624
19,390
19,147
19,407
25,163
19,310
5,411
19,768
15,312
19,1040
19,122
19,194
19,694
19,544
19,593
19,538
19,261
19,315
25,550
25,1104
19,431
19,623
19,685
19,852
19,570
19,858
19,896
19,281
19,1056
19,953
19,233
19,678
19,170
8,583
19,571
19,134
19,321
19,939
19,144
18,299
19,99
19,334
19,1011
19,990
19,834
19,709
19,458
19,863
19,657
10,652
19,699
19,727
3,346
19,777
19,536
26,72
19,211
19,631
19,872
19,382
19,530
19,420
19,297
19,3
19,1081
21,842
7,1050
9,556
19,62
19,102
19,253
8,1074
19,337
19,1054
19,400
10,520
10,492
19,559
19,344
13,179
13,197
19,596
19,419
19,89
19,923
19,712
19,901
19,255
19,641
19,323
19,489
19,594
19,294
19,828
19,91
19,373
13,823
19,414
8,525
19,227
19,26
19,167
19,1009
19,696
19,241
1,526
19,717
19,224
19,137
19,165
19,932
19,1022
19,902
19,391
19,716
24,93
19,244
19,274
19,911
19,251
19,1029
19,1014
19,640
19,762
19,512
19,618
19,706
19,926
19,807
19,1094
19,900
19,177
19,409
23,456
19,351
19,1027
19,415
19,632
19,574
24,32
20,264
19,617
19,338
19,96
19,18
19,819
19,1061
19,508
5,655
19,114
19,940
19,783
19,427
5,90
25,239
19,934
13,31
19,480
19,1075
19,644
19,847
19,17
19,273
19,288
19,455
19,81
19,950
19,383
14,235
19,611
19,265
19,304
24,48
19,319
19,1082
19,691
13,936
19,825
19,551
19,169
19,369
12,129
18,1102
24,1001
25,659
19,441
19,27
19,809
8,523
7,875
19,505
19,260
19,892
19,282
19,733
8,1052
19,161
5,424
5,586
19,44
19,626
19,461
19,284
19,451
19,52
19,397
19,379
19,136
19,198
19,518
19,5
19,984
19,213
19,925
19,324
25,37
13,120
19,10
24,938
24,725
19,370
19,608
19,107
13,268
19,740
8,600
19,326
19,897
19,674
17,111
19,463
24,810
19,572
19,888
19,110
19,84
16,229
19,616
13,625
19,271
19,775
19,728
24,1097
19,765
13,64
19,417
19,395
14,820
19,1070
24,567
8,760
19,628
24,39
5,1069
34,1085
19,954
24,142
19,477
19,905
19,746
19,1039
19,948
9,965
20,363
19,511
19,345
19,968
19,908
19,998
23,743
19,38
13,722
19,305
19,375
3,595
19,45
19,620
19,83
19,196
19,1083
19,123
19,540
19,779
19,355
20,336
19,24
19,412
19,591
19,832
19,961
19,139
19,739
19,981
19,831
19,844
19,639
3,509
19,877
19,710
19,851
19,841
19,648
10,581
19,487
19,257
19,560
19,1095
19,899
19,919
14,472
19,135
10,20
19,646
19,643
19,502
19,127
13,533
17,1112
19,817
19,721
20,989
30,876
18,619
19,1101
19,1028
19,986
19,475
19,770
19,951
15,16
19,979
19,519
16,813
19,840
19,669
19,124
19,598
19,860
19,723
19,185
2,806
19,889
19,1006
19,116
19,171
19,868
19,303
19,189
5,437
19,946
19,226
19,203
19,607
19,554
19,605
34,150
19,354
19,752
19,588
19,890
19,612
19,985
19,361
19,247
19,563
19,172
19,715
19,1004
19,962
19,1055
19,348
19,279
2,166
9,252
19,162
19,364
19,450
8,7
19,184
19,55
19,514
19,719
13,861
10,8
19,426
13,816
19,131
19,6
19,878
25,280
19,452
19,349
19,248
19,1002
19,207
19,1066
19,991
16,693
19,465
8,453
19,97
24,506
24,681
19,42
32,1019
13,388
19,434
19,601
19,949
19,67
19,215
19,447
19,1043
19,53
19,422
19,1109
31,838
19,684
19,176
19,335
19,219
19,766
8,745
19,622
19,21
19,1037
19,802
19,40
9,56
19,1059
19,231
19,804
19,1110
11,384
19,664
19,521
19,449
19,547
19,374
30,964
6,460
19,713
19,478
19,883
19,378
8,738
19,1060
19,190
19,734
19,731
19,884
19,128
19,701
5,665
19,654
19,1084
19,1103
19,317
19,201
19,724
12,597
19,356
19,621
19,700
19,313
19,54
19,66
19,751
19,615
19,996
19,141
19,218
19,1030
19,1063
19,1025
19,636
19,217
19,500
19,1038
19,187
19,486
29,871
24,501
19,277
19,697
19,481
19,666
19,2
19,474
16,537
19,864
19,473
19,237
19,14
19,1114
9,720
13,1079
19,705
19,1077
19,978
19,578
19,753
19,471
19,51
19,562
19,372
19,432
19,238
19,887
19,561
19,726
13,993
19,798
19,867
25,242
19,1032
19,638
3,658
19,698
19,791
19,729
19,47
19,340
19,469
19,650
19,942
19,663
19,206
19,1116
19,295
19,814
19,1065
19,1078
19,11
19,439
8,718
19,879
19,971
19,711
19,799
19,69
19,59
19,490
25,79
19,811
19,377
19,803
19,921
25,898
10,886
13,1117
19,467
3,963
19,100
19,736
20,246
25,837
19,350
19,408
19,999
19,534
19,1064
19,778
19,223
19,200
19,1034
19,423
19,365
19,393
19,756
19,115
19,1086
19,117
19,679
19,935
19,630
19,830
20,635
24,286
19,735
19,333
25,680
3,387
16,376
19,488
19,154
19,854
19,132
19,822
19,192
19,587
19,922
19,553
19,881
19,515
13,732
16,904
13,1115
19,25
19,104
19,707
19,670
24,331
19,1017
3,302
19,108
19,859
19,677
19,927
19,580
19,671
19,121
19,548
19,180
19,308
19,152
19,28
19,784
19,1031
19,865
19,557
24,531
19,793
9,77
19,222
19,65
19,558
19,915
18,910
19,1118
19,210
19,164
13,855
8,1105
16,744
28,549
9,421
19,977
