1,564
3,532
3,151
3,452
3,372
3,475
1,422
3,539
3,476
6,88
6,593
3,210
3,507
3,78
1,596
3,65
3,509
6,220
3,99
3,165
3,279
3,84
3,196
3,310
6,406
3,521
6,296
3,12
3,79
3,407
3,16
3,303
3,558
3,23
3,625
1,392
3,340
6,4
3,216
6,365
1,209
1,515
3,56
3,437
3,562
3,234
6,120
1,546
6,627
1,351
3,495
3,371
3,529
1,344
1,395
3,439
3,145
3,149
1,277
1,519
1,482
1,161
3,300
6,366
3,110
3,584
3,606
3,187
3,350
3,294
3,308
1,53
1,347
3,283
3,43
6,213
6,607
3,360
3,173
3,223
3,465
3,45
3,585
3,413
3,536
3,218
1,158
3,321
3,200
3,621
1,569
3,81
3,224
6,111
3,66
3,493
3,114
6,46
3,178
6,212
3,113
6,487
1,469
3,89
3,115
6,13
3,135
3,333
6,8
3,500
3,597
3,97
3,555
3,228
3,592
3,44
3,280
3,622
3,603
3,5
1,259
6,570
1,57
1,619
1,22
6,17
3,510
3,3
3,561
6,69
3,324
1,260
1,553
3,383
3,281
3,291
3,82
1,26
1,479
1,602
3,342
6,315
1,85
1,363
3,236
3,30
1,498
6,29
3,225
3,524
3,313
1,468
1,573
6,198
3,626
3,444
3,580
3,238
3,335
3,533
3,289
3,176
3,586
1,245
3,591
1,249
3,471
3,599
1,168
1,620
1,33
3,528
3,282
1,401
1,192
3,269
3,35
3,51
6,2
1,298
3,136
1,214
3,385
3,560
3,359
1,292
3,615
2,484
1,550
6,257
1,480
3,429
3,556
1,92
1,425
3,117
1,409
3,322
3,554
3,472
1,450
3,445
1,514
6,325
1,263
3,217
3,527
3,68
3,604
3,440
3,14
3,160
3,104
3,587
3,577
3,456
3,108
3,631
6,448
3,629
3,618
3,301
3,581
3,39
3,497
3,58
1,364
3,397
3,163
1,424
3,458
1,339
1,382
3,150
1,361
3,31
1,457
3,540
3,582
6,567
1,172
3,490
1,434
1,83
3,253
1,346
3,415
3,129
3,511
3,52
1,594
1,167
3,202
3,34
1,137
1,605
3,231
3,127
3,600
3,537
3,410
3,544
3,288
3,116
3,305
3,183
4,215
1,595
3,338
3,156
3,508
3,157
1,21
3,118
3,461
1,67
3,75
3,624
3,24
3,428
3,199
3,208
3,206
6,502
3,28
3,261
3,74
3,278
3,19
3,247
3,394
3,90
1,20
3,473
3,9
3,489
1,275
3,37
3,226
3,357
3,6
6,229
3,266
1,248
3,86
3,504
6,105
3,571
6,242
3,112
3,417
3,311
3,299
3,254
3,274
6,535
1,181
1,464
3,211
1,71
3,370
3,393
1,513
3,408
3,389
1,486
1,334
6,287
1,239
6,427
1,184
1,285
3,319
3,63
3,566
6,387
6,551
3,542
3,270
3,447
1,531
3,314
1,265
3,185
1,119
3,134
3,549
6,380
6,295
3,258
3,162
1,193
6,250
1,286
1,430
1,93
3,572
1,222
3,95
3,377
3,271
1,155
3,412
3,264
3,272
3,462
1,557
1,159
1,131
3,312
3,80
3,32
1,290
1,390
3,579
1,306
3,375
1,608
6,388
3,496
1,146
3,107
3,399
1,207
3,518
1,70
3,96
3,101
3,559
3,128
1,141
3,177
3,221
3,262
3,609
6,474
3,267
1,483
3,543
1,188
3,354
1,491
1,1
5,268
1,189
3,326
3,416
3,598
3,197
3,73
6,235
3,125
3,203
1,435
3,227
1,494
3,61
1,91
1,355
6,304
1,530
3,545
1,421
3,526
3,132
6,432
3,588
3,139
3,610
3,523
6,438
1,171
1,481
3,419
1,166
1,384
3,317
1,62
3,175
3,60
1,232
6,630
1,343
3,454
3,418
6,449
3,164
3,186
1,138
3,520
6,201
3,331
6,72
1,143
1,403
3,255
3,576
3,237
1,517
6,36
3,273
3,356
6,616
3,323
3,15
6,374
6,485
3,601
3,613
1,414
3,362
3,318
3,522
4,455
3,329
3,297
1,506
6,512
3,400
3,59
1,477
3,345
4,501
3,568
1,152
3,195
3,376
1,147
3,276
3,42
1,373
6,87
3,628
1,293
3,534
3,525
3,611
3,552
1,405
3,590
1,182
3,436
1,441
3,443
1,503
1,433
3,398
3,368
3,55
3,459
3,233
1,103
3,617
3,124
3,538
1,153
1,499
3,205
3,180
1,194
3,50
1,341
1,54
3,381
1,423
1,243
3,548
3,174
3,246
1,7
3,358
3,133
3,123
1,144
3,367
3,191
3,391
1,48
3,505
3,332
6,488
3,121
2,386
3,320
1,170
3,252
6,589
1,256
3,378
3,470
3,244
1,402
3,251
3,352
3,169
3,230
3,632
3,369
3,41
3,140
3,612
3,327
6,241
3,516
6,49
3,122
3,563
1,541
3,492
3,316
3,302
3,411
3,11
5,442
6,623
1,575
3,109
6,219
3,614
3,204
3,100
3,179
6,38
3,460
3,25
3,466
3,309
1,47
1,10
1,578
3,633
3,40
3,379
3,453
3,142
3,77
3,565
1,27
3,353
3,451
1,154
3,148
3,420
3,328
3,106
3,467
3,349
3,240
3,426
1,547
1,583
1,307
1,337
6,348
3,284
1,98
1,336
3,330
3,94
3,396
3,446
3,190
6,64
3,102
3,18
3,126
3,463
1,478
3,76
1,130
3,431
1,404
6,574
