28,564
103,532
103,151
103,452
103,372
76,475
47,422
103,539
78,476
159,88
164,593
103,210
103,507
101,78
36,596
103,65
103,509
147,220
78,99
78,165
90,279
103,84
103,196
85,310
160,406
103,521
158,296
108,12
103,79
103,407
100,16
117,303
103,558
105,23
103,625
26,392
78,340
161,4
98,216
172,365
7,209
12,515
103,56
103,437
103,562
103,234
159,120
43,546
166,627
45,351
103,495
99,371
103,529
45,344
59,395
103,439
103,145
98,149
22,277
29,519
28,482
30,161
81,300
145,366
103,110
103,584
88,606
101,187
103,350
129,294
72,308
24,53
28,347
109,283
84,43
143,213
157,607
103,360
103,173
117,223
103,465
103,45
100,585
103,413
103,536
76,218
14,158
103,321
103,200
78,621
28,569
103,81
114,224
146,111
115,66
130,493
103,114
155,46
103,178
161,212
125,113
145,487
58,469
98,89
77,115
150,13
123,135
98,333
163,8
103,500
103,597
74,97
103,555
103,228
103,592
92,44
103,280
91,622
67,603
103,5
3,259
166,570
39,57
50,619
28,22
140,17
105,510
126,3
99,561
142,69
119,324
30,260
39,553
68,383
103,281
103,291
105,82
32,26
30,479
6,602
127,342
169,315
24,85
39,363
103,236
123,30
13,498
151,29
103,225
100,524
103,313
17,468
52,573
174,198
112,626
107,444
90,580
103,238
119,335
102,533
103,289
71,176
97,586
31,245
103,591
30,249
105,471
103,599
1,168
3,620
30,33
100,528
103,282
46,401
30,192
103,269
133,35
103,51
161,2
49,298
72,136
57,214
93,385
82,560
67,359
32,292
103,615
61,484
28,550
146,257
42,480
103,429
114,556
48,92
13,425
103,117
28,409
103,322
83,554
103,472
24,450
105,445
28,514
161,325
60,263
87,217
128,527
86,68
103,604
103,440
72,14
103,160
103,104
103,587
94,577
103,456
104,108
103,631
162,448
103,629
132,618
114,301
103,581
103,39
103,497
78,58
28,364
103,397
76,163
2,424
105,458
29,339
58,382
103,150
28,361
103,31
25,457
103,540
80,582
149,567
9,172
74,490
44,434
3,83
103,253
47,346
78,415
76,129
103,511
114,52
1,594
3,167
99,202
79,34
23,137
3,605
103,231
70,127
103,600
103,537
108,410
131,544
104,288
113,116
67,305
76,183
134,215
28,595
103,338
65,156
116,508
119,157
33,21
79,118
78,461
13,67
103,75
78,624
103,24
103,428
103,199
103,208
103,206
155,502
82,28
114,261
73,74
106,278
103,19
117,247
103,394
103,90
57,20
103,473
70,9
103,489
18,275
103,37
75,226
103,357
98,6
167,229
103,266
27,248
92,86
111,504
154,105
103,571
160,242
103,112
74,417
119,311
103,299
66,254
103,274
165,535
30,181
19,464
82,211
3,71
103,370
103,393
34,513
103,408
104,389
28,486
10,334
150,287
18,239
156,427
24,184
3,285
103,319
73,63
103,566
155,387
153,551
95,542
96,270
103,447
45,531
103,314
31,265
103,185
15,119
99,134
103,549
153,380
149,295
103,258
103,162
1,193
173,250
28,286
28,430
33,93
78,572
47,222
103,95
103,377
100,271
19,155
103,412
97,264
103,272
103,462
40,557
59,159
8,131
72,312
103,80
103,32
12,290
35,390
110,579
13,306
116,375
3,608
168,388
70,496
45,146
96,107
103,399
30,207
103,518
3,70
81,96
121,101
73,559
118,128
41,141
103,177
72,221
78,262
103,609
146,474
97,267
54,483
124,543
21,188
103,354
1,491
23,1
138,268
57,189
103,326
103,416
72,598
103,197
105,73
167,235
112,125
103,203
38,435
99,227
28,494
74,61
31,91
30,355
151,304
27,530
103,545
44,421
97,526
103,132
148,432
82,588
83,139
103,610
114,523
144,438
30,171
55,481
100,419
28,166
57,384
103,317
30,62
103,175
101,60
57,232
164,630
56,343
103,454
103,418
146,449
63,164
98,186
31,138
103,520
173,201
103,331
168,72
31,143
18,403
98,255
100,576
96,237
59,517
160,36
89,273
119,356
139,616
72,323
103,15
160,374
152,485
103,601
103,613
3,414
103,362
103,318
78,522
135,455
103,329
103,297
22,506
141,512
103,400
103,59
30,477
103,345
136,501
103,568
37,152
73,195
103,376
3,147
78,276
100,42
28,373
165,87
103,628
28,293
103,534
122,525
98,611
103,552
53,405
103,590
15,182
108,436
56,441
77,443
3,503
21,433
103,398
107,368
103,55
103,459
99,233
21,103
72,617
103,124
103,538
11,153
26,499
128,205
103,180
24,194
103,50
20,341
30,54
103,381
57,423
27,243
101,548
103,174
103,246
27,7
63,358
103,133
103,123
57,144
72,367
103,191
105,391
51,48
103,505
100,332
165,488
64,121
62,386
105,320
27,170
103,252
148,589
44,256
69,378
103,470
64,244
57,402
103,251
103,352
103,169
103,230
119,632
103,369
125,41
103,140
103,612
103,327
166,241
103,516
157,49
81,122
100,563
16,541
103,492
103,316
74,302
114,411
103,11
137,442
163,623
23,575
98,109
171,219
120,614
103,204
98,100
100,179
154,38
103,460
103,25
103,466
98,309
30,47
3,10
57,578
103,633
103,40
103,379
99,453
94,142
103,77
103,565
28,27
103,353
105,451
38,154
103,148
103,420
101,328
105,106
103,467
103,349
121,240
131,426
30,547
57,583
5,307
38,337
162,348
103,284
33,98
50,336
98,330
103,94
103,396
103,446
103,190
163,64
84,102
103,18
103,126
103,463
14,478
98,76
29,130
98,431
4,404
170,574
