42,421
44,411
8,17
8,207
35,476
8,513
35,681
35,700
33,279
35,147
25,149
35,428
8,636
8,327
8,187
35,585
35,440
35,441
35,638
35,60
35,677
35,416
35,240
35,113
35,384
35,132
8,110
6,152
25,604
35,321
8,399
8,610
35,169
35,219
8,594
35,20
35,77
35,5
35,64
35,204
35,400
35,339
8,503
35,167
35,622
14,499
35,362
35,473
35,103
8,527
35,508
8,635
8,666
35,216
8,7
7,612
35,454
8,232
35,260
35,693
8,526
25,497
8,252
35,439
35,262
35,221
35,511
35,16
8,229
35,41
35,280
25,698
35,554
35,128
4,540
35,114
35,494
8,561
35,304
35,154
33,684
35,39
35,600
35,261
8,40
8,184
35,97
16,354
35,423
35,76
8,139
23,21
8,530
15,437
35,597
35,118
35,356
35,290
8,544
3,386
8,65
35,697
35,583
35,688
8,195
24,501
6,200
28,73
35,82
35,611
35,89
25,317
35,571
35,448
35,49
8,133
35,430
35,98
35,276
35,521
24,319
8,447
35,663
35,183
3,263
25,312
23,54
35,71
32,696
35,202
35,690
35,102
35,652
25,628
25,302
35,655
33,538
8,496
35,672
8,461
8,433
35,178
8,123
7,575
35,648
8,584
35,590
35,479
35,617
35,182
35,664
35,609
35,602
35,514
25,436
8,486
35,488
35,190
35,640
35,326
35,413
35,268
35,369
8,676
35,57
35,649
35,593
35,83
35,429
35,485
35,298
35,553
25,425
35,30
35,287
30,160
35,460
35,517
35,644
8,542
25,328
35,373
35,87
35,365
8,558
25,667
35,157
8,408
35,380
35,427
8,42
35,581
35,468
8,464
35,224
35,104
35,596
35,25
35,606
35,38
35,237
35,34
35,492
35,574
1,475
25,36
35,174
8,306
8,407
5,406
21,415
8,142
35,153
35,417
35,375
35,355
28,493
35,599
35,136
8,539
35,342
8,569
38,96
35,310
35,59
35,536
8,598
8,168
35,370
35,226
27,177
35,145
35,463
35,565
15,213
35,686
35,699
35,196
35,389
35,469
8,378
8,311
8,404
8,238
8,10
47,608
35,284
44,336
35,165
8,466
35,297
35,22
35,682
38,452
35,158
29,247
8,673
35,502
34,481
35,434
35,351
35,577
35,591
8,374
35,67
35,545
35,692
35,381
33,19
35,403
8,573
35,172
8,74
8,665
8,507
35,314
39,45
35,119
35,265
35,451
35,296
8,225
8,151
35,193
35,159
12,18
35,490
33,680
35,131
35,201
27,528
8,236
8,579
25,658
35,394
35,632
35,376
35,117
35,689
15,446
35,385
35,519
35,95
35,124
8,391
35,197
25,350
47,641
35,345
35,214
35,148
35,26
8,251
35,582
8,605
35,529
35,161
12,624
35,668
8,661
35,24
8,509
35,555
35,309
35,472
35,218
35,359
35,379
34,215
8,477
35,163
8,230
28,533
8,111
35,150
35,66
8,419
18,33
35,397
33,639
33,601
35,387
35,267
8,551
35,289
25,683
8,675
8,171
25,516
35,199
35,120
8,410
32,643
35,162
35,44
35,239
17,458
8,637
35,694
44,37
8,691
35,409
5,371
8,631
35,115
8,48
8,512
25,303
35,130
35,524
35,343
33,325
35,234
35,198
35,272
35,630
8,398
35,295
35,324
35,233
35,570
12,642
35,462
35,618
35,438
35,68
35,266
8,192
35,8
39,456
35,443
37,84
8,109
35,12
8,51
8,255
35,495
35,47
35,634
35,249
24,179
8,175
35,270
35,90
8,299
35,619
35,253
35,281
35,79
35,483
35,607
35,80
35,23
35,285
35,189
35,383
35,301
3,705
35,203
33,258
35,70
25,701
35,166
8,562
35,505
25,170
35,323
35,335
35,654
35,414
24,316
8,412
35,278
35,651
8,331
35,471
35,329
35,259
35,392
35,254
35,223
8,515
35,678
8,137
33,550
35,620
35,9
35,341
39,81
8,288
35,269
35,623
14,687
35,445
8,340
35,467
22,674
35,420
23,552
35,578
35,372
35,353
35,129
35,390
8,470
35,449
33,277
35,629
35,108
39,333
36,217
35,256
35,176
8,556
35,291
35,231
35,1
14,566
35,588
8,520
35,2
25,248
35,626
8,360
35,679
35,670
8,246
35,308
8,589
35,349
15,346
35,206
35,422
35,426
35,62
35,173
35,11
8,557
35,564
8,671
35,307
35,532
35,135
13,126
35,580
15,535
35,134
35,72
35,368
8,29
35,703
35,294
35,181
35,704
38,186
35,482
35,155
16,112
35,401
44,121
35,106
8,702
19,431
35,534
8,459
35,92
35,127
35,257
35,361
35,334
8,510
25,53
35,337
26,548
25,85
35,78
8,650
35,522
35,480
35,320
15,344
35,322
8,366
35,275
35,621
8,498
8,271
8,4
8,241
33,567
35,563
33,180
35,465
35,242
35,364
31,633
25,367
35,27
8,537
8,487
35,377
35,191
8,292
25,282
35,525
41,50
8,101
2,86
35,61
35,592
35,660
8,559
35,543
35,208
35,143
8,243
35,405
33,474
35,15
25,245
35,695
35,283
35,659
35,613
35,442
8,3
9,116
43,546
48,52
35,250
35,315
8,35
35,627
35,586
8,227
35,393
35,347
35,305
35,156
35,146
35,576
35,185
15,547
35,13
35,332
35,489
35,99
35,657
35,188
35,32
35,164
35,395
8,194
8,14
7,424
8,662
35,435
35,549
35,264
33,58
8,500
35,228
33,274
35,656
8,273
44,138
8,352
35,685
40,141
35,572
35,244
35,220
8,122
35,432
35,348
35,595
35,444
35,63
35,91
35,43
35,330
35,6
35,55
35,402
10,358
8,293
4,614
35,531
35,105
8,93
35,455
35,69
20,31
35,212
35,396
8,140
8,388
35,313
8,560
8,625
35,222
8,209
35,484
35,646
35,450
35,616
35,56
35,615
11,144
46,107
25,28
35,363
35,210
33,645
35,587
35,75
35,647
38,100
45,125
35,418
35,669
35,235
35,541
35,506
8,603
35,491
33,300
35,94
35,88
35,518
35,286
35,382
35,318
35,504
8,46
35,478
35,453
35,338
35,357
35,523
35,568
24,205
25,211
25,653
35,457
