31,307
32,518
31,190
20,422
19,622
3,230
31,494
21,7
22,371
35,500
31,749
29,497
34,534
31,711
56,19
31,717
25,635
20,627
31,742
31,713
18,203
17,463
31,583
31,747
31,323
32,496
31,723
25,690
36,661
42,670
19,70
15,701
71,639
31,358
19,283
50,399
47,510
61,158
33,609
18,150
31,710
45,391
17,737
25,550
9,188
31,453
31,472
30,567
52,738
68,236
68,529
4,434
33,14
32,593
32,699
35,278
31,235
31,71
32,25
31,605
31,382
65,630
18,46
31,473
71,435
32,603
19,644
34,604
79,172
31,152
31,201
31,153
31,720
31,340
18,741
3,269
4,731
31,298
4,488
9,41
31,378
4,458
2,480
63,743
31,705
19,255
18,576
41,229
19,479
32,396
32,442
33,633
31,383
19,78
31,218
31,548
21,189
32,133
34,261
31,111
70,20
5,267
52,281
32,328
79,678
83,415
18,318
25,142
17,504
31,522
31,681
46,572
19,707
13,259
4,96
31,200
88,3
31,125
66,372
20,695
32,613
6,220
34,694
66,162
31,573
31,72
37,512
36,539
59,73
32,407
62,433
85,179
31,379
77,507
32,698
31,598
9,532
19,315
31,360
31,525
31,338
31,735
74,725
9,226
73,728
2,100
31,553
19,543
62,93
31,74
31,257
31,658
31,537
32,34
54,57
10,493
31,653
31,334
31,126
19,85
20,621
31,600
32,240
32,570
31,198
18,224
31,171
19,417
31,623
32,157
31,136
31,186
39,64
32,716
31,719
31,536
4,364
59,652
31,599
5,47
18,205
31,317
31,183
18,81
18,116
31,509
33,195
31,250
31,165
31,571
9,246
47,151
52,335
59,175
31,498
9,313
9,555
31,620
59,578
31,169
31,24
31,1
31,395
63,61
31,732
31,637
59,446
21,692
68,666
44,629
31,277
31,309
42,23
33,714
16,540
64,523
16,592
31,292
62,381
31,746
68,147
28,703
86,141
31,270
4,615
31,306
21,607
31,297
31,182
31,359
21,410
20,176
17,726
34,202
31,95
31,736
32,228
82,118
19,343
31,730
19,58
31,414
16,471
25,60
68,709
31,486
6,443
11,683
25,11
31,424
60,211
31,291
32,485
1,533
31,404
62,242
31,515
19,680
31,521
21,272
31,481
19,159
33,589
23,568
32,167
4,140
31,110
23,559
31,403
31,342
19,16
31,501
9,139
65,206
64,426
4,405
31,503
31,341
33,27
55,212
31,331
70,686
31,684
53,641
62,631
84,252
28,505
52,344
19,355
35,314
31,447
31,495
20,474
9,624
79,357
68,483
31,398
31,712
25,367
51,98
19,706
9,164
9,2
18,54
21,406
31,347
31,619
9,418
31,420
19,490
57,665
17,632
31,451
31,676
31,352
79,366
31,163
31,370
19,59
69,580
44,237
6,325
31,350
25,502
32,362
5,664
32,90
31,544
3,660
61,26
31,663
19,380
79,327
31,170
31,584
17,130
23,449
31,91
34,421
31,587
31,55
31,389
31,135
31,174
14,154
19,66
32,121
19,265
66,104
32,253
15,48
32,638
52,640
19,279
31,588
25,552
32,92
31,214
31,53
31,39
19,642
32,662
66,187
31,263
16,724
32,601
32,400
66,636
19,466
32,99
31,234
31,13
60,68
21,430
9,439
44,339
43,123
31,393
31,748
32,290
31,56
31,693
31,10
7,29
71,597
16,128
19,127
6,222
32,287
65,12
31,647
9,477
35,594
19,476
31,289
31,354
18,258
32,557
31,394
33,560
18,241
2,35
31,262
31,348
31,148
32,563
31,89
17,590
59,301
31,160
20,94
8,138
16,454
31,530
31,319
38,346
31,546
32,361
72,516
32,271
32,535
31,332
51,239
31,168
63,67
31,437
78,541
17,5
51,387
34,369
17,464
14,657
31,634
31,31
31,113
19,86
19,628
5,750
34,436
8,310
44,667
31,18
31,4
4,669
1,120
31,293
31,161
7,232
32,491
25,654
32,411
66,668
31,616
19,729
25,562
2,462
47,305
31,374
76,208
18,484
55,231
21,595
31,511
19,655
9,227
34,260
69,8
18,97
68,9
56,401
31,547
31,460
31,107
31,21
79,166
19,538
19,554
18,184
31,181
31,564
31,468
9,40
32,185
21,478
31,75
31,87
49,304
31,63
9,397
32,649
20,43
66,428
31,431
31,606
31,336
31,408
31,519
31,574
80,520
31,233
31,22
32,673
31,312
31,109
31,217
6,581
31,386
9,413
31,243
31,733
21,659
31,365
2,215
4,517
31,558
19,687
16,17
31,689
17,299
17,596
31,356
31,455
31,28
2,648
31,44
11,744
60,249
63,108
31,450
19,244
66,324
31,677
31,682
31,650
19,337
31,264
31,268
18,700
31,561
31,674
19,32
65,351
31,651
32,345
67,432
19,114
18,551
31,173
62,416
31,672
13,88
33,444
31,115
18,77
31,82
44,225
19,177
25,514
31,266
19,52
24,276
21,611
19,625
18,79
2,102
7,438
31,180
31,326
54,708
31,524
31,402
31,83
31,645
17,146
48,456
31,565
62,513
31,685
46,76
32,329
16,585
48,6
31,506
32,122
3,388
73,322
32,247
33,445
31,254
19,608
9,375
31,465
31,392
19,591
21,303
25,197
36,308
31,45
31,80
31,508
33,727
59,294
31,702
31,721
31,273
17,137
31,489
9,302
31,144
82,191
4,196
65,482
31,643
69,448
31,566
20,618
60,715
7,384
32,412
31,440
31,156
31,526
31,248
31,722
4,691
63,531
31,452
19,492
31,349
31,363
31,675
32,119
31,368
19,124
31,740
33,274
31,62
30,390
31,612
33,542
31,275
33,216
7,256
31,219
2,549
67,149
19,688
25,577
17,285
23,131
27,425
31,204
31,626
20,528
21,84
44,469
19,51
31,753
16,209
32,296
31,50
33,221
32,245
32,646
32,545
31,671
19,614
20,320
20,467
31,282
69,101
40,194
17,199
26,602
66,207
32,409
25,178
31,129
52,251
31,617
31,527
23,373
31,330
31,38
3,15
31,470
25,311
62,704
25,739
31,49
66,679
31,745
35,103
31,353
31,193
72,288
81,429
31,423
31,300
23,284
31,36
9,487
31,280
58,461
31,569
32,155
31,112
2,718
31,579
31,734
31,37
32,192
31,457
31,210
7,656
31,556
31,376
46,321
31,441
31,42
9,582
12,575
31,30
33,213
31,377
31,33
9,65
31,385
21,419
31,696
31,69
31,333
16,105
46,316
31,475
31,295
31,499
31,697
52,134
66,459
31,427
31,586
31,145
25,143
52,751
31,238
31,610
35,106
31,132
19,286
75,223
87,752
68,117
