15,661
19,1045
15,845
15,943
15,19
15,1007
15,529
15,582
15,245
15,70
14,959
15,917
15,381
11,130
15,220
15,325
15,58
15,212
15,672
15,1051
15,568
15,564
15,1015
15,781
6,1108
15,924
15,448
8,969
15,125
15,1047
15,870
15,332
15,466
15,188
15,1091
15,541
15,153
15,983
15,1113
15,300
15,236
15,352
15,1072
15,532
15,309
15,454
12,645
15,1012
15,1080
15,504
11,1020
15,668
15,389
18,1023
15,221
15,839
15,627
15,98
14,974
15,1096
15,78
15,988
15,259
15,430
8,1018
18,322
15,402
15,772
14,403
15,800
15,74
15,633
15,339
15,1021
15,589
15,906
8,386
15,497
13,1062
15,357
15,767
15,301
15,795
15,796
15,651
15,283
15,306
15,976
15,435
15,416
15,30
15,656
15,975
15,88
15,86
15,1119
15,1041
15,918
15,330
24,686
15,13
15,869
15,955
6,683
15,610
15,216
15,35
6,342
15,262
15,292
15,714
15,272
15,496
15,937
2,565
15,63
2,289
15,328
15,827
15,1057
5,482
15,298
15,499
15,1010
15,29
15,821
15,23
18,36
15,360
15,436
15,569
1,535
15,468
15,741
15,903
15,785
15,296
15,788
15,794
15,982
19,546
15,234
15,539
15,780
15,495
15,590
15,119
15,464
15,542
15,742
15,1087
8,92
15,249
3,673
15,510
15,773
15,106
15,462
15,792
15,1016
15,992
15,160
15,347
7,629
15,1089
15,175
15,443
15,545
15,614
15,145
15,1000
15,952
15,609
15,786
15,358
15,71
15,485
15,494
15,1048
5,769
15,1100
15,604
15,12
15,928
15,498
15,1026
19,933
15,846
15,862
18,797
15,755
1,1044
15,174
15,970
15,782
15,690
15,385
15,812
15,240
2,947
18,225
15,849
15,1076
15,15
15,178
14,193
15,893
15,637
15,1111
7,916
15,689
15,1092
15,371
15,362
15,183
15,603
19,704
19,994
15,995
15,156
15,413
8,359
2,1046
15,543
15,914
15,688
15,68
15,202
15,151
15,138
15,528
15,660
15,133
15,577
15,61
15,675
11,287
11,428
15,1093
15,367
15,980
11,263
15,483
15,380
15,516
25,920
15,1013
15,155
15,885
15,343
15,575
15,22
15,76
15,479
15,843
15,401
15,815
15,404
15,874
15,438
15,653
15,168
15,314
15,808
15,87
15,484
15,440
15,1058
15,967
15,291
15,824
15,9
15,270
15,126
15,787
15,1053
19,60
15,771
15,101
15,320
15,214
15,33
15,470
15,676
15,418
3,818
15,853
15,157
15,1099
15,275
15,267
15,269
15,763
15,195
14,973
15,143
15,80
15,105
15,912
15,444
15,866
6,857
15,647
15,930
15,606
15,682
15,476
5,1088
15,747
15,73
15,75
15,186
18,599
15,285
15,445
15,702
18,311
15,957
15,159
15,748
15,667
15,394
15,613
15,960
15,290
15,829
15,113
15,327
15,602
15,149
6,209
15,353
3,46
15,399
15,945
15,527
15,181
15,396
15,801
12,958
15,208
15,366
15,764
15,446
15,759
15,941
15,997
15,1107
15,749
26,931
15,856
15,392
15,57
15,254
15,579
18,987
15,316
15,687
15,774
15,148
15,266
15,82
15,826
15,895
2,956
15,118
15,85
15,1008
15,41
15,894
15,662
11,789
15,880
17,4
15,1005
3,459
13,256
18,433
15,944
15,642
15,835
15,882
15,517
15,524
15,329
15,566
3,228
15,1106
15,1033
15,730
15,907
15,1098
2,1042
15,761
15,754
15,909
15,913
15,109
15,95
15,410
15,368
15,243
15,50
15,205
15,737
15,1090
15,232
2,278
15,34
15,929
15,1024
15,776
15,507
15,442
15,49
15,140
15,146
15,555
15,318
15,341
7,790
15,513
2,204
15,1049
15,258
15,573
15,805
15,708
15,695
15,457
15,199
11,103
15,94
15,972
15,692
15,891
15,836
15,405
14,522
15,182
15,191
15,585
15,873
15,425
15,276
15,584
15,757
15,230
15,1073
15,576
15,592
15,398
15,848
15,158
15,750
15,1068
15,634
15,1
15,552
18,850
15,758
15,1071
15,966
15,43
15,250
15,406
20,1035
15,112
12,649
15,307
11,493
15,173
11,429
19,1036
15,293
15,503
15,1067
18,703
15,491
15,833
19,1003
15,624
15,390
15,147
15,407
19,163
15,310
3,411
15,768
13,312
15,1040
15,122
15,194
15,694
15,544
15,593
15,538
15,261
15,315
19,550
19,1104
15,431
15,623
15,685
15,852
15,570
15,858
15,896
15,281
15,1056
15,953
15,233
15,678
15,170
6,583
15,571
15,134
15,321
15,939
15,144
15,299
15,99
15,334
15,1011
15,990
15,834
15,709
15,458
15,863
15,657
8,652
15,699
15,727
2,346
15,777
15,536
19,72
15,211
15,631
15,872
15,382
15,530
15,420
15,297
15,3
15,1081
16,842
5,1050
7,556
15,62
15,102
15,253
6,1074
15,337
15,1054
15,400
8,520
8,492
15,559
15,344
11,179
11,197
15,596
15,419
15,89
15,923
15,712
15,901
15,255
15,641
15,323
15,489
15,594
15,294
15,828
15,91
15,373
11,823
15,414
6,525
15,227
15,26
15,167
15,1009
15,696
15,241
1,526
15,717
15,224
15,137
15,165
15,932
15,1022
15,902
15,391
15,716
18,93
15,244
15,274
15,911
15,251
15,1029
15,1014
15,640
15,762
15,512
15,618
15,706
15,926
15,807
15,1094
15,900
15,177
15,409
18,456
15,351
15,1027
15,415
15,632
15,574
18,32
15,264
15,617
15,338
15,96
15,18
15,819
15,1061
15,508
3,655
15,114
15,940
15,783
15,427
3,90
19,239
15,934
11,31
15,480
15,1075
15,644
15,847
15,17
15,273
15,288
15,455
15,81
15,950
15,383
12,235
15,611
15,265
15,304
18,48
15,319
15,1082
15,691
11,936
15,825
15,551
15,169
15,369
10,129
15,1102
18,1001
19,659
15,441
15,27
15,809
6,523
5,875
15,505
15,260
15,892
15,282
15,733
6,1052
15,161
3,424
3,586
15,44
15,626
15,461
15,284
15,451
15,52
15,397
15,379
15,136
15,198
15,518
15,5
15,984
15,213
15,925
15,324
19,37
11,120
15,10
18,938
18,725
15,370
15,608
15,107
11,268
15,740
6,600
15,326
15,897
15,674
14,111
15,463
18,810
15,572
15,888
15,110
15,84
14,229
15,616
11,625
15,271
15,775
15,728
18,1097
15,765
11,64
15,417
15,395
12,820
15,1070
18,567
6,760
15,628
18,39
3,1069
25,1085
15,954
18,142
15,477
15,905
15,746
15,1039
15,948
7,965
15,363
15,511
15,345
15,968
15,908
15,998
18,743
15,38
11,722
15,305
15,375
2,595
15,45
15,620
15,83
15,196
15,1083
15,123
15,540
15,779
15,355
15,336
15,24
15,412
15,591
15,832
15,961
15,139
15,739
15,981
15,831
15,844
15,639
2,509
15,877
15,710
15,851
15,841
15,648
8,581
15,487
15,257
15,560
15,1095
15,899
15,919
12,472
15,135
8,20
15,646
15,643
15,502
15,127
11,533
14,1112
15,817
15,721
15,989
22,876
15,619
15,1101
15,1028
15,986
15,475
15,770
15,951
13,16
15,979
15,519
14,813
15,840
15,669
15,124
15,598
15,860
15,723
15,185
1,806
15,889
15,1006
15,116
15,171
15,868
15,303
15,189
3,437
15,946
15,226
15,203
15,607
15,554
15,605
25,150
15,354
15,752
15,588
15,890
15,612
15,985
15,361
15,247
15,563
15,172
15,715
15,1004
15,962
15,1055
15,348
15,279
1,166
7,252
15,162
15,364
15,450
6,7
15,184
15,55
15,514
15,719
11,861
8,8
15,426
11,816
15,131
15,6
15,878
19,280
15,452
15,349
15,248
15,1002
15,207
15,1066
15,991
14,693
15,465
6,453
15,97
18,506
18,681
15,42
23,1019
11,388
15,434
15,601
15,949
15,67
15,215
15,447
15,1043
15,53
15,422
15,1109
22,838
15,684
15,176
15,335
15,219
15,766
6,745
15,622
15,21
15,1037
15,802
15,40
7,56
15,1059
15,231
15,804
15,1110
9,384
15,664
15,521
15,449
15,547
15,374
22,964
4,460
15,713
15,478
15,883
15,378
6,738
15,1060
15,190
15,734
15,731
15,884
15,128
15,701
3,665
15,654
15,1084
15,1103
15,317
15,201
15,724
10,597
15,356
15,621
15,700
15,313
15,54
15,66
15,751
15,615
15,996
15,141
15,218
15,1030
15,1063
15,1025
15,636
15,217
15,500
15,1038
15,187
15,486
21,871
18,501
15,277
15,697
15,481
15,666
15,2
15,474
14,537
15,864
15,473
15,237
15,14
15,1114
7,720
11,1079
15,705
15,1077
15,978
15,578
15,753
15,471
15,51
15,562
15,372
15,432
15,238
15,887
15,561
15,726
11,993
15,798
15,867
19,242
15,1032
15,638
2,658
15,698
15,791
15,729
15,47
15,340
15,469
15,650
15,942
15,663
15,206
15,1116
15,295
15,814
15,1065
15,1078
15,11
15,439
6,718
15,879
15,971
15,711
15,799
15,69
15,59
15,490
19,79
15,811
15,377
15,803
15,921
19,898
8,886
11,1117
15,467
2,963
15,100
15,736
15,246
19,837
15,350
15,408
15,999
15,534
15,1064
15,778
15,223
15,200
15,1034
15,423
15,365
15,393
15,756
15,115
15,1086
15,117
15,679
15,935
15,630
15,830
15,635
18,286
15,735
15,333
19,680
2,387
14,376
15,488
15,154
15,854
15,132
15,822
15,192
15,587
15,922
15,553
15,881
15,515
11,732
14,904
11,1115
15,25
15,104
15,707
15,670
18,331
15,1017
2,302
15,108
15,859
15,677
15,927
15,580
15,671
15,121
15,548
15,180
15,308
15,152
15,28
15,784
15,1031
15,865
15,557
18,531
15,793
7,77
15,222
15,65
15,558
15,915
15,910
15,1118
15,210
15,164
11,855
6,1105
14,744
20,549
7,421
15,977
