9,661
11,1045
9,845
9,943
9,19
9,1007
9,529
9,582
9,245
9,70
8,959
9,917
9,381
7,130
9,220
9,325
9,58
9,212
9,672
9,1051
9,568
9,564
9,1015
9,781
4,1108
9,924
9,448
6,969
9,125
9,1047
9,870
9,332
9,466
9,188
9,1091
9,541
9,153
9,983
9,1113
9,300
9,236
9,352
9,1072
9,532
9,309
9,454
7,645
9,1012
9,1080
9,504
7,1020
9,668
9,389
11,1023
9,221
9,839
9,627
9,98
8,974
9,1096
9,78
9,988
9,259
9,430
6,1018
11,322
9,402
9,772
8,403
9,800
9,74
9,633
9,339
9,1021
9,589
9,906
6,386
9,497
8,1062
9,357
9,767
9,301
9,795
9,796
9,651
9,283
9,306
9,976
9,435
9,416
9,30
9,656
9,975
9,88
9,86
9,1119
9,1041
9,918
9,330
15,686
9,13
9,869
9,955
4,683
9,610
9,216
9,35
4,342
9,262
9,292
9,714
9,272
9,496
9,937
2,565
9,63
2,289
9,328
9,827
9,1057
4,482
9,298
9,499
9,1010
9,29
9,821
9,23
11,36
9,360
9,436
9,569
1,535
9,468
9,741
9,903
9,785
9,296
9,788
9,794
9,982
11,546
9,234
9,539
9,780
9,495
9,590
9,119
9,464
9,542
9,742
9,1087
6,92
9,249
2,673
9,510
9,773
9,106
9,462
9,792
9,1016
9,992
9,160
9,347
5,629
9,1089
9,175
9,443
9,545
9,614
9,145
9,1000
9,952
9,609
9,786
9,358
9,71
9,485
9,494
9,1048
4,769
9,1100
9,604
9,12
9,928
9,498
9,1026
11,933
9,846
9,862
11,797
9,755
1,1044
9,174
9,970
9,782
9,690
9,385
9,812
9,240
2,947
11,225
9,849
9,1076
9,15
9,178
8,193
9,893
9,637
9,1111
5,916
9,689
9,1092
9,371
9,362
9,183
9,603
11,704
11,994
9,995
9,156
9,413
6,359
2,1046
9,543
9,914
9,688
9,68
9,202
9,151
9,138
9,528
9,660
9,133
9,577
9,61
9,675
7,287
7,428
9,1093
9,367
9,980
7,263
9,483
9,380
9,516
16,920
9,1013
9,155
9,885
9,343
9,575
9,22
9,76
9,479
9,843
9,401
9,815
9,404
9,874
9,438
9,653
9,168
9,314
9,808
9,87
9,484
9,440
9,1058
9,967
9,291
9,824
9,9
9,270
9,126
9,787
9,1053
11,60
9,771
9,101
9,320
9,214
9,33
9,470
9,676
9,418
2,818
9,853
9,157
9,1099
9,275
9,267
9,269
9,763
9,195
8,973
9,143
9,80
9,105
9,912
9,444
9,866
4,857
9,647
9,930
9,606
9,682
9,476
4,1088
9,747
9,73
9,75
9,186
11,599
9,285
9,445
9,702
11,311
9,957
9,159
9,748
9,667
9,394
9,613
9,960
9,290
9,829
9,113
9,327
9,602
9,149
4,209
9,353
2,46
9,399
9,945
9,527
9,181
9,396
9,801
7,958
9,208
9,366
9,764
9,446
9,759
9,941
9,997
9,1107
9,749
16,931
9,856
9,392
9,57
9,254
9,579
11,987
9,316
9,687
9,774
9,148
9,266
9,82
9,826
9,895
2,956
9,118
9,85
9,1008
9,41
9,894
9,662
7,789
9,880
10,4
9,1005
2,459
8,256
11,433
9,944
9,642
9,835
9,882
9,517
9,524
9,329
9,566
2,228
9,1106
9,1033
9,730
9,907
9,1098
2,1042
9,761
9,754
9,909
9,913
9,109
9,95
9,410
9,368
9,243
9,50
9,205
9,737
9,1090
9,232
2,278
9,34
9,929
9,1024
9,776
9,507
9,442
9,49
9,140
9,146
9,555
9,318
9,341
5,790
9,513
2,204
9,1049
9,258
9,573
9,805
9,708
9,695
9,457
9,199
7,103
9,94
9,972
9,692
9,891
9,836
9,405
8,522
9,182
9,191
9,585
9,873
9,425
9,276
9,584
9,757
9,230
9,1073
9,576
9,592
9,398
9,848
9,158
9,750
9,1068
9,634
9,1
9,552
11,850
9,758
9,1071
9,966
9,43
9,250
9,406
12,1035
9,112
7,649
9,307
7,493
9,173
7,429
11,1036
9,293
9,503
9,1067
11,703
9,491
9,833
11,1003
9,624
9,390
9,147
9,407
11,163
9,310
2,411
9,768
8,312
9,1040
9,122
9,194
9,694
9,544
9,593
9,538
9,261
9,315
11,550
11,1104
9,431
9,623
9,685
9,852
9,570
9,858
9,896
9,281
9,1056
9,953
9,233
9,678
9,170
4,583
9,571
9,134
9,321
9,939
9,144
9,299
9,99
9,334
9,1011
9,990
9,834
9,709
9,458
9,863
9,657
6,652
9,699
9,727
2,346
9,777
9,536
11,72
9,211
9,631
9,872
9,382
9,530
9,420
9,297
9,3
9,1081
9,842
4,1050
5,556
9,62
9,102
9,253
4,1074
9,337
9,1054
9,400
6,520
6,492
9,559
9,344
7,179
7,197
9,596
9,419
9,89
9,923
9,712
9,901
9,255
9,641
9,323
9,489
9,594
9,294
9,828
9,91
9,373
7,823
9,414
4,525
9,227
9,26
9,167
9,1009
9,696
9,241
1,526
9,717
9,224
9,137
9,165
9,932
9,1022
9,902
9,391
9,716
11,93
9,244
9,274
9,911
9,251
9,1029
9,1014
9,640
9,762
9,512
9,618
9,706
9,926
9,807
9,1094
9,900
9,177
9,409
11,456
9,351
9,1027
9,415
9,632
9,574
11,32
9,264
9,617
9,338
9,96
9,18
9,819
9,1061
9,508
2,655
9,114
9,940
9,783
9,427
2,90
11,239
9,934
7,31
9,480
9,1075
9,644
9,847
9,17
9,273
9,288
9,455
9,81
9,950
9,383
7,235
9,611
9,265
9,304
11,48
9,319
9,1082
9,691
7,936
9,825
9,551
9,169
9,369
7,129
9,1102
11,1001
11,659
9,441
9,27
9,809
4,523
4,875
9,505
9,260
9,892
9,282
9,733
4,1052
9,161
2,424
2,586
9,44
9,626
9,461
9,284
9,451
9,52
9,397
9,379
9,136
9,198
9,518
9,5
9,984
9,213
9,925
9,324
11,37
7,120
9,10
11,938
11,725
9,370
9,608
9,107
7,268
9,740
4,600
9,326
9,897
9,674
8,111
9,463
11,810
9,572
9,888
9,110
9,84
8,229
9,616
7,625
9,271
9,775
9,728
11,1097
9,765
7,64
9,417
9,395
7,820
9,1070
11,567
4,760
9,628
11,39
2,1069
16,1085
9,954
11,142
9,477
9,905
9,746
9,1039
9,948
5,965
9,363
9,511
9,345
9,968
9,908
9,998
11,743
9,38
7,722
9,305
9,375
2,595
9,45
9,620
9,83
9,196
9,1083
9,123
9,540
9,779
9,355
9,336
9,24
9,412
9,591
9,832
9,961
9,139
9,739
9,981
9,831
9,844
9,639
2,509
9,877
9,710
9,851
9,841
9,648
6,581
9,487
9,257
9,560
9,1095
9,899
9,919
7,472
9,135
6,20
9,646
9,643
9,502
9,127
7,533
8,1112
9,817
9,721
9,989
14,876
9,619
9,1101
9,1028
9,986
9,475
9,770
9,951
8,16
9,979
9,519
8,813
9,840
9,669
9,124
9,598
9,860
9,723
9,185
1,806
9,889
9,1006
9,116
9,171
9,868
9,303
9,189
2,437
9,946
9,226
9,203
9,607
9,554
9,605
16,150
9,354
9,752
9,588
9,890
9,612
9,985
9,361
9,247
9,563
9,172
9,715
9,1004
9,962
9,1055
9,348
9,279
1,166
5,252
9,162
9,364
9,450
4,7
9,184
9,55
9,514
9,719
7,861
6,8
9,426
7,816
9,131
9,6
9,878
11,280
9,452
9,349
9,248
9,1002
9,207
9,1066
9,991
8,693
9,465
4,453
9,97
11,506
11,681
9,42
14,1019
7,388
9,434
9,601
9,949
9,67
9,215
9,447
9,1043
9,53
9,422
9,1109
14,838
9,684
9,176
9,335
9,219
9,766
4,745
9,622
9,21
9,1037
9,802
9,40
5,56
9,1059
9,231
9,804
9,1110
6,384
9,664
9,521
9,449
9,547
9,374
14,964
3,460
9,713
9,478
9,883
9,378
4,738
9,1060
9,190
9,734
9,731
9,884
9,128
9,701
2,665
9,654
9,1084
9,1103
9,317
9,201
9,724
7,597
9,356
9,621
9,700
9,313
9,54
9,66
9,751
9,615
9,996
9,141
9,218
9,1030
9,1063
9,1025
9,636
9,217
9,500
9,1038
9,187
9,486
13,871
11,501
9,277
9,697
9,481
9,666
9,2
9,474
8,537
9,864
9,473
9,237
9,14
9,1114
5,720
7,1079
9,705
9,1077
9,978
9,578
9,753
9,471
9,51
9,562
9,372
9,432
9,238
9,887
9,561
9,726
7,993
9,798
9,867
11,242
9,1032
9,638
2,658
9,698
9,791
9,729
9,47
9,340
9,469
9,650
9,942
9,663
9,206
9,1116
9,295
9,814
9,1065
9,1078
9,11
9,439
4,718
9,879
9,971
9,711
9,799
9,69
9,59
9,490
11,79
9,811
9,377
9,803
9,921
11,898
6,886
7,1117
9,467
2,963
9,100
9,736
9,246
11,837
9,350
9,408
9,999
9,534
9,1064
9,778
9,223
9,200
9,1034
9,423
9,365
9,393
9,756
9,115
9,1086
9,117
9,679
9,935
9,630
9,830
9,635
11,286
9,735
9,333
11,680
2,387
8,376
9,488
9,154
9,854
9,132
9,822
9,192
9,587
9,922
9,553
9,881
9,515
7,732
8,904
7,1115
9,25
9,104
9,707
9,670
11,331
9,1017
2,302
9,108
9,859
9,677
9,927
9,580
9,671
9,121
9,548
9,180
9,308
9,152
9,28
9,784
9,1031
9,865
9,557
11,531
9,793
5,77
9,222
9,65
9,558
9,915
9,910
9,1118
9,210
9,164
7,855
4,1105
8,744
12,549
5,421
9,977
