5,50
8,293
5,579
5,100
5,701
8,607
5,264
8,587
5,525
6,128
5,688
3,545
8,663
5,99
5,245
5,19
5,294
10,574
5,676
5,185
10,308
5,523
5,632
5,239
5,590
6,123
8,356
10,665
12,389
8,130
5,698
5,555
5,639
5,337
5,442
11,320
11,67
5,338
8,23
9,76
5,168
5,227
5,329
5,105
5,679
5,418
11,692
4,388
5,289
5,54
11,146
8,524
3,491
5,385
5,396
5,612
5,154
5,435
5,155
8,699
5,591
5,458
5,381
4,284
8,296
3,554
5,420
8,61
5,498
5,97
5,374
5,642
8,58
8,156
8,530
5,536
4,118
9,459
4,392
5,478
4,474
5,110
8,626
5,553
12,275
5,589
5,397
5,304
5,288
5,428
5,602
5,34
5,666
5,286
5,497
8,7
5,162
12,229
5,522
5,519
8,283
5,425
10,208
12,176
5,278
5,166
5,684
8,125
5,126
5,266
5,473
5,334
5,22
3,623
5,20
5,363
10,38
5,41
8,343
5,492
5,421
8,69
5,453
5,470
5,14
5,82
5,187
5,219
6,494
5,496
8,371
13,313
8,70
12,234
5,189
8,661
8,465
5,350
5,572
5,355
10,159
5,624
1,391
6,596
5,431
5,615
6,89
8,167
10,71
8,62
5,565
4,113
5,311
5,611
5,315
5,25
12,317
8,307
5,55
6,613
5,647
5,490
10,621
5,346
5,508
5,655
5,95
5,387
5,237
12,297
11,449
5,164
4,506
5,680
4,357
5,232
5,594
5,566
8,87
12,592
5,645
8,520
5,4
5,265
5,700
8,556
5,410
8,322
5,694
10,91
8,436
8,196
5,599
6,486
5,345
5,367
5,401
8,316
5,72
4,178
12,548
5,544
5,443
5,165
8,249
5,80
5,390
5,600
8,648
5,16
8,45
8,353
11,603
5,298
8,511
4,468
5,549
5,636
5,593
5,1
8,261
12,259
8,244
5,92
5,177
5,204
5,220
5,33
5,90
8,183
5,416
5,145
3,121
5,31
12,9
5,618
5,617
8,695
5,448
10,135
3,231
8,86
8,383
5,115
5,217
5,228
8,408
13,5
5,207
5,472
5,106
5,609
2,446
5,24
5,483
8,475
6,558
3,669
5,255
5,675
5,580
5,140
11,378
5,181
5,672
5,269
10,439
5,199
5,291
8,323
10,112
12,399
8,505
5,570
5,93
5,335
4,246
5,84
5,450
10,664
8,429
8,94
5,107
5,463
8,649
5,499
11,405
5,127
5,557
5,274
5,562
5,225
5,153
5,460
4,414
5,424
5,627
5,678
10,268
4,197
10,584
11,57
4,224
5,214
8,481
8,109
5,46
5,142
5,454
10,479
5,309
8,512
5,111
5,605
5,502
5,32
5,641
10,375
7,359
5,210
8,124
5,659
5,422
6,364
6,569
8,373
12,441
8,690
5,601
11,488
5,537
4,348
8,559
5,638
5,411
4,250
5,35
5,314
8,290
10,63
8,689
10,331
5,413
5,417
5,361
5,11
4,292
5,276
8,172
5,404
8,252
5,509
5,169
8,151
5,139
5,660
5,120
8,43
5,527
5,466
5,193
10,195
5,682
5,515
8,260
8,218
5,203
3,251
6,138
5,17
5,640
8,487
5,262
5,254
5,59
8,161
10,696
5,44
3,236
8,542
5,202
8,42
5,471
8,226
5,622
5,577
5,88
5,610
5,102
5,206
5,567
5,3
12,386
8,543
10,528
5,685
5,534
5,504
5,691
11,500
5,56
8,116
4,370
5,49
5,625
4,174
8,437
5,352
8,344
5,551
5,631
4,184
5,398
5,279
6,576
5,620
5,634
5,461
8,438
5,15
5,360
5,464
4,257
5,564
5,144
8,194
8,325
5,415
5,324
8,26
5,10
12,129
12,635
10,147
5,646
5,552
5,160
5,369
5,604
12,469
5,477
5,445
5,319
8,175
6,152
5,546
4,173
5,64
5,81
5,48
8,568
8,79
5,295
5,277
10,303
8,216
8,526
5,462
5,200
5,412
5,485
4,550
5,332
6,403
5,347
5,582
8,670
5,517
6,616
5,447
5,300
5,423
5,77
5,336
5,687
3,697
6,406
5,12
5,476
8,541
5,53
8,595
5,258
8,532
4,529
5,368
5,241
5,114
10,66
5,588
5,379
5,233
10,83
5,158
8,484
5,339
5,73
5,382
5,535
5,230
8,122
5,305
8,563
5,221
5,341
5,575
10,136
5,2
5,597
10,394
5,211
5,674
12,215
8,212
5,533
12,52
4,328
10,677
5,656
5,457
8,209
5,13
5,326
5,501
5,60
4,179
5,333
5,662
3,182
5,238
10,578
3,426
8,27
5,456
8,30
5,547
5,451
8,585
8,409
10,321
3,312
5,242
5,514
5,65
5,380
4,637
8,652
5,619
5,651
4,372
5,614
6,608
5,351
5,75
5,74
5,653
5,427
5,96
5,186
10,247
8,538
5,480
8,482
6,68
5,503
5,650
5,131
4,101
5,376
5,495
11,365
5,198
9,583
5,6
8,693
5,243
5,108
8,354
5,467
5,402
10,148
4,8
8,349
5,561
8,430
10,657
5,539
3,444
5,133
5,281
5,273
5,407
5,191
5,384
3,119
5,192
8,282
8,366
5,419
5,39
5,285
5,673
5,598
6,188
5,452
10,270
5,205
8,306
5,521
5,668
5,223
5,137
5,256
8,358
5,150
4,573
5,40
5,78
8,493
5,507
5,240
5,581
5,681
5,489
5,510
5,531
5,18
13,560
10,141
12,434
5,342
5,28
12,271
5,318
6,340
5,280
8,455
5,163
5,540
5,586
5,310
5,149
11,654
12,190
5,629
6,299
5,606
5,377
5,518
8,667
8,395
8,301
8,267
10,21
5,683
8,362
8,117
12,103
5,400
5,213
5,330
8,263
5,36
5,643
5,47
5,171
10,302
8,37
5,571
4,287
13,51
5,686
8,432
8,157
5,134
5,440
8,201
5,104
5,630
5,516
10,633
5,272
10,170
5,98
5,222
11,658
4,180
5,85
5,393
5,235
5,327
5,644
8,433
5,703
5,513
5,29
4,628
5,671
5,132
5,248
5,143
1,702
12,253
