25,421
27,411
5,17
5,207
22,476
5,513
22,681
22,700
21,279
22,147
16,149
22,428
5,636
5,327
5,187
22,585
22,440
22,441
22,638
22,60
22,677
22,416
22,240
22,113
22,384
22,132
5,110
5,152
16,604
22,321
5,399
5,610
22,169
22,219
5,594
22,20
22,77
22,5
22,64
22,204
22,400
22,339
5,503
22,167
22,622
8,499
22,362
22,473
22,103
5,527
22,508
5,635
5,666
22,216
5,7
5,612
22,454
5,232
22,260
22,693
5,526
16,497
5,252
22,439
22,262
22,221
22,511
22,16
5,229
22,41
22,280
16,698
22,554
22,128
4,540
22,114
22,494
5,561
22,304
22,154
21,684
22,39
22,600
22,261
5,40
5,184
22,97
9,354
22,423
22,76
5,139
14,21
5,530
9,437
22,597
22,118
22,356
22,290
5,544
3,386
5,65
22,697
22,583
22,688
5,195
15,501
5,200
19,73
22,82
22,611
22,89
16,317
22,571
22,448
22,49
5,133
22,430
22,98
22,276
22,521
15,319
5,447
22,663
22,183
3,263
16,312
14,54
22,71
21,696
22,202
22,690
22,102
22,652
16,628
16,302
22,655
21,538
5,496
22,672
5,461
5,433
22,178
5,123
5,575
22,648
5,584
22,590
22,479
22,617
22,182
22,664
22,609
22,602
22,514
16,436
5,486
22,488
22,190
22,640
22,326
22,413
22,268
22,369
5,676
22,57
22,649
22,593
22,83
22,429
22,485
22,298
22,553
16,425
22,30
22,287
19,160
22,460
22,517
22,644
5,542
16,328
22,373
22,87
22,365
5,558
16,667
22,157
5,408
22,380
22,427
5,42
22,581
22,468
5,464
22,224
22,104
22,596
22,25
22,606
22,38
22,237
22,34
22,492
22,574
1,475
16,36
22,174
5,306
5,407
5,406
12,415
5,142
22,153
22,417
22,375
22,355
19,493
22,599
22,136
5,539
22,342
5,569
22,96
22,310
22,59
22,536
5,598
5,168
22,370
22,226
18,177
22,145
22,463
22,565
9,213
22,686
22,699
22,196
22,389
22,469
5,378
5,311
5,404
5,238
5,10
30,608
22,284
27,336
22,165
5,466
22,297
22,22
22,682
22,452
22,158
19,247
5,673
22,502
22,481
22,434
22,351
22,577
22,591
5,374
22,67
22,545
22,692
22,381
21,19
22,403
5,573
22,172
5,74
5,665
5,507
22,314
23,45
22,119
22,265
22,451
22,296
5,225
5,151
22,193
22,159
7,18
22,490
21,680
22,131
22,201
18,528
5,236
5,579
16,658
22,394
22,632
22,376
22,117
22,689
9,446
22,385
22,519
22,95
22,124
5,391
22,197
16,350
30,641
22,345
22,214
22,148
22,26
5,251
22,582
5,605
22,529
22,161
7,624
22,668
5,661
22,24
5,509
22,555
22,309
22,472
22,218
22,359
22,379
22,215
5,477
22,163
5,230
19,533
5,111
22,150
22,66
5,419
10,33
22,397
21,639
21,601
22,387
22,267
5,551
22,289
16,683
5,675
5,171
16,516
22,199
22,120
5,410
21,643
22,162
22,44
22,239
10,458
5,637
22,694
27,37
5,691
22,409
5,371
5,631
22,115
5,48
5,512
16,303
22,130
22,524
22,343
21,325
22,234
22,198
22,272
22,630
5,398
22,295
22,324
22,233
22,570
7,642
22,462
22,618
22,438
22,68
22,266
5,192
22,8
23,456
22,443
22,84
5,109
22,12
5,51
5,255
22,495
22,47
22,634
22,249
15,179
5,175
22,270
22,90
5,299
22,619
22,253
22,281
22,79
22,483
22,607
22,80
22,23
22,285
22,189
22,383
22,301
3,705
22,203
21,258
22,70
16,701
22,166
5,562
22,505
16,170
22,323
22,335
22,654
22,414
15,316
5,412
22,278
22,651
5,331
22,471
22,329
22,259
22,392
22,254
22,223
5,515
22,678
5,137
21,550
22,620
22,9
22,341
23,81
5,288
22,269
22,623
8,687
22,445
5,340
22,467
13,674
22,420
14,552
22,578
22,372
22,353
22,129
22,390
5,470
22,449
21,277
22,629
22,108
23,333
22,217
22,256
22,176
5,556
22,291
22,231
22,1
8,566
22,588
5,520
22,2
16,248
22,626
5,360
22,679
22,670
5,246
22,308
5,589
22,349
9,346
22,206
22,422
22,426
22,62
22,173
22,11
5,557
22,564
5,671
22,307
22,532
22,135
7,126
22,580
9,535
22,134
22,72
22,368
5,29
22,703
22,294
22,181
22,704
22,186
22,482
22,155
9,112
22,401
27,121
22,106
5,702
11,431
22,534
5,459
22,92
22,127
22,257
22,361
22,334
5,510
16,53
22,337
17,548
16,85
22,78
5,650
22,522
22,480
22,320
9,344
22,322
5,366
22,275
22,621
5,498
5,271
5,4
5,241
21,567
22,563
21,180
22,465
22,242
22,364
20,633
16,367
22,27
5,537
5,487
22,377
22,191
5,292
16,282
22,525
25,50
5,101
2,86
22,61
22,592
22,660
5,559
22,543
22,208
22,143
5,243
22,405
21,474
22,15
16,245
22,695
22,283
22,659
22,613
22,442
5,3
5,116
26,546
31,52
22,250
22,315
5,35
22,627
22,586
5,227
22,393
22,347
22,305
22,156
22,146
22,576
22,185
9,547
22,13
22,332
22,489
22,99
22,657
22,188
22,32
22,164
22,395
5,194
5,14
5,424
5,662
22,435
22,549
22,264
21,58
5,500
22,228
21,274
22,656
5,273
27,138
5,352
22,685
24,141
22,572
22,244
22,220
5,122
22,432
22,348
22,595
22,444
22,63
22,91
22,43
22,330
22,6
22,55
22,402
5,358
5,293
4,614
22,531
22,105
5,93
22,455
22,69
12,31
22,212
22,396
5,140
5,388
22,313
5,560
5,625
22,222
5,209
22,484
22,646
22,450
22,616
22,56
22,615
6,144
29,107
16,28
22,363
22,210
21,645
22,587
22,75
22,647
22,100
28,125
22,418
22,669
22,235
22,541
22,506
5,603
22,491
21,300
22,94
22,88
22,518
22,286
22,382
22,318
22,504
5,46
22,478
22,453
22,338
22,357
22,523
22,568
15,205
16,211
16,653
22,457
