16,661
20,1045
16,845
16,943
16,19
16,1007
16,529
16,582
16,245
16,70
14,959
16,917
16,381
11,130
16,220
16,325
16,58
16,212
16,672
16,1051
16,568
16,564
16,1015
16,781
6,1108
16,924
16,448
8,969
16,125
16,1047
16,870
16,332
16,466
16,188
16,1091
16,541
16,153
16,983
16,1113
16,300
16,236
16,352
16,1072
16,532
16,309
16,454
12,645
16,1012
16,1080
16,504
11,1020
16,668
16,389
19,1023
16,221
16,839
16,627
16,98
14,974
16,1096
16,78
16,988
16,259
16,430
8,1018
19,322
16,402
16,772
14,403
16,800
16,74
16,633
16,339
16,1021
16,589
16,906
8,386
16,497
13,1062
16,357
16,767
16,301
16,795
16,796
16,651
16,283
16,306
16,976
16,435
16,416
16,30
16,656
16,975
16,88
16,86
16,1119
16,1041
16,918
16,330
25,686
16,13
16,869
16,955
6,683
16,610
16,216
16,35
6,342
16,262
16,292
16,714
16,272
16,496
16,937
2,565
16,63
2,289
16,328
16,827
16,1057
5,482
16,298
16,499
16,1010
16,29
16,821
16,23
19,36
16,360
16,436
16,569
1,535
16,468
16,741
16,903
16,785
16,296
16,788
16,794
16,982
20,546
16,234
16,539
16,780
16,495
16,590
16,119
16,464
16,542
16,742
16,1087
8,92
16,249
3,673
16,510
16,773
16,106
16,462
16,792
16,1016
16,992
16,160
16,347
7,629
16,1089
16,175
16,443
16,545
16,614
16,145
16,1000
16,952
16,609
16,786
16,358
16,71
16,485
16,494
16,1048
5,769
16,1100
16,604
16,12
16,928
16,498
16,1026
20,933
16,846
16,862
19,797
16,755
1,1044
16,174
16,970
16,782
16,690
16,385
16,812
16,240
2,947
19,225
16,849
16,1076
16,15
16,178
14,193
16,893
16,637
16,1111
7,916
16,689
16,1092
16,371
16,362
16,183
16,603
20,704
20,994
16,995
16,156
16,413
8,359
2,1046
16,543
16,914
16,688
16,68
16,202
16,151
16,138
15,528
16,660
16,133
16,577
16,61
16,675
11,287
11,428
16,1093
16,367
16,980
11,263
16,483
16,380
16,516
26,920
16,1013
16,155
16,885
16,343
16,575
16,22
16,76
16,479
16,843
16,401
16,815
16,404
16,874
16,438
16,653
16,168
16,314
16,808
16,87
16,484
16,440
16,1058
16,967
16,291
16,824
16,9
16,270
16,126
16,787
16,1053
20,60
16,771
16,101
16,320
16,214
16,33
16,470
16,676
16,418
3,818
16,853
16,157
16,1099
16,275
16,267
16,269
16,763
16,195
14,973
16,143
16,80
16,105
16,912
16,444
16,866
6,857
16,647
16,930
16,606
16,682
16,476
5,1088
16,747
16,73
16,75
16,186
19,599
16,285
16,445
16,702
19,311
16,957
16,159
16,748
16,667
16,394
16,613
16,960
16,290
16,829
16,113
16,327
16,602
16,149
6,209
16,353
3,46
16,399
16,945
16,527
16,181
16,396
16,801
12,958
16,208
16,366
16,764
16,446
16,759
16,941
16,997
16,1107
16,749
27,931
16,856
16,392
16,57
16,254
16,579
19,987
16,316
16,687
16,774
16,148
16,266
16,82
16,826
16,895
2,956
16,118
16,85
16,1008
16,41
16,894
16,662
11,789
16,880
18,4
16,1005
3,459
13,256
19,433
16,944
16,642
16,835
16,882
16,517
15,524
16,329
16,566
3,228
16,1106
16,1033
16,730
16,907
16,1098
2,1042
16,761
16,754
16,909
16,913
16,109
16,95
16,410
16,368
16,243
16,50
16,205
16,737
16,1090
16,232
2,278
16,34
16,929
16,1024
16,776
16,507
16,442
16,49
16,140
16,146
16,555
16,318
16,341
7,790
16,513
2,204
16,1049
16,258
16,573
16,805
16,708
16,695
16,457
16,199
11,103
16,94
16,972
16,692
16,891
16,836
16,405
14,522
16,182
16,191
16,585
16,873
16,425
16,276
16,584
16,757
16,230
15,1073
16,576
16,592
16,398
16,848
16,158
16,750
16,1068
16,634
16,1
16,552
19,850
16,758
16,1071
16,966
16,43
16,250
16,406
21,1035
16,112
12,649
16,307
11,493
16,173
11,429
20,1036
16,293
16,503
16,1067
19,703
16,491
16,833
20,1003
16,624
16,390
16,147
16,407
20,163
16,310
3,411
16,768
13,312
16,1040
16,122
16,194
16,694
16,544
16,593
16,538
16,261
16,315
20,550
20,1104
16,431
16,623
16,685
16,852
16,570
16,858
16,896
16,281
16,1056
16,953
16,233
16,678
16,170
6,583
16,571
16,134
16,321
16,939
16,144
15,299
16,99
16,334
16,1011
16,990
16,834
16,709
16,458
16,863
16,657
8,652
16,699
16,727
2,346
16,777
16,536
20,72
16,211
16,631
16,872
16,382
16,530
16,420
16,297
16,3
16,1081
17,842
5,1050
7,556
16,62
16,102
16,253
6,1074
16,337
16,1054
16,400
8,520
8,492
16,559
16,344
11,179
11,197
16,596
16,419
16,89
16,923
16,712
16,901
16,255
16,641
16,323
16,489
16,594
16,294
16,828
16,91
16,373
11,823
16,414
6,525
16,227
16,26
16,167
16,1009
16,696
16,241
1,526
16,717
16,224
16,137
16,165
16,932
16,1022
16,902
16,391
16,716
19,93
16,244
16,274
16,911
16,251
16,1029
16,1014
16,640
16,762
16,512
16,618
16,706
16,926
16,807
16,1094
16,900
16,177
16,409
19,456
16,351
16,1027
16,415
16,632
16,574
19,32
16,264
16,617
16,338
16,96
16,18
16,819
16,1061
16,508
3,655
16,114
16,940
16,783
16,427
3,90
20,239
16,934
11,31
16,480
16,1075
16,644
16,847
16,17
16,273
16,288
16,455
16,81
16,950
16,383
12,235
16,611
16,265
16,304
19,48
16,319
16,1082
16,691
11,936
16,825
16,551
16,169
16,369
10,129
15,1102
19,1001
20,659
16,441
16,27
16,809
6,523
5,875
16,505
16,260
16,892
16,282
16,733
6,1052
16,161
3,424
3,586
16,44
16,626
16,461
16,284
16,451
16,52
16,397
16,379
16,136
16,198
16,518
16,5
16,984
16,213
16,925
16,324
20,37
11,120
16,10
19,938
19,725
16,370
16,608
16,107
11,268
16,740
6,600
16,326
16,897
16,674
14,111
16,463
19,810
16,572
16,888
16,110
16,84
14,229
16,616
11,625
16,271
16,775
16,728
19,1097
16,765
11,64
16,417
16,395
12,820
16,1070
19,567
6,760
16,628
19,39
3,1069
26,1085
16,954
19,142
16,477
16,905
16,746
16,1039
16,948
7,965
16,363
16,511
16,345
16,968
16,908
16,998
19,743
16,38
11,722
16,305
16,375
2,595
16,45
16,620
16,83
16,196
16,1083
16,123
16,540
16,779
16,355
16,336
16,24
16,412
16,591
16,832
16,961
16,139
16,739
16,981
16,831
16,844
16,639
2,509
16,877
16,710
16,851
16,841
16,648
8,581
16,487
16,257
16,560
16,1095
16,899
16,919
12,472
16,135
8,20
16,646
16,643
16,502
16,127
11,533
14,1112
16,817
16,721
16,989
23,876
15,619
16,1101
16,1028
16,986
16,475
16,770
16,951
13,16
16,979
16,519
14,813
16,840
16,669
16,124
16,598
16,860
16,723
16,185
1,806
16,889
16,1006
16,116
16,171
16,868
16,303
16,189
3,437
16,946
16,226
16,203
16,607
16,554
16,605
26,150
16,354
16,752
16,588
16,890
16,612
16,985
16,361
16,247
16,563
16,172
16,715
16,1004
16,962
16,1055
16,348
16,279
1,166
7,252
16,162
16,364
16,450
6,7
16,184
16,55
16,514
16,719
11,861
8,8
16,426
11,816
16,131
16,6
16,878
20,280
16,452
16,349
16,248
16,1002
16,207
16,1066
16,991
14,693
16,465
6,453
16,97
19,506
19,681
16,42
24,1019
11,388
16,434
16,601
16,949
16,67
16,215
16,447
16,1043
16,53
16,422
16,1109
23,838
16,684
16,176
16,335
16,219
16,766
6,745
16,622
16,21
16,1037
16,802
16,40
7,56
16,1059
16,231
16,804
16,1110
9,384
16,664
16,521
16,449
16,547
16,374
23,964
4,460
16,713
16,478
16,883
16,378
6,738
16,1060
16,190
16,734
16,731
16,884
16,128
16,701
3,665
16,654
16,1084
16,1103
16,317
16,201
16,724
10,597
16,356
16,621
16,700
16,313
16,54
16,66
16,751
16,615
16,996
16,141
16,218
16,1030
16,1063
16,1025
16,636
16,217
16,500
16,1038
16,187
16,486
22,871
19,501
16,277
16,697
16,481
16,666
16,2
16,474
14,537
16,864
16,473
16,237
16,14
16,1114
7,720
11,1079
16,705
16,1077
16,978
16,578
16,753
16,471
16,51
16,562
16,372
16,432
16,238
16,887
16,561
16,726
11,993
16,798
16,867
20,242
16,1032
16,638
2,658
16,698
16,791
16,729
16,47
16,340
16,469
16,650
16,942
16,663
16,206
16,1116
16,295
16,814
16,1065
16,1078
16,11
16,439
6,718
16,879
16,971
16,711
16,799
16,69
16,59
16,490
20,79
16,811
16,377
16,803
16,921
20,898
8,886
11,1117
16,467
2,963
16,100
16,736
16,246
20,837
16,350
16,408
16,999
16,534
16,1064
16,778
16,223
16,200
16,1034
16,423
16,365
16,393
16,756
16,115
16,1086
16,117
16,679
16,935
16,630
16,830
16,635
19,286
16,735
16,333
20,680
2,387
14,376
16,488
16,154
16,854
16,132
16,822
16,192
16,587
16,922
16,553
16,881
16,515
11,732
14,904
11,1115
16,25
16,104
16,707
16,670
19,331
16,1017
2,302
16,108
16,859
16,677
16,927
16,580
16,671
16,121
16,548
16,180
16,308
16,152
16,28
16,784
16,1031
16,865
16,557
19,531
16,793
7,77
16,222
16,65
16,558
16,915
15,910
16,1118
16,210
16,164
11,855
6,1105
14,744
21,549
7,421
16,977
