19,564
55,532
55,151
55,452
55,372
45,475
29,422
55,539
45,476
90,88
93,593
55,210
55,507
55,78
21,596
55,65
55,509
82,220
45,99
45,165
52,279
55,84
55,196
48,310
91,406
55,521
89,296
59,12
55,79
55,407
55,16
62,303
55,558
56,23
55,625
18,392
45,340
91,4
55,216
96,365
6,209
11,515
55,56
55,437
55,562
55,234
90,120
26,546
94,627
27,351
55,495
55,371
55,529
27,344
32,395
55,439
55,145
55,149
16,277
19,519
19,482
19,161
47,300
80,366
55,110
55,584
51,606
55,187
55,350
67,294
44,308
17,53
19,347
59,283
48,43
78,213
88,607
55,360
55,173
62,223
55,465
55,45
55,585
55,413
55,536
45,218
12,158
55,321
55,200
45,621
19,569
55,81
61,224
81,111
61,66
68,493
55,114
86,46
55,178
91,212
65,113
80,487
32,469
55,89
45,115
84,13
64,135
55,333
92,8
55,500
55,597
45,97
55,555
55,228
55,592
53,44
55,280
52,622
39,603
55,5
2,259
94,570
24,57
31,619
19,22
75,17
56,510
65,3
55,561
77,69
62,324
19,260
24,553
40,383
55,281
55,291
56,82
19,26
19,479
5,602
66,342
95,315
17,85
24,363
55,236
64,30
11,498
84,29
55,225
55,524
55,313
14,468
31,573
97,198
61,626
58,444
52,580
55,238
62,335
55,533
55,289
43,176
55,586
19,245
55,591
19,249
56,471
55,599
1,168
2,620
19,33
55,528
55,282
28,401
19,192
55,269
70,35
55,51
91,2
30,298
44,136
32,214
53,385
47,560
39,359
19,292
55,615
34,484
19,550
81,257
25,480
55,429
61,556
30,92
11,425
55,117
19,409
55,322
48,554
55,472
17,450
56,445
19,514
91,325
33,263
50,217
67,527
49,68
55,604
55,440
44,14
55,160
55,104
55,587
53,577
55,456
55,108
55,631
92,448
55,629
70,618
61,301
55,581
55,39
55,497
45,58
19,364
55,397
45,163
1,424
56,458
19,339
32,382
55,150
19,361
55,31
17,457
55,540
46,582
83,567
8,172
45,490
27,434
2,83
55,253
29,346
45,415
45,129
55,511
61,52
1,594
2,167
55,202
45,34
17,137
2,605
55,231
42,127
55,600
55,537
59,410
69,544
55,288
61,116
39,305
45,183
71,215
19,595
55,338
37,156
61,508
62,157
20,21
45,118
45,461
11,67
55,75
45,624
55,24
55,428
55,199
55,208
55,206
86,502
47,28
61,261
44,74
57,278
55,19
62,247
55,394
55,90
32,20
55,473
42,9
55,489
15,275
55,37
45,226
55,357
55,6
94,229
55,266
19,248
53,86
60,504
86,105
55,571
91,242
55,112
45,417
62,311
55,299
38,254
55,274
94,535
19,181
15,464
47,211
2,71
55,370
55,393
20,513
55,408
55,389
19,486
9,334
84,287
15,239
87,427
17,184
2,285
55,319
44,63
55,566
86,387
86,551
54,542
55,270
55,447
27,531
55,314
19,265
55,185
13,119
55,134
55,549
86,380
83,295
55,258
55,162
1,193
97,250
19,286
19,430
20,93
45,572
29,222
55,95
55,377
55,271
15,155
55,412
55,264
55,272
55,462
24,557
32,159
7,131
44,312
55,80
55,32
11,290
21,390
60,579
11,306
61,375
2,608
95,388
42,496
27,146
55,107
55,399
19,207
55,518
2,70
47,96
63,101
44,559
62,128
25,141
55,177
44,221
45,262
55,609
81,474
55,267
32,483
64,543
16,188
55,354
1,491
17,1
74,268
32,189
55,326
55,416
44,598
55,197
56,73
94,235
61,125
55,203
23,435
55,227
19,494
45,61
19,91
19,355
84,304
19,530
55,545
27,421
55,526
55,132
83,432
47,588
48,139
55,610
61,523
79,438
19,171
32,481
55,419
19,166
32,384
55,317
19,62
55,175
55,60
32,232
93,630
32,343
55,454
55,418
81,449
36,164
55,186
19,138
55,520
97,201
55,331
95,72
19,143
15,403
55,255
55,576
55,237
32,517
91,36
51,273
62,356
75,616
44,323
55,15
91,374
85,485
55,601
55,613
2,414
55,362
55,318
45,522
71,455
55,329
55,297
16,506
76,512
55,400
55,59
19,477
55,345
72,501
55,568
22,152
44,195
55,376
2,147
45,276
55,42
19,373
94,87
55,628
19,293
55,534
63,525
55,611
55,552
31,405
55,590
13,182
59,436
32,441
45,443
2,503
16,433
55,398
58,368
55,55
55,459
55,233
16,103
44,617
55,124
55,538
10,153
18,499
67,205
55,180
17,194
55,50
15,341
19,54
55,381
32,423
19,243
55,548
55,174
55,246
19,7
36,358
55,133
55,123
32,144
44,367
55,191
56,391
31,48
55,505
55,332
94,488
37,121
35,386
56,320
19,170
55,252
83,589
27,256
41,378
55,470
37,244
32,402
55,251
55,352
55,169
55,230
62,632
55,369
65,41
55,140
55,612
55,327
94,241
55,516
88,49
47,122
55,563
13,541
55,492
55,316
45,302
61,411
55,11
73,442
92,623
17,575
55,109
96,219
62,614
55,204
55,100
55,179
86,38
55,460
55,25
55,466
55,309
19,47
2,10
32,578
55,633
55,40
55,379
55,453
53,142
55,77
55,565
19,27
55,353
56,451
23,154
55,148
55,420
55,328
56,106
55,467
55,349
63,240
69,426
19,547
32,583
4,307
23,337
92,348
55,284
20,98
31,336
55,330
55,94
55,396
55,446
55,190
92,64
48,102
55,18
55,126
55,463
12,478
55,76
19,130
55,431
3,404
96,574
