33,564
131,532
131,151
131,452
131,372
91,475
57,422
131,539
94,476
192,88
200,593
131,210
131,507
127,78
45,596
131,65
131,509
180,220
94,99
94,165
109,279
131,84
131,196
104,310
194,406
131,521
191,296
138,12
131,79
131,407
125,16
147,303
131,558
135,23
131,625
30,392
95,340
196,4
119,216
208,365
8,209
13,515
131,56
131,437
131,562
131,234
192,120
53,546
202,627
55,351
131,495
123,371
131,529
55,344
71,395
131,439
131,145
121,149
24,277
35,519
34,482
37,161
99,300
178,366
131,110
131,584
107,606
128,187
131,350
161,294
86,308
28,53
33,347
139,283
103,43
176,213
190,607
131,360
131,173
147,223
131,465
131,45
126,585
131,413
131,536
92,218
15,158
131,321
131,200
94,621
34,569
131,81
144,224
179,111
145,66
162,493
131,114
188,46
131,178
195,212
157,113
178,487
70,469
120,89
93,115
183,13
155,135
120,333
199,8
131,500
131,597
89,97
131,555
131,228
131,592
112,44
131,280
110,622
80,603
131,5
3,259
202,570
49,57
61,619
33,22
173,17
135,510
158,3
122,561
175,69
150,324
36,260
49,553
81,383
131,281
131,291
135,82
40,26
36,479
7,602
159,342
205,315
28,85
49,363
131,236
155,30
14,498
184,29
131,225
125,524
131,313
18,468
63,573
210,198
142,626
137,444
109,580
131,238
150,335
129,533
131,289
85,176
118,586
39,245
131,591
37,249
135,471
131,599
1,168
3,620
36,33
124,528
131,282
56,401
37,192
131,269
166,35
131,51
195,2
60,298
86,136
69,214
113,385
100,560
80,359
40,292
131,615
73,484
33,550
179,257
52,480
131,429
144,556
59,92
14,425
131,117
33,409
131,322
102,554
131,472
27,450
135,445
33,514
195,325
72,263
106,217
160,527
105,68
131,604
131,440
86,14
131,160
131,104
131,587
115,577
131,456
134,108
131,631
198,448
131,629
165,618
144,301
131,581
131,39
131,497
95,58
34,364
131,397
91,163
2,424
135,458
35,339
70,382
131,150
33,361
131,31
29,457
131,540
98,582
182,567
10,172
89,490
54,434
4,83
131,253
57,346
94,415
91,129
131,511
144,52
1,594
3,167
122,202
97,34
25,137
3,605
131,231
84,127
131,600
131,537
138,410
164,544
133,288
143,116
80,305
91,183
167,215
33,595
131,338
78,156
146,508
150,157
41,21
96,118
95,461
14,67
131,75
94,624
131,24
131,428
131,199
131,208
131,206
188,502
100,28
144,261
88,74
136,278
131,19
148,247
131,394
131,90
69,20
131,473
83,9
131,489
19,275
131,37
90,226
131,357
119,6
203,229
131,266
31,248
111,86
141,504
187,105
131,571
193,242
131,112
89,417
150,311
131,299
79,254
131,274
201,535
37,181
20,464
101,211
3,71
131,370
131,393
43,513
131,408
133,389
33,486
11,334
183,287
19,239
189,427
27,184
3,285
131,319
88,63
131,566
188,387
186,551
116,542
117,270
131,447
55,531
131,314
38,265
131,185
16,119
122,134
131,549
186,380
182,295
131,258
131,162
1,193
209,250
33,286
34,430
41,93
95,572
58,222
131,95
131,377
125,271
20,155
131,412
118,264
131,272
131,462
50,557
71,159
9,131
86,312
131,80
131,32
13,290
44,390
140,579
14,306
146,375
4,608
204,388
83,496
55,146
117,107
131,399
37,207
131,518
3,70
99,96
152,101
88,559
149,128
51,141
131,177
87,221
94,262
131,609
179,474
118,267
65,483
156,543
23,188
131,354
1,491
25,1
171,268
69,189
131,326
131,416
87,598
131,197
135,73
203,235
142,125
131,203
48,435
122,227
33,494
89,61
38,91
37,355
184,304
31,530
131,545
54,421
118,526
131,132
181,432
100,588
102,139
131,610
144,523
177,438
36,171
66,481
124,419
34,166
69,384
131,317
36,62
131,175
127,60
69,232
200,630
68,343
131,454
130,418
179,449
76,164
120,186
38,138
132,520
209,201
131,331
204,72
38,143
19,403
120,255
125,576
117,237
71,517
194,36
108,273
150,356
172,616
86,323
131,15
193,374
185,485
131,601
131,613
4,414
131,362
132,318
94,522
168,455
131,329
131,297
24,506
174,512
131,400
131,59
37,477
131,345
169,501
131,568
46,152
88,195
131,376
3,147
95,276
124,42
33,373
201,87
131,628
34,293
131,534
154,525
119,611
131,552
64,405
131,590
16,182
138,436
67,441
93,443
3,503
22,433
131,398
137,368
131,55
131,459
123,233
22,103
87,617
130,124
131,538
12,153
30,499
160,205
131,180
27,194
131,50
21,341
36,54
131,381
69,423
32,243
128,548
131,174
131,246
31,7
75,358
131,133
131,123
69,144
86,367
131,191
135,391
62,48
131,505
125,332
201,488
77,121
74,386
135,320
31,170
131,252
181,589
54,256
82,378
131,470
77,244
69,402
131,251
131,352
131,169
131,230
150,632
131,369
157,41
131,140
131,612
131,327
202,241
131,516
190,49
99,122
125,563
17,541
131,492
131,316
89,302
144,411
131,11
170,442
199,623
26,575
120,109
207,219
151,614
131,204
119,100
125,179
187,38
131,460
131,25
131,466
120,309
36,47
3,10
69,578
131,633
131,40
131,379
123,453
114,142
131,77
131,565
33,27
131,353
135,451
47,154
131,148
131,420
128,328
135,106
131,467
131,349
153,240
163,426
36,547
69,583
6,307
47,337
197,348
131,284
42,98
61,336
119,330
131,94
131,396
131,446
131,190
199,64
103,102
131,18
131,126
131,463
15,478
120,76
35,130
120,431
5,404
206,574
