6,13
10,442
6,83
6,295
2,248
6,271
6,92
21,108
15,202
6,63
6,249
6,117
6,504
6,393
6,561
6,321
6,499
6,211
6,156
6,115
6,490
6,180
20,178
32,472
32,562
4,522
6,198
6,389
6,199
6,443
19,146
10,96
6,39
6,125
32,18
6,151
32,290
6,330
6,87
6,33
6,148
6,200
6,195
6,101
30,19
6,560
6,59
32,300
21,568
6,56
6,571
21,564
6,325
6,419
6,15
6,139
6,501
6,174
6,299
6,261
6,528
6,536
6,401
12,279
6,44
6,276
6,143
6,489
6,109
6,418
6,291
6,349
28,386
6,40
6,530
14,238
6,46
6,545
6,467
6,245
19,404
6,244
6,378
6,29
6,67
3,252
6,274
6,574
6,89
20,516
12,293
6,327
6,283
6,533
12,119
6,370
33,458
6,68
6,88
32,465
6,285
6,227
12,331
6,50
32,7
9,237
11,557
6,303
6,317
6,449
6,144
6,339
22,188
6,537
6,413
6,3
6,230
26,166
6,394
30,155
32,20
10,372
6,240
32,366
6,203
6,583
6,513
6,11
32,487
32,258
6,269
7,579
6,322
24,414
6,53
32,152
22,556
32,255
6,131
15,243
6,420
6,368
6,221
6,428
32,553
6,316
32,491
6,278
24,65
6,286
6,55
6,233
6,78
6,215
6,205
6,254
36,409
8,532
23,494
10,69
6,51
27,448
6,423
6,266
6,512
6,567
32,481
6,171
6,326
6,460
6,34
29,228
11,466
6,391
30,430
32,94
32,196
6,14
1,62
6,367
32,85
11,114
1,190
2,297
6,566
6,197
6,492
6,546
6,432
6,17
32,505
32,98
23,153
23,441
6,488
6,426
6,82
6,123
6,523
6,559
30,102
6,577
6,425
14,187
6,485
6,270
6,439
12,495
6,581
35,400
6,476
12,586
32,582
6,515
6,79
4,507
6,236
6,584
5,585
6,410
6,306
13,218
6,304
6,38
12,264
31,578
6,496
6,21
10,74
6,379
6,84
11,315
6,344
24,207
6,61
6,360
6,161
6,540
6,555
6,334
32,453
32,93
6,470
6,422
6,259
6,329
6,445
6,30
6,12
6,47
8,10
6,455
21,575
6,169
6,75
6,164
13,484
6,345
6,314
6,347
6,301
5,373
8,446
6,380
32,570
6,362
6,313
6,294
6,355
6,337
6,231
13,58
6,142
6,440
8,22
6,563
14,569
6,526
6,268
32,165
20,376
6,214
6,28
11,60
6,552
6,424
6,220
32,408
36,57
6,1
6,310
6,309
6,308
6,551
6,403
32,333
6,128
32,451
6,377
6,381
6,421
2,77
6,27
6,209
5,6
6,104
5,371
6,170
6,311
6,267
6,127
8,292
6,256
6,474
6,412
6,186
6,235
24,54
29,398
6,239
6,547
6,99
2,110
13,572
6,287
6,340
6,66
8,223
6,135
6,396
6,41
32,116
6,411
6,438
6,111
17,189
6,541
6,224
6,250
6,42
32,415
32,479
6,549
6,454
6,168
6,36
6,358
24,80
6,346
25,141
32,539
36,406
6,511
33,43
6,217
6,356
32,70
6,246
26,126
6,353
28,529
6,112
32,150
33,343
4,500
6,508
6,335
6,133
14,71
6,282
6,417
6,473
6,320
32,247
32,514
6,72
6,431
6,427
6,405
6,4
6,206
14,260
4,390
3,16
15,273
6,338
19,154
26,185
6,464
6,395
6,475
28,163
6,263
6,312
6,328
6,251
4,158
6,275
32,132
6,565
6,219
31,307
6,305
6,262
6,32
6,122
28,2
6,229
6,160
6,502
6,558
6,573
6,456
6,106
6,26
13,383
6,365
6,216
6,517
6,503
6,397
6,384
6,86
6,534
6,5
6,184
6,435
6,302
28,554
6,323
6,183
6,179
32,64
32,542
2,208
17,103
32,95
6,548
6,225
6,212
6,461
6,91
6,182
32,284
6,232
6,173
28,107
6,531
6,222
28,521
6,518
17,416
6,272
6,324
6,257
9,277
14,525
6,76
32,369
6,480
12,457
18,204
32,382
6,520
6,49
6,8
6,497
32,543
28,527
6,52
20,253
6,23
6,281
6,471
6,90
6,509
29,538
32,137
6,113
14,159
6,193
37,194
16,348
6,149
6,134
16,234
6,318
6,462
6,506
6,580
6,436
6,336
31,452
6,31
6,81
6,387
21,140
34,9
6,385
6,483
6,486
10,350
4,130
6,177
6,341
18,576
6,433
6,129
22,288
28,524
6,181
6,176
6,437
6,399
6,296
6,588
4,544
13,191
32,121
14,48
13,138
6,24
6,434
32,374
14,37
6,535
21,100
6,550
6,444
6,136
13,459
6,478
6,468
2,105
32,145
6,351
6,167
22,35
6,242
6,147
6,357
12,519
21,280
32,298
6,192
6,332
6,342
12,463
6,241
32,363
6,124
6,375
6,25
2,265
6,213
6,226
6,493
10,402
6,201
6,175
6,45
6,120
6,172
6,319
7,477
6,354
6,97
6,364
6,407
6,510
6,73
6,429
10,469
6,447
6,361
32,450
6,392
6,359
6,118
18,388
6,162
6,352
6,289
6,157
6,210
6,498
38,482
32,587
