2,564
5,532
5,151
5,452
5,372
5,475
2,422
5,539
5,476
12,88
12,593
5,210
5,507
5,78
2,596
5,65
5,509
9,220
5,99
5,165
5,279
5,84
5,196
5,310
12,406
5,521
12,296
5,12
5,79
5,407
5,16
6,303
5,558
5,23
5,625
2,392
5,340
12,4
5,216
12,365
1,209
2,515
5,56
5,437
5,562
5,234
12,120
2,546
12,627
2,351
5,495
5,371
5,529
2,344
2,395
5,439
5,145
5,149
2,277
2,519
2,482
2,161
5,300
9,366
5,110
5,584
5,606
5,187
5,350
6,294
5,308
2,53
2,347
5,283
5,43
9,213
12,607
5,360
5,173
6,223
5,465
5,45
5,585
5,413
5,536
5,218
2,158
5,321
5,200
5,621
2,569
5,81
6,224
9,111
6,66
6,493
5,114
10,46
5,178
12,212
6,113
9,487
2,469
5,89
5,115
10,13
6,135
5,333
12,8
5,500
5,597
5,97
5,555
5,228
5,592
5,44
5,280
5,622
4,603
5,5
1,259
12,570
2,57
2,619
2,22
9,17
5,510
6,3
5,561
9,69
6,324
2,260
2,553
4,383
5,281
5,291
5,82
2,26
2,479
1,602
6,342
12,315
2,85
2,363
5,236
6,30
2,498
10,29
5,225
5,524
5,313
2,468
2,573
13,198
6,626
5,444
5,580
5,238
6,335
5,533
5,289
4,176
5,586
2,245
5,591
2,249
5,471
5,599
1,168
1,620
2,33
5,528
5,282
2,401
2,192
5,269
6,35
5,51
12,2
2,298
5,136
2,214
5,385
5,560
4,359
2,292
5,615
3,484
2,550
9,257
2,480
5,429
6,556
2,92
2,425
5,117
2,409
5,322
5,554
5,472
2,450
5,445
2,514
12,325
2,263
5,217
6,527
5,68
5,604
5,440
5,14
5,160
5,104
5,587
5,577
5,456
5,108
5,631
12,448
5,629
6,618
6,301
5,581
5,39
5,497
5,58
2,364
5,397
5,163
1,424
5,458
2,339
2,382
5,150
2,361
5,31
2,457
5,540
5,582
10,567
1,172
5,490
2,434
1,83
5,253
2,346
5,415
5,129
5,511
6,52
1,594
1,167
5,202
5,34
2,137
1,605
5,231
4,127
5,600
5,537
5,410
6,544
5,288
6,116
4,305
5,183
7,215
2,595
5,338
4,156
6,508
6,157
2,21
5,118
5,461
2,67
5,75
5,624
5,24
5,428
5,199
5,208
5,206
10,502
5,28
6,261
5,74
5,278
5,19
6,247
5,394
5,90
2,20
5,473
4,9
5,489
2,275
5,37
5,226
5,357
5,6
12,229
5,266
2,248
5,86
6,504
10,105
5,571
12,242
5,112
5,417
6,311
5,299
4,254
5,274
12,535
2,181
2,464
5,211
1,71
5,370
5,393
2,513
5,408
5,389
2,486
1,334
10,287
2,239
11,427
2,184
1,285
5,319
5,63
5,566
10,387
10,551
5,542
5,270
5,447
2,531
5,314
2,265
5,185
2,119
5,134
5,549
10,380
10,295
5,258
5,162
1,193
13,250
2,286
2,430
2,93
5,572
2,222
5,95
5,377
5,271
2,155
5,412
5,264
5,272
5,462
2,557
2,159
1,131
5,312
5,80
5,32
2,290
2,390
6,579
2,306
6,375
1,608
12,388
4,496
2,146
5,107
5,399
2,207
5,518
1,70
5,96
6,101
5,559
6,128
2,141
5,177
5,221
5,262
5,609
9,474
5,267
2,483
6,543
2,188
5,354
1,491
2,1
8,268
2,189
5,326
5,416
5,598
5,197
5,73
12,235
6,125
5,203
2,435
5,227
2,494
5,61
2,91
2,355
10,304
2,530
5,545
2,421
5,526
5,132
10,432
5,588
5,139
5,610
6,523
9,438
2,171
2,481
5,419
2,166
2,384
5,317
2,62
5,175
5,60
2,232
12,630
2,343
5,454
5,418
9,449
4,164
5,186
2,138
5,520
13,201
5,331
12,72
2,143
2,403
5,255
5,576
5,237
2,517
12,36
5,273
6,356
9,616
5,323
5,15
12,374
10,485
5,601
5,613
1,414
5,362
5,318
5,522
7,455
5,329
5,297
2,506
9,512
5,400
5,59
2,477
5,345
7,501
5,568
2,152
5,195
5,376
1,147
5,276
5,42
2,373
12,87
5,628
2,293
5,534
6,525
5,611
5,552
2,405
5,590
2,182
5,436
2,441
5,443
1,503
2,433
5,398
5,368
5,55
5,459
5,233
2,103
5,617
5,124
5,538
1,153
2,499
6,205
5,180
2,194
5,50
2,341
2,54
5,381
2,423
2,243
5,548
5,174
5,246
2,7
4,358
5,133
5,123
2,144
5,367
5,191
5,391
2,48
5,505
5,332
12,488
4,121
3,386
5,320
2,170
5,252
10,589
2,256
4,378
5,470
4,244
2,402
5,251
5,352
5,169
5,230
6,632
5,369
6,41
5,140
5,612
5,327
12,241
5,516
12,49
5,122
5,563
2,541
5,492
5,316
5,302
6,411
5,11
8,442
12,623
2,575
5,109
12,219
6,614
5,204
5,100
5,179
10,38
5,460
5,25
5,466
5,309
2,47
1,10
2,578
5,633
5,40
5,379
5,453
5,142
5,77
5,565
2,27
5,353
5,451
2,154
5,148
5,420
5,328
5,106
5,467
5,349
6,240
6,426
2,547
2,583
1,307
2,337
12,348
5,284
2,98
2,336
5,330
5,94
5,396
5,446
5,190
12,64
5,102
5,18
5,126
5,463
2,478
5,76
2,130
5,431
1,404
12,574
