12,307
12,518
12,190
9,422
9,622
2,230
12,494
9,7
9,371
12,500
12,749
11,497
12,534
12,711
22,19
12,717
9,635
9,627
12,742
12,713
9,203
9,463
12,583
12,747
12,323
12,496
12,723
9,690
12,661
16,670
9,70
8,701
25,639
12,358
9,283
19,399
18,510
23,158
12,609
9,150
12,710
18,391
9,737
9,550
5,188
12,453
12,472
12,567
20,738
24,236
24,529
3,434
12,14
12,593
12,699
12,278
12,235
12,71
12,25
12,605
12,382
24,630
9,46
12,473
25,435
12,603
9,644
12,604
30,172
12,152
12,201
12,153
12,720
12,340
9,741
2,269
3,731
12,298
3,488
5,41
12,378
3,458
2,480
24,743
12,705
9,255
9,576
15,229
9,479
12,396
12,442
12,633
12,383
9,78
12,218
12,548
9,189
12,133
12,261
12,111
24,20
3,267
20,281
12,328
30,678
31,415
9,318
9,142
9,504
12,522
12,681
18,572
9,707
7,259
3,96
12,200
34,3
12,125
24,372
9,695
12,613
4,220
12,694
24,162
12,573
12,72
13,512
12,539
23,73
12,407
24,433
31,179
12,379
29,507
12,698
12,598
5,532
9,315
12,360
12,525
12,338
12,735
27,725
5,226
27,728
2,100
12,553
9,543
24,93
12,74
12,257
12,658
12,537
12,34
21,57
5,493
12,653
12,334
12,126
9,85
9,621
12,600
12,240
12,570
12,198
9,224
12,171
9,417
12,623
12,157
12,136
12,186
14,64
12,716
12,719
12,536
3,364
23,652
12,599
3,47
9,205
12,317
12,183
9,81
9,116
12,509
12,195
12,250
12,165
12,571
5,246
18,151
20,335
23,175
12,498
5,313
5,555
12,620
23,578
12,169
12,24
12,1
12,395
24,61
12,732
12,637
23,446
9,692
24,666
18,629
12,277
12,309
16,23
12,714
9,540
24,523
9,592
12,292
24,381
12,746
24,147
11,703
32,141
12,270
3,615
12,306
9,607
12,297
12,182
12,359
9,410
9,176
9,726
12,202
12,95
12,736
12,228
31,118
9,343
12,730
9,58
12,414
9,471
9,60
24,709
12,486
4,443
6,683
9,11
12,424
23,211
12,291
12,485
1,533
12,404
24,242
12,515
9,680
12,521
9,272
12,481
9,159
12,589
9,568
12,167
3,140
12,110
9,559
12,403
12,342
9,16
12,501
5,139
24,206
24,426
3,405
12,503
12,341
12,27
21,212
12,331
24,686
12,684
20,641
24,631
31,252
11,505
20,344
9,355
12,314
12,447
12,495
9,474
5,624
30,357
24,483
12,398
12,712
9,367
20,98
9,706
5,164
5,2
9,54
9,406
12,347
12,619
5,418
12,420
9,490
22,665
9,632
12,451
12,676
12,352
30,366
12,163
12,370
9,59
24,580
18,237
4,325
12,350
9,502
12,362
3,664
12,90
12,544
2,660
23,26
12,663
9,380
30,327
12,170
12,584
9,130
9,449
12,91
12,421
12,587
12,55
12,389
12,135
12,174
7,154
9,66
12,121
9,265
24,104
12,253
8,48
12,638
20,640
9,279
12,588
9,552
12,92
12,214
12,53
12,39
9,642
12,662
24,187
12,263
9,724
12,601
12,400
24,636
9,466
12,99
12,234
12,13
23,68
9,430
5,439
18,339
17,123
12,393
12,748
12,290
12,56
12,693
12,10
5,29
25,597
9,128
9,127
4,222
12,287
24,12
12,647
5,477
12,594
9,476
12,289
12,354
9,258
12,557
12,394
12,560
9,241
2,35
12,262
12,348
12,148
12,563
12,89
9,590
23,301
12,160
9,94
5,138
9,454
12,530
12,319
14,346
12,546
12,361
26,516
12,271
12,535
12,332
20,239
12,168
24,67
12,437
29,541
9,5
20,387
12,369
9,464
7,657
12,634
12,31
12,113
9,86
9,628
3,750
12,436
5,310
18,667
12,18
12,4
3,669
1,120
12,293
12,161
5,232
12,491
9,654
12,411
24,668
12,616
9,729
9,562
2,462
18,305
12,374
29,208
9,484
21,231
9,595
12,511
9,655
5,227
12,260
24,8
9,97
24,9
22,401
12,547
12,460
12,107
12,21
30,166
9,538
9,554
9,184
12,181
12,564
12,468
5,40
12,185
9,478
12,75
12,87
19,304
12,63
5,397
12,649
9,43
24,428
12,431
12,606
12,336
12,408
12,519
12,574
30,520
12,233
12,22
12,673
12,312
12,109
12,217
4,581
12,386
5,413
12,243
12,733
9,659
12,365
2,215
3,517
12,558
9,687
9,17
12,689
9,299
9,596
12,356
12,455
12,28
2,648
12,44
6,744
23,249
24,108
12,450
9,244
24,324
12,677
12,682
12,650
9,337
12,264
12,268
9,700
12,561
12,674
9,32
24,351
12,651
12,345
24,432
9,114
9,551
12,173
24,416
12,672
7,88
12,444
12,115
9,77
12,82
18,225
9,177
9,514
12,266
9,52
9,276
9,611
9,625
9,79
2,102
5,438
12,180
12,326
21,708
12,524
12,402
12,83
12,645
9,146
18,456
12,565
24,513
12,685
18,76
12,329
9,585
18,6
12,506
12,122
2,388
27,322
12,247
12,445
12,254
9,608
5,375
12,465
12,392
9,591
9,303
9,197
12,308
12,45
12,80
12,508
12,727
23,294
12,702
12,721
12,273
9,137
12,489
5,302
12,144
31,191
3,196
24,482
12,643
24,448
12,566
9,618
23,715
5,384
12,412
12,440
12,156
12,526
12,248
12,722
3,691
24,531
12,452
9,492
12,349
12,363
12,675
12,119
12,368
9,124
12,740
12,274
12,62
12,390
12,612
12,542
12,275
12,216
5,256
12,219
2,549
24,149
9,688
9,577
9,285
9,131
10,425
12,204
12,626
9,528
9,84
18,469
9,51
12,753
9,209
12,296
12,50
12,221
12,245
12,646
12,545
12,671
9,614
9,320
9,467
12,282
24,101
14,194
9,199
9,602
24,207
12,409
9,178
12,129
20,251
12,617
12,527
9,373
12,330
12,38
2,15
12,470
9,311
24,704
9,739
12,49
24,679
12,745
12,103
12,353
12,193
26,288
30,429
12,423
12,300
9,284
12,36
5,487
12,280
22,461
12,569
12,155
12,112
2,718
12,579
12,734
12,37
12,192
12,457
12,210
5,656
12,556
12,376
18,321
12,441
12,42
5,582
6,575
12,30
12,213
12,377
12,33
5,65
12,385
9,419
12,696
12,69
12,333
9,105
18,316
12,475
12,295
12,499
12,697
20,134
24,459
12,427
12,586
12,145
9,143
20,751
12,238
12,610
12,106
12,132
9,286
28,223
33,752
24,117
