13,798
13,410
10,575
13,901
5,705
13,80
13,580
13,884
13,29
13,451
13,572
13,85
13,22
2,985
13,547
13,816
13,161
2,914
13,234
15,927
13,204
13,242
2,296
13,301
2,1036
13,746
13,1074
13,656
13,393
15,883
15,512
13,791
2,802
13,843
2,254
15,356
13,114
13,1014
13,544
13,413
13,961
13,730
13,594
13,69
13,817
13,428
2,767
13,1065
13,850
2,76
13,760
13,935
13,644
13,374
13,881
13,576
13,989
13,754
13,68
13,229
13,695
4,239
3,1018
13,943
2,632
13,260
2,1062
13,861
13,655
13,1063
13,972
13,1081
13,498
13,951
13,763
13,991
13,846
12,782
9,723
13,444
13,625
13,494
7,419
2,72
13,115
2,677
13,24
13,209
2,238
13,837
13,476
13,178
13,380
13,1000
3,1075
13,939
13,287
13,667
13,578
13,27
13,262
13,762
13,128
15,790
13,528
13,1033
13,364
2,622
13,740
13,557
13,771
13,758
15,345
13,327
13,593
13,968
13,471
13,425
13,437
2,32
13,608
13,495
13,944
13,1048
13,360
13,98
15,43
13,252
13,922
13,71
13,744
13,707
13,688
13,661
2,282
3,866
13,328
13,863
13,905
13,423
15,375
13,320
13,138
13,45
13,454
15,1071
13,830
13,398
13,196
13,946
2,506
13,774
13,959
13,882
13,155
13,603
13,911
13,10
13,501
13,394
13,118
13,776
13,783
13,1020
13,106
1,480
13,674
13,1029
13,1061
13,854
13,497
13,979
13,162
13,713
13,827
13,847
13,696
13,1017
13,1013
13,650
13,8
13,250
13,399
13,913
13,187
13,335
13,152
13,909
13,182
13,39
2,230
2,122
13,245
13,490
13,317
13,452
13,6
13,321
15,134
13,848
13,435
13,1050
2,964
13,1021
13,348
13,651
2,469
13,525
13,875
15,334
13,443
13,460
13,933
2,940
13,565
3,589
1,1042
13,606
13,7
13,404
13,967
15,1077
15,676
13,34
13,163
15,395
2,521
13,958
13,315
13,897
13,896
13,121
2,353
13,279
13,825
13,396
13,388
13,426
13,996
13,742
13,1022
13,90
13,862
13,669
13,73
13,639
13,401
13,188
15,636
13,948
13,144
13,379
13,206
13,212
13,418
2,251
13,954
13,1047
13,201
13,607
13,167
13,824
13,546
13,835
13,947
13,489
13,869
13,125
13,44
13,259
13,941
3,778
13,132
15,145
13,801
13,183
13,59
12,965
13,293
13,716
13,482
13,635
13,366
2,37
13,851
13,793
13,343
15,175
13,450
2,342
13,765
13,173
13,785
13,277
13,720
13,936
13,690
15,659
3,826
13,246
13,4
13,446
3,809
13,302
13,524
13,448
13,432
13,1010
13,916
13,478
13,496
2,97
13,1034
13,995
13,624
13,605
13,683
13,743
13,484
13,441
13,769
7,852
16,468
2,717
15,642
13,1044
13,945
13,48
13,314
13,646
2,463
2,149
13,545
13,714
13,235
13,590
2,92
13,810
2,54
2,626
13,858
13,592
13,1002
13,813
13,554
13,285
3,1009
13,596
13,617
15,409
13,295
13,1058
13,955
13,523
3,671
13,1060
2,1043
13,581
13,703
13,849
1,224
13,853
13,819
13,618
15,179
13,459
2,520
2,583
13,892
13,726
13,1027
13,281
13,595
13,534
13,58
13,770
15,363
15,57
13,615
13,530
13,840
2,877
13,267
13,406
13,369
13,103
13,719
13,159
12,263
3,807
2,795
13,329
13,215
13,445
13,70
13,491
13,283
13,96
13,436
13,893
13,91
1,225
13,449
13,220
13,153
13,918
13,833
13,508
13,112
13,535
13,814
13,99
13,156
13,1032
13,258
13,976
13,424
13,300
13,888
2,1041
3,341
13,143
13,573
13,13
13,371
13,297
13,993
13,66
13,680
2,682
13,1008
13,1056
13,292
13,202
13,732
13,868
13,1028
13,307
13,319
13,666
13,427
13,81
13,42
13,313
13,461
13,243
12,376
13,19
13,75
13,1007
13,241
13,597
13,310
13,147
13,195
13,473
13,929
2,555
13,74
13,1003
13,221
13,502
13,176
13,291
13,124
13,942
13,53
13,172
13,55
13,756
13,867
13,169
13,109
12,2
13,160
13,381
13,988
13,872
15,697
13,370
13,1066
13,586
13,174
13,815
13,963
13,526
3,540
13,962
13,982
13,969
13,462
2,731
13,515
13,17
13,519
13,588
13,569
13,1052
2,417
13,483
13,51
13,384
2,477
13,999
15,1030
13,784
2,433
13,591
15,336
13,392
2,834
13,40
13,548
2,908
13,289
15,702
2,1069
13,467
13,558
13,653
13,986
13,701
13,957
13,131
13,386
13,93
13,383
13,704
15,937
13,60
2,749
13,248
13,992
13,998
13,275
15,488
13,823
13,748
2,930
13,974
13,414
15,1070
12,637
13,148
13,518
13,1083
13,11
13,692
13,829
2,745
13,77
13,165
13,208
13,582
13,1076
13,407
13,268
13,910
2,629
2,538
2,100
13,41
2,500
15,1053
13,902
13,403
13,271
15,777
13,422
2,318
13,647
13,752
13,627
2,116
13,21
13,665
13,197
13,878
13,26
13,266
13,184
13,228
13,130
13,796
13,442
13,198
15,158
13,859
13,193
13,686
13,983
13,755
13,549
13,338
13,634
13,111
13,567
13,264
13,200
2,984
4,280
13,465
13,724
2,133
13,373
13,779
13,429
13,455
13,738
2,129
15,753
15,658
2,1049
2,269
13,657
13,678
13,137
13,94
15,1051
13,180
2,973
13,923
11,168
13,82
13,672
13,1072
13,831
13,464
13,856
15,880
13,305
13,1045
13,64
13,747
13,126
13,344
13,185
3,52
13,602
13,537
13,49
13,211
13,949
13,640
15,257
13,938
13,800
2,1067
15,308
13,276
13,150
15,551
13,255
2,270
13,855
13,599
13,541
13,190
13,247
15,781
13,1078
2,351
2,294
13,231
13,950
13,38
13,710
2,1019
13,15
4,359
13,358
13,773
13,527
13,16
2,170
13,140
13,123
13,101
2,177
13,171
13,362
13,400
13,1057
13,533
13,934
13,470
2,1079
13,750
8,387
13,352
13,466
13,522
2,620
3,46
13,194
13,416
13,891
13,504
14,1035
15,1068
13,681
13,553
13,485
13,253
13,456
15,1055
13,566
13,61
13,1054
13,1024
1,142
2,797
13,994
13,664
3,926
13,408
13,330
2,899
13,727
13,735
2,864
13,439
13,997
13,431
2,405
13,218
13,457
13,1037
13,1
13,273
13,139
13,412
13,481
2,56
13,236
13,237
2,552
13,513
15,691
13,306
2,205
13,309
13,87
13,88
13,1011
13,598
13,873
13,286
13,1039
13,219
15,510
13,453
13,186
13,240
13,349
13,438
13,385
13,631
2,736
13,440
2,768
13,493
13,316
13,584
13,346
13,698
13,894
13,102
13,189
13,772
13,1073
13,571
13,107
13,643
2,641
13,472
13,105
13,486
13,684
2,154
13,722
13,213
13,885
13,556
13,562
13,434
2,1031
12,585
3,326
13,244
13,609
4,924
13,903
12,12
13,164
13,577
13,633
13,1004
11,981
13,261
13,119
13,708
2,895
2,766
15,532
2,729
13,311
13,415
13,117
13,733
15,181
10,304
13,786
13,265
13,990
13,1064
13,411
2,232
13,28
2,110
2,728
15,1026
13,157
13,397
13,966
13,9
13,616
15,579
13,764
13,685
13,372
15,673
13,333
13,757
13,915
2,876
13,808
2,628
15,709
13,354
2,475
15,917
13,699
2,78
2,919
13,890
13,389
13,932
13,474
13,447
13,794
13,278
13,543
13,788
13,887
13,223
15,210
13,564
13,274
2,325
13,1001
13,842
13,199
13,660
2,706
13,127
13,612
13,652
13,805
3,1040
2,529
13,839
13,113
15,536
13,645
13,249
13,479
13,298
1,751
13,288
13,30
13,222
13,365
13,509
13,104
2,700
12,630
13,822
2,141
12,828
13,587
13,505
13,619
13,977
13,378
13,832
13,811
2,611
13,874
15,568
13,146
13,920
13,542
2,350
13,857
15,516
2,1059
13,900
13,20
13,649
13,31
1,931
13,739
13,377
13,906
13,1046
13,226
13,36
12,928
15,323
2,970
13,83
13,322
13,689
2,79
13,1015
13,799
15,623
13,812
13,3
15,956
12,5
13,514
13,820
13,980
13,610
13,721
13,761
13,860
13,550
13,33
13,560
13,780
13,718
13,1023
13,1080
13,836
13,675
13,382
13,663
13,886
2,18
2,391
13,337
13,987
6,492
13,821
13,1006
13,865
2,804
13,203
13,838
13,725
13,1038
13,613
13,67
13,1025
13,889
13,507
7,65
3,207
13,531
13,357
13,662
2,25
13,693
15,559
2,898
13,499
2,368
13,47
13,654
13,14
13,50
13,539
13,84
2,503
13,904
13,570
13,679
13,759
13,1005
13,324
13,430
13,648
13,561
13,135
13,191
13,563
13,340
15,960
13,806
13,621
13,1012
2,687
2,953
13,952
13,284
13,458
13,89
13,331
2,737
13,604
13,290
9,233
2,23
13,120
13,339
13,35
13,978
13,367
13,775
2,420
13,841
2,668
13,574
13,818
13,511
13,925
13,332
13,151
13,256
13,871
13,907
13,844
13,741
13,734
2,712
13,312
15,803
13,600
13,845
13,227
13,787
13,86
15,108
13,975
13,192
13,214
13,614
13,921
13,517
13,1016
13,402
13,912
13,217
13,166
13,1082
15,879
13,361
13,711
13,303
13,390
13,715
13,272
13,638
13,487
13,694
13,355
13,421
13,136
13,971
13,63
13,347
13,299
13,789
13,870
13,95
13,216
2,601
13,670
1,792
13,62
