10,564
28,532
28,151
28,452
28,372
23,475
14,422
28,539
23,476
52,88
52,593
28,210
28,507
28,78
11,596
28,65
28,509
46,220
23,99
23,165
27,279
28,84
28,196
25,310
52,406
28,521
51,296
30,12
28,79
28,407
28,16
32,303
28,558
28,23
28,625
10,392
23,340
52,4
28,216
53,365
3,209
7,515
28,56
28,437
28,562
28,234
52,120
13,546
52,627
14,351
28,495
28,371
28,529
14,344
16,395
28,439
28,145
28,149
9,277
10,519
10,482
10,161
24,300
45,366
28,110
28,584
27,606
28,187
28,350
36,294
23,308
10,53
10,347
30,283
25,43
43,213
51,607
28,360
28,173
32,223
28,465
28,45
28,585
28,413
28,536
23,218
7,158
28,321
28,200
23,621
10,569
28,81
32,224
45,111
32,66
36,493
28,114
49,46
28,178
52,212
35,113
45,487
16,469
28,89
23,115
48,13
34,135
28,333
52,8
28,500
28,597
23,97
28,555
28,228
28,592
28,44
28,280
27,622
21,603
28,5
1,259
52,570
13,57
16,619
10,22
41,17
28,510
35,3
28,561
43,69
32,324
10,260
13,553
21,383
28,281
28,291
28,82
10,26
10,479
3,602
35,342
53,315
10,85
13,363
28,236
34,30
7,498
48,29
28,225
28,524
28,313
8,468
16,573
54,198
32,626
29,444
27,580
28,238
32,335
28,533
28,289
22,176
28,586
10,245
28,591
10,249
28,471
28,599
1,168
1,620
10,33
28,528
28,282
14,401
10,192
28,269
37,35
28,51
52,2
15,298
23,136
16,214
28,385
24,560
21,359
10,292
28,615
18,484
10,550
45,257
13,480
28,429
32,556
15,92
7,425
28,117
10,409
28,322
25,554
28,472
10,450
28,445
10,514
52,325
17,263
26,217
36,527
25,68
28,604
28,440
23,14
28,160
28,104
28,587
28,577
28,456
28,108
28,631
52,448
28,629
37,618
32,301
28,581
28,39
28,497
23,58
10,364
28,397
23,163
1,424
28,458
10,339
16,382
28,150
10,361
28,31
10,457
28,540
23,582
47,567
4,172
23,490
14,434
1,83
28,253
14,346
23,415
23,129
28,511
32,52
1,594
1,167
28,202
23,34
10,137
1,605
28,231
22,127
28,600
28,537
30,410
37,544
28,288
32,116
21,305
23,183
38,215
10,595
28,338
20,156
32,508
32,157
10,21
23,118
23,461
7,67
28,75
23,624
28,24
28,428
28,199
28,208
28,206
49,502
24,28
32,261
23,74
28,278
28,19
32,247
28,394
28,90
16,20
28,473
22,9
28,489
9,275
28,37
23,226
28,357
28,6
52,229
28,266
10,248
28,86
31,504
49,105
28,571
52,242
28,112
23,417
32,311
28,299
20,254
28,274
52,535
10,181
9,464
24,211
1,71
28,370
28,393
10,513
28,408
28,389
10,486
5,334
48,287
9,239
50,427
10,184
1,285
28,319
23,63
28,566
49,387
49,551
28,542
28,270
28,447
14,531
28,314
10,265
28,185
8,119
28,134
28,549
49,380
47,295
28,258
28,162
1,193
54,250
10,286
10,430
10,93
23,572
14,222
28,95
28,377
28,271
9,155
28,412
28,264
28,272
28,462
13,557
16,159
3,131
23,312
28,80
28,32
7,290
11,390
31,579
7,306
32,375
1,608
53,388
22,496
14,146
28,107
28,399
10,207
28,518
1,70
24,96
33,101
23,559
32,128
13,141
28,177
23,221
23,262
28,609
45,474
28,267
16,483
34,543
9,188
28,354
1,491
10,1
40,268
16,189
28,326
28,416
23,598
28,197
28,73
52,235
32,125
28,203
12,435
28,227
10,494
23,61
10,91
10,355
48,304
10,530
28,545
14,421
28,526
28,132
47,432
24,588
25,139
28,610
32,523
44,438
10,171
16,481
28,419
10,166
16,384
28,317
10,62
28,175
28,60
16,232
52,630
16,343
28,454
28,418
45,449
20,164
28,186
10,138
28,520
54,201
28,331
53,72
10,143
9,403
28,255
28,576
28,237
16,517
52,36
27,273
32,356
41,616
23,323
28,15
52,374
48,485
28,601
28,613
1,414
28,362
28,318
23,522
38,455
28,329
28,297
9,506
42,512
28,400
28,59
10,477
28,345
38,501
28,568
11,152
23,195
28,376
1,147
23,276
28,42
10,373
52,87
28,628
10,293
28,534
33,525
28,611
28,552
16,405
28,590
8,182
30,436
16,441
23,443
1,503
9,433
28,398
29,368
28,55
28,459
28,233
9,103
23,617
28,124
28,538
6,153
10,499
36,205
28,180
10,194
28,50
9,341
10,54
28,381
16,423
10,243
28,548
28,174
28,246
10,7
20,358
28,133
28,123
16,144
23,367
28,191
28,391
16,48
28,505
28,332
52,488
20,121
19,386
28,320
10,170
28,252
47,589
14,256
21,378
28,470
20,244
16,402
28,251
28,352
28,169
28,230
32,632
28,369
35,41
28,140
28,612
28,327
52,241
28,516
51,49
24,122
28,563
8,541
28,492
28,316
23,302
32,411
28,11
39,442
52,623
10,575
28,109
53,219
32,614
28,204
28,100
28,179
49,38
28,460
28,25
28,466
28,309
10,47
1,10
16,578
28,633
28,40
28,379
28,453
28,142
28,77
28,565
10,27
28,353
28,451
12,154
28,148
28,420
28,328
28,106
28,467
28,349
33,240
37,426
10,547
16,583
3,307
12,337
52,348
28,284
10,98
16,336
28,330
28,94
28,396
28,446
28,190
52,64
25,102
28,18
28,126
28,463
7,478
28,76
10,130
28,431
2,404
53,574
