10,13
18,442
10,83
9,295
2,248
10,271
10,92
35,108
28,202
10,63
10,249
10,117
10,504
10,393
10,561
8,321
10,499
10,211
10,156
10,115
10,490
10,180
33,178
55,472
54,562
5,522
10,198
10,389
10,199
10,443
32,146
18,96
10,39
10,125
55,18
10,151
55,290
10,330
10,87
10,33
10,148
10,200
10,195
10,101
49,19
10,560
10,59
55,300
35,568
10,56
10,571
34,564
10,325
10,419
10,15
10,139
10,501
10,174
10,299
10,261
10,528
10,536
10,401
21,279
10,44
10,276
10,143
10,489
10,109
10,418
11,291
9,349
45,386
10,40
10,530
26,238
10,46
10,545
10,467
10,245
32,404
10,244
10,378
10,29
10,67
3,252
10,274
10,574
10,89
33,516
21,293
10,327
10,283
10,533
21,119
10,370
57,458
10,68
10,88
55,465
10,285
10,227
21,331
10,50
55,7
17,237
19,557
10,303
10,317
10,449
10,144
10,339
36,188
10,537
10,413
10,3
10,230
43,166
10,394
49,155
55,20
18,372
10,240
52,366
10,203
10,583
10,513
10,11
55,487
55,258
10,269
14,579
11,322
40,414
10,53
55,152
36,556
55,255
10,131
28,243
10,420
10,368
10,221
10,428
55,553
10,316
55,491
10,278
40,65
10,286
10,55
10,233
10,78
8,215
10,205
10,254
61,409
15,532
38,494
18,69
10,51
44,448
13,423
10,266
10,512
10,567
55,481
10,171
10,326
10,460
10,34
47,228
19,466
10,391
50,430
55,94
55,196
10,14
1,62
10,367
55,85
20,114
1,190
2,297
8,566
10,197
10,492
10,546
10,432
10,17
55,505
53,98
38,153
39,441
10,488
10,426
10,82
10,123
10,523
10,559
50,102
10,577
10,425
27,187
10,485
9,270
10,439
21,495
10,581
59,400
10,476
21,586
54,582
10,515
10,79
5,507
10,236
10,584
6,585
10,410
10,306
22,218
10,304
10,38
21,264
51,578
10,496
10,21
18,74
10,379
10,84
20,315
10,344
40,207
10,61
10,360
10,161
10,540
10,555
10,334
53,453
55,93
10,470
10,422
10,259
10,329
9,445
10,30
10,12
10,47
15,10
10,455
34,575
10,169
10,75
10,164
25,484
10,345
10,314
9,347
10,301
7,373
15,446
10,380
54,570
10,362
10,313
10,294
10,355
10,337
10,231
23,58
8,142
10,440
16,22
10,563
26,569
10,526
10,268
56,165
33,376
11,214
10,28
20,60
10,552
10,424
10,220
55,408
60,57
10,1
10,310
10,309
10,308
10,551
10,403
55,333
10,128
53,451
10,377
10,381
10,421
2,77
10,27
10,209
6,6
10,104
6,371
10,170
10,311
10,267
10,127
15,292
10,256
10,474
10,412
10,186
10,235
41,54
47,398
11,239
10,547
10,99
2,110
24,572
10,287
10,340
10,66
15,223
10,135
10,396
10,41
53,116
10,411
10,438
11,111
30,189
10,541
8,224
10,250
10,42
55,415
53,479
10,549
10,454
10,168
10,36
10,358
40,80
10,346
42,141
55,539
60,406
10,511
57,43
10,217
10,356
55,70
10,246
43,126
10,353
46,529
10,112
52,150
57,343
5,500
10,508
10,335
10,133
26,71
10,282
10,417
10,473
10,320
55,247
54,514
10,72
10,431
10,427
10,405
10,4
10,206
27,260
5,390
4,16
28,273
10,338
32,154
43,185
10,464
8,395
10,475
46,163
10,263
10,312
12,328
10,251
5,158
10,275
55,132
10,565
10,219
51,307
10,305
10,262
9,32
10,122
45,2
10,229
10,160
10,502
10,558
10,573
10,456
10,106
10,26
23,383
11,365
10,216
10,517
10,503
10,397
10,384
10,86
10,534
10,5
10,184
9,435
10,302
45,554
10,323
9,183
10,179
55,64
55,542
2,208
30,103
55,95
10,548
10,225
10,212
10,461
10,91
10,182
55,284
10,232
10,173
46,107
10,531
10,222
46,521
10,518
30,416
10,272
10,324
10,257
17,277
26,525
10,76
55,369
10,480
21,457
31,204
53,382
8,520
10,49
10,8
10,497
55,543
45,527
10,52
33,253
10,23
11,281
10,471
12,90
10,509
48,538
55,137
10,113
26,159
10,193
62,194
29,348
10,149
10,134
29,234
10,318
10,462
10,506
10,580
10,436
10,336
51,452
10,31
10,81
10,387
35,140
58,9
10,385
11,483
10,486
18,350
5,130
10,177
10,341
31,576
10,433
11,129
37,288
45,524
10,181
10,176
10,437
9,399
10,296
10,588
5,544
22,191
55,121
27,48
22,138
10,24
10,434
55,374
26,37
10,535
35,100
10,550
10,444
10,136
22,459
10,478
10,468
2,105
55,145
10,351
10,167
37,35
10,242
10,147
10,357
21,519
35,280
55,298
10,192
10,332
10,342
21,463
10,241
55,363
10,124
10,375
10,25
2,265
10,213
10,226
10,493
18,402
10,201
10,175
10,45
10,120
10,172
10,319
14,477
10,354
10,97
10,364
10,407
10,510
10,73
10,429
18,469
10,447
10,361
55,450
10,392
10,359
10,118
31,388
10,162
10,352
10,289
10,157
10,210
10,498
63,482
55,587
