11,564
31,532
31,151
31,452
31,372
25,475
15,422
31,539
25,476
55,88
56,593
31,210
31,507
31,78
12,596
31,65
31,509
49,220
25,99
25,165
29,279
31,84
31,196
27,310
55,406
31,521
54,296
33,12
31,79
31,407
31,16
35,303
31,558
31,23
31,625
11,392
25,340
55,4
31,216
58,365
3,209
7,515
31,56
31,437
31,562
31,234
55,120
14,546
56,627
15,351
31,495
31,371
31,529
15,344
17,395
31,439
31,145
31,149
10,277
11,519
11,482
11,161
26,300
48,366
31,110
31,584
29,606
31,187
31,350
39,294
25,308
11,53
11,347
33,283
27,43
46,213
54,607
31,360
31,173
35,223
31,465
31,45
31,585
31,413
31,536
25,218
7,158
31,321
31,200
25,621
11,569
31,81
35,224
48,111
35,66
39,493
31,114
52,46
31,178
55,212
38,113
48,487
17,469
31,89
25,115
51,13
37,135
31,333
56,8
31,500
31,597
25,97
31,555
31,228
31,592
30,44
31,280
29,622
23,603
31,5
1,259
56,570
14,57
17,619
11,22
44,17
31,510
38,3
31,561
46,69
35,324
11,260
14,553
23,383
31,281
31,291
31,82
11,26
11,479
3,602
38,342
57,315
11,85
14,363
31,236
37,30
7,498
51,29
31,225
31,524
31,313
8,468
17,573
59,198
35,626
32,444
29,580
31,238
35,335
31,533
31,289
24,176
31,586
11,245
31,591
11,249
31,471
31,599
1,168
1,620
11,33
31,528
31,282
15,401
11,192
31,269
40,35
31,51
55,2
16,298
25,136
17,214
30,385
26,560
23,359
11,292
31,615
19,484
11,550
48,257
14,480
31,429
35,556
16,92
7,425
31,117
11,409
31,322
27,554
31,472
11,450
31,445
11,514
55,325
18,263
28,217
39,527
27,68
31,604
31,440
25,14
31,160
31,104
31,587
30,577
31,456
31,108
31,631
56,448
31,629
40,618
35,301
31,581
31,39
31,497
25,58
11,364
31,397
25,163
1,424
31,458
11,339
17,382
31,150
11,361
31,31
11,457
31,540
25,582
50,567
4,172
25,490
15,434
1,83
31,253
15,346
25,415
25,129
31,511
35,52
1,594
1,167
31,202
25,34
11,137
1,605
31,231
24,127
31,600
31,537
33,410
40,544
31,288
35,116
23,305
25,183
41,215
11,595
31,338
21,156
35,508
35,157
11,21
25,118
25,461
7,67
31,75
25,624
31,24
31,428
31,199
31,208
31,206
52,502
26,28
35,261
25,74
31,278
31,19
35,247
31,394
31,90
17,20
31,473
24,9
31,489
9,275
31,37
25,226
31,357
31,6
56,229
31,266
11,248
30,86
34,504
52,105
31,571
55,242
31,112
25,417
35,311
31,299
22,254
31,274
56,535
11,181
9,464
26,211
1,71
31,370
31,393
11,513
31,408
31,389
11,486
5,334
51,287
9,239
53,427
11,184
1,285
31,319
25,63
31,566
52,387
52,551
30,542
31,270
31,447
15,531
31,314
11,265
31,185
8,119
31,134
31,549
52,380
50,295
31,258
31,162
1,193
59,250
11,286
11,430
11,93
25,572
15,222
31,95
31,377
31,271
9,155
31,412
31,264
31,272
31,462
14,557
17,159
3,131
25,312
31,80
31,32
7,290
12,390
34,579
7,306
35,375
1,608
57,388
24,496
15,146
31,107
31,399
11,207
31,518
1,70
26,96
36,101
25,559
35,128
14,141
31,177
25,221
25,262
31,609
48,474
31,267
17,483
37,543
10,188
31,354
1,491
11,1
43,268
17,189
31,326
31,416
25,598
31,197
31,73
56,235
35,125
31,203
13,435
31,227
11,494
25,61
11,91
11,355
51,304
11,530
31,545
15,421
31,526
31,132
50,432
26,588
27,139
31,610
35,523
47,438
11,171
17,481
31,419
11,166
17,384
31,317
11,62
31,175
31,60
17,232
56,630
17,343
31,454
31,418
48,449
21,164
31,186
11,138
31,520
59,201
31,331
57,72
11,143
9,403
31,255
31,576
31,237
17,517
55,36
29,273
35,356
44,616
25,323
31,15
55,374
51,485
31,601
31,613
1,414
31,362
31,318
25,522
41,455
31,329
31,297
10,506
45,512
31,400
31,59
11,477
31,345
41,501
31,568
12,152
25,195
31,376
1,147
25,276
31,42
11,373
56,87
31,628
11,293
31,534
36,525
31,611
31,552
17,405
31,590
8,182
33,436
17,441
25,443
1,503
10,433
31,398
32,368
31,55
31,459
31,233
10,103
25,617
31,124
31,538
6,153
11,499
39,205
31,180
11,194
31,50
9,341
11,54
31,381
17,423
11,243
31,548
31,174
31,246
11,7
21,358
31,133
31,123
17,144
25,367
31,191
31,391
17,48
31,505
31,332
56,488
21,121
20,386
31,320
11,170
31,252
50,589
15,256
23,378
31,470
21,244
17,402
31,251
31,352
31,169
31,230
35,632
31,369
38,41
31,140
31,612
31,327
56,241
31,516
54,49
26,122
31,563
8,541
31,492
31,316
25,302
35,411
31,11
42,442
56,623
11,575
31,109
58,219
35,614
31,204
31,100
31,179
52,38
31,460
31,25
31,466
31,309
11,47
1,10
17,578
31,633
31,40
31,379
31,453
30,142
31,77
31,565
11,27
31,353
31,451
13,154
31,148
31,420
31,328
31,106
31,467
31,349
36,240
40,426
11,547
17,583
3,307
13,337
56,348
31,284
11,98
17,336
31,330
31,94
31,396
31,446
31,190
56,64
27,102
31,18
31,126
31,463
7,478
31,76
11,130
31,431
2,404
58,574
