7,13
13,442
7,83
7,295
2,248
7,271
7,92
27,108
21,202
7,63
7,249
7,117
7,504
7,393
7,561
7,321
7,499
7,211
7,156
7,115
7,490
7,180
26,178
39,472
38,562
4,522
7,198
7,389
7,199
7,443
25,146
13,96
7,39
7,125
39,18
7,151
39,290
7,330
7,87
7,33
7,148
7,200
7,195
7,101
36,19
7,560
7,59
39,300
27,568
7,56
7,571
27,564
7,325
7,419
7,15
7,139
7,501
7,174
7,299
7,261
7,528
7,536
7,401
15,279
7,44
7,276
7,143
7,489
7,109
7,418
7,291
7,349
34,386
7,40
7,530
19,238
7,46
7,545
7,467
7,245
25,404
7,244
7,378
7,29
7,67
3,252
7,274
7,574
7,89
26,516
15,293
7,327
7,283
7,533
15,119
7,370
40,458
7,68
7,88
39,465
7,285
7,227
15,331
7,50
39,7
12,237
14,557
7,303
7,317
7,449
7,144
7,339
28,188
7,537
7,413
7,3
7,230
32,166
7,394
36,155
39,20
13,372
7,240
38,366
7,203
7,583
7,513
7,11
39,487
39,258
7,269
10,579
7,322
30,414
7,53
39,152
28,556
39,255
7,131
21,243
7,420
7,368
7,221
7,428
39,553
7,316
39,491
7,278
30,65
7,286
7,55
7,233
7,78
7,215
7,205
7,254
44,409
11,532
29,494
13,69
7,51
33,448
9,423
7,266
7,512
7,567
39,481
7,171
7,326
7,460
7,34
35,228
14,466
7,391
36,430
39,94
39,196
7,14
1,62
7,367
39,85
14,114
1,190
2,297
7,566
7,197
7,492
7,546
7,432
7,17
39,505
38,98
29,153
29,441
7,488
7,426
7,82
7,123
7,523
7,559
36,102
7,577
7,425
20,187
7,485
7,270
7,439
15,495
7,581
42,400
7,476
15,586
38,582
7,515
7,79
4,507
7,236
7,584
5,585
7,410
7,306
16,218
7,304
7,38
15,264
37,578
7,496
7,21
13,74
7,379
7,84
14,315
7,344
30,207
7,61
7,360
7,161
7,540
7,555
7,334
38,453
39,93
7,470
7,422
7,259
7,329
7,445
7,30
7,12
7,47
11,10
7,455
27,575
7,169
7,75
7,164
18,484
7,345
7,314
7,347
7,301
6,373
11,446
7,380
38,570
7,362
7,313
7,294
7,355
7,337
7,231
16,58
7,142
7,440
11,22
7,563
19,569
7,526
7,268
39,165
26,376
7,214
7,28
14,60
7,552
7,424
7,220
39,408
43,57
7,1
7,310
7,309
7,308
7,551
7,403
39,333
7,128
38,451
7,377
7,381
7,421
2,77
7,27
7,209
5,6
7,104
5,371
7,170
7,311
7,267
7,127
11,292
7,256
7,474
7,412
7,186
7,235
30,54
35,398
7,239
7,547
7,99
2,110
17,572
7,287
7,340
7,66
11,223
7,135
7,396
7,41
38,116
7,411
7,438
7,111
23,189
7,541
7,224
7,250
7,42
39,415
38,479
7,549
7,454
7,168
7,36
7,358
30,80
7,346
31,141
39,539
43,406
7,511
40,43
7,217
7,356
39,70
7,246
32,126
7,353
34,529
7,112
38,150
40,343
4,500
7,508
7,335
7,133
19,71
7,282
7,417
7,473
7,320
39,247
38,514
7,72
7,431
7,427
7,405
7,4
7,206
20,260
4,390
3,16
21,273
7,338
25,154
32,185
7,464
7,395
7,475
34,163
7,263
7,312
8,328
7,251
4,158
7,275
39,132
7,565
7,219
37,307
7,305
7,262
7,32
7,122
34,2
7,229
7,160
7,502
7,558
7,573
7,456
7,106
7,26
16,383
7,365
7,216
7,517
7,503
7,397
7,384
7,86
7,534
7,5
7,184
7,435
7,302
34,554
7,323
7,183
7,179
39,64
39,542
2,208
23,103
39,95
7,548
7,225
7,212
7,461
7,91
7,182
39,284
7,232
7,173
34,107
7,531
7,222
34,521
7,518
23,416
7,272
7,324
7,257
12,277
19,525
7,76
39,369
7,480
15,457
24,204
38,382
7,520
7,49
7,8
7,497
39,543
34,527
7,52
26,253
7,23
7,281
7,471
8,90
7,509
35,538
39,137
7,113
19,159
7,193
45,194
22,348
7,149
7,134
22,234
7,318
7,462
7,506
7,580
7,436
7,336
37,452
7,31
7,81
7,387
27,140
41,9
7,385
7,483
7,486
13,350
4,130
7,177
7,341
24,576
7,433
7,129
28,288
34,524
7,181
7,176
7,437
7,399
7,296
7,588
4,544
16,191
39,121
20,48
16,138
7,24
7,434
39,374
19,37
7,535
27,100
7,550
7,444
7,136
16,459
7,478
7,468
2,105
39,145
7,351
7,167
28,35
7,242
7,147
7,357
15,519
27,280
39,298
7,192
7,332
7,342
15,463
7,241
39,363
7,124
7,375
7,25
2,265
7,213
7,226
7,493
13,402
7,201
7,175
7,45
7,120
7,172
7,319
10,477
7,354
7,97
7,364
7,407
7,510
7,73
7,429
13,469
7,447
7,361
39,450
7,392
7,359
7,118
24,388
7,162
7,352
7,289
7,157
7,210
7,498
46,482
39,587
