23,50
36,293
16,579
21,100
14,701
33,607
21,264
38,587
14,525
25,128
13,688
5,545
36,663
21,99
17,245
22,19
15,294
49,574
21,676
21,185
43,308
21,523
21,632
14,239
21,590
25,123
36,356
49,665
58,389
36,130
24,698
13,555
24,639
21,337
13,442
53,320
54,67
21,338
40,23
41,76
21,168
16,227
15,329
16,105
22,679
13,418
53,692
9,388
18,289
21,54
55,146
36,524
5,491
21,385
21,396
18,612
13,154
21,435
16,155
36,699
21,591
21,458
13,381
9,284
37,296
7,554
21,420
32,61
21,498
21,97
21,374
20,642
36,58
35,156
35,530
21,536
12,118
41,459
9,392
22,478
9,474
21,110
36,626
14,553
59,275
14,589
21,397
16,304
21,288
24,428
21,602
23,34
14,666
14,286
21,497
34,7
21,162
61,229
21,522
21,519
32,283
16,425
42,208
60,176
21,278
14,166
14,684
39,125
13,126
21,266
13,473
14,334
21,22
7,623
14,20
18,363
42,38
21,41
40,343
15,492
24,421
36,69
21,453
13,470
21,14
21,82
14,187
21,219
25,494
21,496
32,371
63,313
40,70
60,234
14,189
36,661
40,465
15,350
15,572
14,355
49,159
13,624
2,391
27,596
24,431
21,615
26,89
38,167
44,71
40,62
15,565
9,113
14,311
21,611
21,315
21,25
60,317
36,307
21,55
29,613
16,647
21,490
45,621
21,346
22,508
21,655
21,95
21,387
15,237
61,297
52,449
13,164
9,506
18,680
9,357
21,232
24,594
22,566
36,87
59,592
14,645
36,520
24,4
19,265
21,700
34,556
21,410
40,322
21,694
47,91
40,436
40,196
15,599
27,486
15,345
21,367
13,401
32,316
14,72
10,178
60,548
16,544
15,443
24,165
40,249
16,80
14,390
21,600
36,648
13,16
36,45
36,353
53,603
13,298
36,511
10,468
14,549
15,636
21,593
24,1
36,261
61,259
40,244
13,92
14,177
16,204
21,220
14,33
21,90
36,183
14,416
21,145
6,121
21,31
59,9
16,618
21,617
36,695
21,448
49,135
7,231
36,86
39,383
23,115
21,217
14,228
34,408
63,5
22,207
13,472
15,106
15,609
3,446
16,24
14,483
40,475
27,558
5,669
23,255
15,675
23,580
16,140
53,378
21,181
21,672
21,269
43,439
13,199
14,291
40,323
49,112
61,399
40,505
14,570
21,93
13,335
9,246
21,84
17,450
50,664
40,429
40,94
21,107
21,463
40,649
21,499
54,405
21,127
21,557
13,274
14,562
13,225
21,153
21,460
9,414
21,424
21,627
23,678
47,268
12,197
43,584
52,57
9,224
21,214
36,481
40,109
21,46
21,142
13,454
44,479
21,309
36,512
21,111
13,605
21,502
20,32
21,641
50,375
31,359
21,210
36,124
21,659
14,422
28,364
28,569
36,373
59,441
36,690
21,601
53,488
13,537
10,348
36,559
21,638
14,411
11,250
21,35
21,314
36,290
50,63
36,689
49,331
21,413
18,417
21,361
21,11
8,292
13,276
40,172
21,404
37,252
18,509
22,169
39,151
21,139
21,660
21,120
40,43
13,527
17,466
13,193
42,195
21,682
13,515
32,260
40,218
21,203
7,251
29,138
18,17
21,640
37,487
13,262
21,254
13,59
32,161
46,696
14,44
6,236
37,542
21,202
36,42
14,471
40,226
21,622
16,577
21,88
21,610
21,102
22,206
21,567
21,3
59,386
36,543
43,528
21,685
21,534
17,504
14,691
53,500
21,56
39,116
10,370
13,49
14,625
11,174
40,437
14,352
36,344
21,551
13,631
10,184
13,398
13,279
28,576
24,620
13,634
21,461
40,438
21,15
21,360
13,464
12,257
13,564
21,144
36,194
35,325
21,415
14,324
40,26
21,10
60,129
56,635
49,147
21,646
21,552
18,160
17,369
14,604
60,469
13,477
21,445
22,319
40,175
30,152
14,546
12,173
14,64
21,81
14,48
36,568
40,79
21,295
13,277
51,303
36,216
36,526
21,462
21,200
14,412
17,485
10,550
14,332
27,403
21,347
15,582
39,670
23,517
29,616
21,447
16,300
14,423
21,77
21,336
14,687
5,697
29,406
21,12
13,476
32,541
13,53
32,595
14,258
36,532
10,529
21,368
15,241
13,114
49,66
21,588
21,379
21,233
49,83
21,158
32,484
21,339
21,73
21,382
14,535
18,230
36,122
13,305
32,563
18,221
14,341
21,575
49,136
21,2
15,597
49,394
23,211
13,674
57,215
37,212
15,533
60,52
12,328
48,677
21,656
21,457
40,209
21,13
21,326
21,501
21,60
10,179
15,333
18,662
4,182
21,238
49,578
4,426
36,27
18,456
36,30
21,547
13,451
34,585
40,409
45,321
5,312
16,242
18,514
22,65
21,380
9,637
36,652
22,619
23,651
10,372
18,614
29,608
21,351
21,75
21,74
21,653
14,427
14,96
13,186
49,247
40,538
14,480
36,482
27,68
21,503
21,650
16,131
9,101
13,376
14,495
54,365
21,198
41,583
21,6
36,693
17,243
16,108
36,354
21,467
14,402
49,148
8,8
32,349
13,561
36,430
45,657
21,539
7,444
21,133
21,281
21,273
21,407
23,191
21,384
5,119
21,192
36,282
40,366
21,419
22,39
13,285
21,673
22,598
29,188
13,452
46,270
21,205
37,306
14,521
16,668
21,223
21,137
21,256
37,358
21,150
12,573
14,40
14,78
37,493
17,507
21,240
16,581
21,681
21,489
18,510
21,531
13,18
65,560
47,141
60,434
18,342
21,28
60,271
17,318
25,340
23,280
37,455
13,163
21,540
15,586
13,310
21,149
53,654
56,190
21,629
29,299
21,606
22,377
14,518
32,667
37,395
37,301
35,267
44,21
21,683
36,362
40,117
62,103
13,400
15,213
21,330
36,263
21,36
14,643
21,47
21,171
43,302
40,37
14,571
8,287
64,51
14,686
40,432
36,157
14,134
21,440
36,201
13,104
21,630
21,516
49,633
15,272
43,170
21,98
18,222
55,658
11,180
21,85
13,393
13,235
18,327
21,644
39,433
21,703
14,513
16,29
11,628
21,671
21,132
21,248
21,143
1,702
56,253
