7,661
8,1045
7,845
7,943
7,19
7,1007
7,529
7,582
7,245
7,70
6,959
7,917
7,381
6,130
7,220
7,325
7,58
7,212
7,672
7,1051
7,568
7,564
7,1015
7,781
4,1108
7,924
7,448
5,969
7,125
7,1047
7,870
7,332
7,466
7,188
7,1091
7,541
7,153
7,983
7,1113
7,300
7,236
7,352
7,1072
7,532
7,309
7,454
6,645
7,1012
7,1080
7,504
6,1020
7,668
7,389
8,1023
7,221
7,839
7,627
7,98
6,974
7,1096
7,78
7,988
7,259
7,430
5,1018
8,322
7,402
7,772
6,403
7,800
7,74
7,633
7,339
7,1021
7,589
7,906
5,386
7,497
6,1062
7,357
7,767
7,301
7,795
7,796
7,651
7,283
7,306
7,976
7,435
7,416
7,30
7,656
7,975
7,88
7,86
7,1119
7,1041
7,918
7,330
11,686
7,13
7,869
7,955
4,683
7,610
7,216
7,35
4,342
7,262
7,292
7,714
7,272
7,496
7,937
2,565
7,63
2,289
7,328
7,827
7,1057
4,482
7,298
7,499
7,1010
7,29
7,821
7,23
8,36
7,360
7,436
7,569
1,535
7,468
7,741
7,903
7,785
7,296
7,788
7,794
7,982
8,546
7,234
7,539
7,780
7,495
7,590
7,119
7,464
7,542
7,742
7,1087
5,92
7,249
2,673
7,510
7,773
7,106
7,462
7,792
7,1016
7,992
7,160
7,347
5,629
7,1089
7,175
7,443
7,545
7,614
7,145
7,1000
7,952
7,609
7,786
7,358
7,71
7,485
7,494
7,1048
4,769
7,1100
7,604
7,12
7,928
7,498
7,1026
8,933
7,846
7,862
8,797
7,755
1,1044
7,174
7,970
7,782
7,690
7,385
7,812
7,240
2,947
8,225
7,849
7,1076
7,15
7,178
6,193
7,893
7,637
7,1111
5,916
7,689
7,1092
7,371
7,362
7,183
7,603
8,704
8,994
7,995
7,156
7,413
5,359
2,1046
7,543
7,914
7,688
7,68
7,202
7,151
7,138
7,528
7,660
7,133
7,577
7,61
7,675
6,287
6,428
7,1093
7,367
7,980
6,263
7,483
7,380
7,516
12,920
7,1013
7,155
7,885
7,343
7,575
7,22
7,76
7,479
7,843
7,401
7,815
7,404
7,874
7,438
7,653
7,168
7,314
7,808
7,87
7,484
7,440
7,1058
7,967
7,291
7,824
7,9
7,270
7,126
7,787
7,1053
8,60
7,771
7,101
7,320
7,214
7,33
7,470
7,676
7,418
2,818
7,853
7,157
7,1099
7,275
7,267
7,269
7,763
7,195
6,973
7,143
7,80
7,105
7,912
7,444
7,866
4,857
7,647
7,930
7,606
7,682
7,476
4,1088
7,747
7,73
7,75
7,186
8,599
7,285
7,445
7,702
8,311
7,957
7,159
7,748
7,667
7,394
7,613
7,960
7,290
7,829
7,113
7,327
7,602
7,149
4,209
7,353
2,46
7,399
7,945
7,527
7,181
7,396
7,801
6,958
7,208
7,366
7,764
7,446
7,759
7,941
7,997
7,1107
7,749
12,931
7,856
7,392
7,57
7,254
7,579
8,987
7,316
7,687
7,774
7,148
7,266
7,82
7,826
7,895
2,956
7,118
7,85
7,1008
7,41
7,894
7,662
6,789
7,880
7,4
7,1005
2,459
6,256
8,433
7,944
7,642
7,835
7,882
7,517
7,524
7,329
7,566
2,228
7,1106
7,1033
7,730
7,907
7,1098
2,1042
7,761
7,754
7,909
7,913
7,109
7,95
7,410
7,368
7,243
7,50
7,205
7,737
7,1090
7,232
2,278
7,34
7,929
7,1024
7,776
7,507
7,442
7,49
7,140
7,146
7,555
7,318
7,341
5,790
7,513
2,204
7,1049
7,258
7,573
7,805
7,708
7,695
7,457
7,199
6,103
7,94
7,972
7,692
7,891
7,836
7,405
6,522
7,182
7,191
7,585
7,873
7,425
7,276
7,584
7,757
7,230
7,1073
7,576
7,592
7,398
7,848
7,158
7,750
7,1068
7,634
7,1
7,552
8,850
7,758
7,1071
7,966
7,43
7,250
7,406
9,1035
7,112
6,649
7,307
6,493
7,173
6,429
8,1036
7,293
7,503
7,1067
8,703
7,491
7,833
8,1003
7,624
7,390
7,147
7,407
8,163
7,310
2,411
7,768
6,312
7,1040
7,122
7,194
7,694
7,544
7,593
7,538
7,261
7,315
8,550
8,1104
7,431
7,623
7,685
7,852
7,570
7,858
7,896
7,281
7,1056
7,953
7,233
7,678
7,170
4,583
7,571
7,134
7,321
7,939
7,144
7,299
7,99
7,334
7,1011
7,990
7,834
7,709
7,458
7,863
7,657
5,652
7,699
7,727
2,346
7,777
7,536
8,72
7,211
7,631
7,872
7,382
7,530
7,420
7,297
7,3
7,1081
7,842
4,1050
5,556
7,62
7,102
7,253
4,1074
7,337
7,1054
7,400
5,520
5,492
7,559
7,344
6,179
6,197
7,596
7,419
7,89
7,923
7,712
7,901
7,255
7,641
7,323
7,489
7,594
7,294
7,828
7,91
7,373
6,823
7,414
4,525
7,227
7,26
7,167
7,1009
7,696
7,241
1,526
7,717
7,224
7,137
7,165
7,932
7,1022
7,902
7,391
7,716
8,93
7,244
7,274
7,911
7,251
7,1029
7,1014
7,640
7,762
7,512
7,618
7,706
7,926
7,807
7,1094
7,900
7,177
7,409
8,456
7,351
7,1027
7,415
7,632
7,574
8,32
7,264
7,617
7,338
7,96
7,18
7,819
7,1061
7,508
2,655
7,114
7,940
7,783
7,427
2,90
8,239
7,934
6,31
7,480
7,1075
7,644
7,847
7,17
7,273
7,288
7,455
7,81
7,950
7,383
6,235
7,611
7,265
7,304
8,48
7,319
7,1082
7,691
6,936
7,825
7,551
7,169
7,369
6,129
7,1102
8,1001
8,659
7,441
7,27
7,809
4,523
4,875
7,505
7,260
7,892
7,282
7,733
4,1052
7,161
2,424
2,586
7,44
7,626
7,461
7,284
7,451
7,52
7,397
7,379
7,136
7,198
7,518
7,5
7,984
7,213
7,925
7,324
8,37
6,120
7,10
8,938
8,725
7,370
7,608
7,107
6,268
7,740
4,600
7,326
7,897
7,674
6,111
7,463
8,810
7,572
7,888
7,110
7,84
6,229
7,616
6,625
7,271
7,775
7,728
8,1097
7,765
6,64
7,417
7,395
6,820
7,1070
8,567
4,760
7,628
8,39
2,1069
12,1085
7,954
8,142
7,477
7,905
7,746
7,1039
7,948
5,965
7,363
7,511
7,345
7,968
7,908
7,998
8,743
7,38
6,722
7,305
7,375
2,595
7,45
7,620
7,83
7,196
7,1083
7,123
7,540
7,779
7,355
7,336
7,24
7,412
7,591
7,832
7,961
7,139
7,739
7,981
7,831
7,844
7,639
2,509
7,877
7,710
7,851
7,841
7,648
5,581
7,487
7,257
7,560
7,1095
7,899
7,919
6,472
7,135
5,20
7,646
7,643
7,502
7,127
6,533
6,1112
7,817
7,721
7,989
10,876
7,619
7,1101
7,1028
7,986
7,475
7,770
7,951
6,16
7,979
7,519
6,813
7,840
7,669
7,124
7,598
7,860
7,723
7,185
1,806
7,889
7,1006
7,116
7,171
7,868
7,303
7,189
2,437
7,946
7,226
7,203
7,607
7,554
7,605
12,150
7,354
7,752
7,588
7,890
7,612
7,985
7,361
7,247
7,563
7,172
7,715
7,1004
7,962
7,1055
7,348
7,279
1,166
5,252
7,162
7,364
7,450
4,7
7,184
7,55
7,514
7,719
6,861
5,8
7,426
6,816
7,131
7,6
7,878
8,280
7,452
7,349
7,248
7,1002
7,207
7,1066
7,991
6,693
7,465
4,453
7,97
8,506
8,681
7,42
10,1019
6,388
7,434
7,601
7,949
7,67
7,215
7,447
7,1043
7,53
7,422
7,1109
10,838
7,684
7,176
7,335
7,219
7,766
4,745
7,622
7,21
7,1037
7,802
7,40
5,56
7,1059
7,231
7,804
7,1110
5,384
7,664
7,521
7,449
7,547
7,374
10,964
3,460
7,713
7,478
7,883
7,378
4,738
7,1060
7,190
7,734
7,731
7,884
7,128
7,701
2,665
7,654
7,1084
7,1103
7,317
7,201
7,724
6,597
7,356
7,621
7,700
7,313
7,54
7,66
7,751
7,615
7,996
7,141
7,218
7,1030
7,1063
7,1025
7,636
7,217
7,500
7,1038
7,187
7,486
9,871
8,501
7,277
7,697
7,481
7,666
7,2
7,474
6,537
7,864
7,473
7,237
7,14
7,1114
5,720
6,1079
7,705
7,1077
7,978
7,578
7,753
7,471
7,51
7,562
7,372
7,432
7,238
7,887
7,561
7,726
6,993
7,798
7,867
8,242
7,1032
7,638
2,658
7,698
7,791
7,729
7,47
7,340
7,469
7,650
7,942
7,663
7,206
7,1116
7,295
7,814
7,1065
7,1078
7,11
7,439
4,718
7,879
7,971
7,711
7,799
7,69
7,59
7,490
8,79
7,811
7,377
7,803
7,921
8,898
5,886
6,1117
7,467
2,963
7,100
7,736
7,246
8,837
7,350
7,408
7,999
7,534
7,1064
7,778
7,223
7,200
7,1034
7,423
7,365
7,393
7,756
7,115
7,1086
7,117
7,679
7,935
7,630
7,830
7,635
8,286
7,735
7,333
8,680
2,387
6,376
7,488
7,154
7,854
7,132
7,822
7,192
7,587
7,922
7,553
7,881
7,515
6,732
6,904
6,1115
7,25
7,104
7,707
7,670
8,331
7,1017
2,302
7,108
7,859
7,677
7,927
7,580
7,671
7,121
7,548
7,180
7,308
7,152
7,28
7,784
7,1031
7,865
7,557
8,531
7,793
5,77
7,222
7,65
7,558
7,915
7,910
7,1118
7,210
7,164
6,855
4,1105
6,744
9,549
5,421
7,977
