2,307
2,518
2,190
2,422
2,622
1,230
2,494
2,7
2,371
2,500
2,749
2,497
2,534
2,711
5,19
2,717
2,635
2,627
2,742
2,713
2,203
2,463
2,583
2,747
2,323
2,496
2,723
2,690
2,661
4,670
2,70
2,701
6,639
2,358
2,283
5,399
4,510
5,158
2,609
2,150
2,710
4,391
2,737
2,550
1,188
2,453
2,472
2,567
5,738
5,236
5,529
1,434
2,14
2,593
2,699
2,278
2,235
2,71
2,25
2,605
2,382
5,630
2,46
2,473
6,435
2,603
2,644
2,604
7,172
2,152
2,201
2,153
2,720
2,340
2,741
1,269
1,731
2,298
1,488
1,41
2,378
1,458
1,480
5,743
2,705
2,255
2,576
3,229
2,479
2,396
2,442
2,633
2,383
2,78
2,218
2,548
2,189
2,133
2,261
2,111
5,20
1,267
5,281
2,328
7,678
8,415
2,318
2,142
2,504
2,522
2,681
4,572
2,707
2,259
1,96
2,200
9,3
2,125
5,372
2,695
2,613
1,220
2,694
5,162
2,573
2,72
2,512
2,539
5,73
2,407
5,433
8,179
2,379
7,507
2,698
2,598
1,532
2,315
2,360
2,525
2,338
2,735
7,725
1,226
7,728
1,100
2,553
2,543
5,93
2,74
2,257
2,658
2,537
2,34
5,57
1,493
2,653
2,334
2,126
2,85
2,621
2,600
2,240
2,570
2,198
2,224
2,171
2,417
2,623
2,157
2,136
2,186
2,64
2,716
2,719
2,536
1,364
5,652
2,599
1,47
2,205
2,317
2,183
2,81
2,116
2,509
2,195
2,250
2,165
2,571
1,246
4,151
5,335
5,175
2,498
1,313
1,555
2,620
5,578
2,169
2,24
2,1
2,395
5,61
2,732
2,637
5,446
2,692
5,666
4,629
2,277
2,309
4,23
2,714
2,540
5,523
2,592
2,292
5,381
2,746
5,147
2,703
8,141
2,270
1,615
2,306
2,607
2,297
2,182
2,359
2,410
2,176
2,726
2,202
2,95
2,736
2,228
8,118
2,343
2,730
2,58
2,414
2,471
2,60
5,709
2,486
1,443
1,683
2,11
2,424
5,211
2,291
2,485
1,533
2,404
5,242
2,515
2,680
2,521
2,272
2,481
2,159
2,589
2,568
2,167
1,140
2,110
2,559
2,403
2,342
2,16
2,501
1,139
5,206
5,426
1,405
2,503
2,341
2,27
5,212
2,331
5,686
2,684
5,641
5,631
8,252
2,505
5,344
2,355
2,314
2,447
2,495
2,474
1,624
7,357
5,483
2,398
2,712
2,367
5,98
2,706
1,164
1,2
2,54
2,406
2,347
2,619
1,418
2,420
2,490
5,665
2,632
2,451
2,676
2,352
7,366
2,163
2,370
2,59
5,580
4,237
1,325
2,350
2,502
2,362
1,664
2,90
2,544
1,660
5,26
2,663
2,380
7,327
2,170
2,584
2,130
2,449
2,91
2,421
2,587
2,55
2,389
2,135
2,174
2,154
2,66
2,121
2,265
5,104
2,253
2,48
2,638
5,640
2,279
2,588
2,552
2,92
2,214
2,53
2,39
2,642
2,662
5,187
2,263
2,724
2,601
2,400
5,636
2,466
2,99
2,234
2,13
5,68
2,430
1,439
4,339
4,123
2,393
2,748
2,290
2,56
2,693
2,10
1,29
6,597
2,128
2,127
1,222
2,287
5,12
2,647
1,477
2,594
2,476
2,289
2,354
2,258
2,557
2,394
2,560
2,241
1,35
2,262
2,348
2,148
2,563
2,89
2,590
5,301
2,160
2,94
1,138
2,454
2,530
2,319
2,346
2,546
2,361
6,516
2,271
2,535
2,332
5,239
2,168
5,67
2,437
7,541
2,5
5,387
2,369
2,464
2,657
2,634
2,31
2,113
2,86
2,628
1,750
2,436
1,310
4,667
2,18
2,4
1,669
1,120
2,293
2,161
1,232
2,491
2,654
2,411
5,668
2,616
2,729
2,562
1,462
4,305
2,374
7,208
2,484
5,231
2,595
2,511
2,655
1,227
2,260
5,8
2,97
5,9
5,401
2,547
2,460
2,107
2,21
7,166
2,538
2,554
2,184
2,181
2,564
2,468
1,40
2,185
2,478
2,75
2,87
5,304
2,63
1,397
2,649
2,43
5,428
2,431
2,606
2,336
2,408
2,519
2,574
7,520
2,233
2,22
2,673
2,312
2,109
2,217
1,581
2,386
1,413
2,243
2,733
2,659
2,365
1,215
1,517
2,558
2,687
2,17
2,689
2,299
2,596
2,356
2,455
2,28
1,648
2,44
1,744
5,249
5,108
2,450
2,244
5,324
2,677
2,682
2,650
2,337
2,264
2,268
2,700
2,561
2,674
2,32
5,351
2,651
2,345
5,432
2,114
2,551
2,173
5,416
2,672
2,88
2,444
2,115
2,77
2,82
4,225
2,177
2,514
2,266
2,52
2,276
2,611
2,625
2,79
1,102
1,438
2,180
2,326
5,708
2,524
2,402
2,83
2,645
2,146
4,456
2,565
5,513
2,685
4,76
2,329
2,585
4,6
2,506
2,122
1,388
7,322
2,247
2,445
2,254
2,608
1,375
2,465
2,392
2,591
2,303
2,197
2,308
2,45
2,80
2,508
2,727
5,294
2,702
2,721
2,273
2,137
2,489
1,302
2,144
8,191
1,196
5,482
2,643
5,448
2,566
2,618
5,715
1,384
2,412
2,440
2,156
2,526
2,248
2,722
1,691
5,531
2,452
2,492
2,349
2,363
2,675
2,119
2,368
2,124
2,740
2,274
2,62
2,390
2,612
2,542
2,275
2,216
1,256
2,219
1,549
5,149
2,688
2,577
2,285
2,131
2,425
2,204
2,626
2,528
2,84
4,469
2,51
2,753
2,209
2,296
2,50
2,221
2,245
2,646
2,545
2,671
2,614
2,320
2,467
2,282
5,101
2,194
2,199
2,602
5,207
2,409
2,178
2,129
5,251
2,617
2,527
2,373
2,330
2,38
1,15
2,470
2,311
5,704
2,739
2,49
5,679
2,745
2,103
2,353
2,193
6,288
7,429
2,423
2,300
2,284
2,36
1,487
2,280
5,461
2,569
2,155
2,112
1,718
2,579
2,734
2,37
2,192
2,457
2,210
1,656
2,556
2,376
4,321
2,441
2,42
1,582
1,575
2,30
2,213
2,377
2,33
1,65
2,385
2,419
2,696
2,69
2,333
2,105
4,316
2,475
2,295
2,499
2,697
5,134
5,459
2,427
2,586
2,145
2,143
5,751
2,238
2,610
2,106
2,132
2,286
7,223
8,752
5,117
