93,50
129,293
58,579
71,100
47,701
118,607
83,264
143,587
47,525
102,128
34,688
7,545
134,663
85,99
61,245
90,19
50,294
168,574
84,676
85,185
155,308
85,523
84,632
48,239
87,590
103,123
136,356
173,665
192,389
137,130
97,698
38,555
99,639
82,337
41,442
179,320
184,67
85,338
148,23
150,76
85,168
56,227
52,329
55,105
89,679
37,418
180,692
20,388
66,289
84,54
187,146
130,524
6,491
84,385
88,396
64,612
36,154
84,435
55,155
133,699
84,591
87,458
41,381
19,284
138,296
11,554
84,420
116,61
85,498
85,97
87,374
68,642
129,58
122,156
122,530
84,536
32,118
152,459
17,392
91,478
19,474
85,110
129,626
45,553
193,275
47,589
77,397
54,304
87,288
99,428
73,602
95,34
45,666
45,286
78,497
119,7
84,162
199,229
84,522
84,519
116,283
57,425
154,208
195,176
84,278
47,166
46,684
145,125
37,126
84,266
38,473
49,334
87,22
13,623
47,20
64,363
153,38
84,41
148,343
52,492
97,421
129,69
84,453
38,470
85,14
85,82
44,187
84,219
101,494
84,496
116,371
203,313
148,70
195,234
47,189
129,661
149,465
50,350
52,572
49,355
168,159
37,624
2,391
106,596
96,431
84,615
104,89
143,167
158,71
149,62
52,565
18,113
43,311
84,611
84,315
84,25
195,317
129,307
86,55
109,613
55,647
83,490
160,621
75,346
92,508
85,655
87,95
84,387
52,237
198,297
178,449
34,164
18,506
66,680
18,357
85,232
98,594
92,566
126,87
193,592
49,645
126,520
96,4
67,265
84,700
119,556
85,410
148,322
86,694
165,91
148,436
148,196
52,599
106,486
52,345
72,367
36,401
114,316
49,72
22,178
195,548
56,544
51,443
98,165
147,249
57,80
47,390
85,600
132,648
38,16
129,45
129,353
181,603
37,298
129,511
23,468
47,549
51,636
85,593
98,1
129,261
200,259
149,244
36,92
42,177
53,204
84,220
47,33
83,90
129,183
47,416
76,145
9,121
86,31
193,9
55,618
75,617
127,695
84,448
171,135
12,231
125,86
145,383
95,115
84,217
45,228
120,408
202,5
92,207
41,472
50,106
52,609
3,446
55,24
48,483
149,475
105,558
8,669
95,255
51,675
95,580
55,140
182,378
84,181
71,672
85,269
155,439
36,199
49,291
147,323
173,112
198,399
148,505
42,570
82,93
34,335
17,246
85,84
60,450
175,664
148,429
148,94
85,107
84,463
148,649
82,499
185,405
82,127
84,557
41,274
49,562
34,225
84,153
84,460
17,414
84,424
75,627
94,678
166,268
29,197
157,584
177,57
17,224
82,214
129,481
147,109
87,46
84,142
38,454
158,479
87,309
124,512
85,111
41,605
87,502
68,32
87,641
174,375
113,359
84,210
124,124
73,659
49,422
107,364
107,569
134,373
194,441
131,690
84,601
181,488
40,537
21,348
126,559
85,638
45,411
28,250
84,35
84,314
129,290
174,63
129,689
173,331
85,413
66,417
69,361
80,11
15,292
41,276
148,172
86,404
141,252
66,509
89,169
146,151
86,139
84,660
76,120
149,43
38,527
62,466
34,193
153,195
85,682
39,515
115,260
148,218
69,203
12,251
109,138
64,17
85,640
139,487
39,262
84,254
38,59
117,161
162,696
49,44
10,236
138,542
84,202
129,42
47,471
148,226
84,622
59,577
75,88
84,610
84,102
91,206
87,567
84,3
193,386
129,543
156,528
84,685
82,534
60,504
49,691
181,500
69,56
144,116
21,370
35,49
44,625
25,174
148,437
47,352
135,344
70,551
41,631
24,184
40,398
36,279
107,576
96,620
40,634
84,461
148,438
84,15
85,360
39,464
33,257
36,564
85,144
136,194
123,325
82,415
45,324
148,26
87,10
195,129
188,635
173,147
84,646
72,552
66,160
60,369
49,604
195,469
39,477
84,445
92,319
148,175
112,152
48,546
30,173
47,64
75,81
45,48
135,568
148,79
85,295
37,277
176,303
136,216
132,526
84,462
84,200
43,412
60,485
22,550
46,332
105,403
86,347
52,582
144,670
94,517
108,616
85,447
56,300
47,423
85,77
84,336
48,687
7,697
108,406
84,12
38,476
116,541
37,53
116,595
48,258
129,532
24,529
69,368
50,241
39,114
170,66
81,588
84,379
85,233
171,83
85,158
115,484
85,339
82,73
84,382
46,535
64,230
133,122
38,305
116,563
63,221
45,341
74,575
171,136
80,2
52,597
169,394
94,211
38,674
191,215
138,212
51,533
196,52
31,328
167,677
85,656
71,457
149,209
85,13
84,326
84,501
84,60
23,179
52,333
63,662
4,182
84,238
169,578
5,426
129,27
63,456
129,30
84,547
39,451
121,585
148,409
160,321
6,312
56,242
63,514
92,65
84,380
18,637
135,652
92,619
94,651
21,372
65,614
110,608
82,351
84,75
84,74
70,653
44,427
48,96
41,186
168,247
148,538
42,480
129,482
105,68
87,503
76,650
57,131
20,101
39,376
45,495
183,365
86,198
151,583
84,6
129,693
60,243
53,108
127,354
84,467
49,402
172,148
14,8
114,349
36,561
135,430
161,657
84,539
11,444
82,133
84,281
84,273
77,407
93,191
76,384
8,119
87,192
129,282
148,366
72,419
90,39
39,285
82,673
89,598
111,188
38,452
163,270
84,205
142,306
47,521
57,668
87,223
84,137
81,256
140,358
87,150
31,573
47,40
47,78
139,493
60,507
80,240
53,581
85,681
87,489
66,510
82,531
36,18
205,560
164,141
196,434
65,342
84,28
197,271
60,318
100,340
94,280
138,455
41,163
84,540
50,586
38,310
84,149
179,654
189,190
71,629
110,299
81,606
90,377
46,518
116,667
139,395
138,301
122,267
159,21
79,683
128,362
148,117
201,103
39,400
52,213
86,330
126,263
84,36
45,643
84,47
82,171
156,302
149,37
48,571
16,287
204,51
49,686
148,432
129,157
48,134
84,440
128,201
36,104
84,630
74,516
170,633
51,272
155,170
85,98
63,222
186,658
27,180
84,85
40,393
39,235
63,327
84,644
145,433
73,703
47,513
55,29
26,628
84,671
84,132
71,248
84,143
1,702
190,253
