36,798
36,410
25,575
36,901
17,705
36,80
36,580
36,884
38,29
36,451
36,572
38,85
36,22
4,985
36,547
36,816
36,161
4,914
36,234
44,927
36,204
36,242
4,296
36,301
4,1036
36,746
36,1074
38,656
36,393
42,883
44,512
36,791
4,802
36,843
4,254
41,356
36,114
36,1014
36,544
36,413
36,961
36,730
36,594
36,69
36,817
36,428
4,767
36,1065
36,850
4,76
36,760
36,935
36,644
36,374
36,881
36,576
36,989
36,754
36,68
36,229
36,695
16,239
12,1018
36,943
4,632
36,260
4,1062
36,861
36,655
36,1063
36,972
36,1081
36,498
36,951
36,763
36,991
36,846
29,782
24,723
36,444
36,625
36,494
19,419
4,72
36,115
6,677
36,24
36,209
4,238
36,837
36,476
36,178
36,380
36,1000
13,1075
36,939
36,287
36,667
36,578
36,27
36,262
38,762
36,128
42,790
38,528
36,1033
38,364
6,622
36,740
38,557
36,771
36,758
42,345
36,327
36,593
36,968
38,471
36,425
38,437
4,32
36,608
36,495
36,944
36,1048
36,360
36,98
42,43
36,252
36,922
36,71
36,744
36,707
36,688
36,661
4,282
9,866
36,328
36,863
36,905
36,423
44,375
36,320
36,138
36,45
36,454
44,1071
36,830
36,398
36,196
36,946
5,506
36,774
36,959
38,882
36,155
36,603
38,911
36,10
36,501
36,394
36,118
36,776
36,783
38,1020
36,106
2,480
36,674
36,1029
36,1061
36,854
36,497
36,979
36,162
36,713
36,827
36,847
36,696
36,1017
36,1013
36,650
38,8
36,250
36,399
36,913
36,187
35,335
36,152
36,909
38,182
36,39
4,230
6,122
36,245
36,490
36,317
36,452
36,6
36,321
42,134
36,848
36,435
36,1050
4,964
36,1021
36,348
36,651
4,469
36,525
36,875
42,334
36,443
36,460
38,933
6,940
36,565
13,589
2,1042
36,606
35,7
36,404
36,967
42,1077
42,676
36,34
36,163
40,395
6,521
36,958
36,315
36,897
36,896
38,121
4,353
36,279
36,825
36,396
36,388
36,426
36,996
35,742
36,1022
36,90
36,862
38,669
36,73
36,639
36,401
36,188
42,636
36,948
36,144
36,379
36,206
36,212
36,418
6,251
36,954
36,1047
36,201
36,607
38,167
36,824
36,546
36,835
38,947
36,489
36,869
36,125
36,44
36,259
36,941
10,778
36,132
42,145
36,801
36,183
36,59
29,965
36,293
36,716
36,482
36,635
36,366
4,37
36,851
35,793
36,343
42,175
36,450
4,342
36,765
36,173
36,785
36,277
36,720
36,936
36,690
42,659
13,826
36,246
36,4
36,446
10,809
38,302
36,524
36,448
36,432
36,1010
36,916
36,478
38,496
6,97
36,1034
36,995
36,624
35,605
36,683
36,743
36,484
36,441
36,769
21,852
45,468
4,717
42,642
38,1044
36,945
36,48
36,314
36,646
4,463
4,149
38,545
36,714
36,235
36,590
4,92
36,810
4,54
4,626
36,858
36,592
36,1002
36,813
36,554
37,285
13,1009
36,596
35,617
44,409
36,295
36,1058
36,955
33,523
9,671
36,1060
4,1043
36,581
36,703
36,849
1,224
36,853
36,819
36,618
42,179
36,459
4,520
4,583
36,892
36,726
36,1027
38,281
36,595
36,534
36,58
36,770
44,363
44,57
36,615
36,530
36,840
4,877
36,267
36,406
35,369
36,103
36,719
36,159
29,263
10,807
4,795
36,329
36,215
36,445
36,70
36,491
38,283
36,96
36,436
36,893
36,91
2,225
36,449
36,220
36,153
36,918
36,833
36,508
36,112
36,535
38,814
36,99
36,156
36,1032
38,258
36,976
36,424
36,300
36,888
4,1041
9,341
36,143
36,573
36,13
36,371
36,297
36,993
36,66
36,680
4,682
36,1008
36,1056
36,292
38,202
36,732
36,868
36,1028
35,307
36,319
35,666
36,427
36,81
36,42
36,313
36,461
36,243
29,376
36,19
36,75
36,1007
36,241
36,597
35,310
36,147
36,195
36,473
36,929
4,555
36,74
36,1003
36,221
36,502
36,176
36,291
36,124
36,942
36,53
36,172
36,55
36,756
36,867
38,169
36,109
29,2
33,160
36,381
36,988
36,872
42,697
36,370
36,1066
36,586
36,174
36,815
36,963
38,526
10,540
36,962
36,982
36,969
36,462
4,731
35,515
36,17
36,519
36,588
36,569
36,1052
4,417
36,483
36,51
36,384
4,477
36,999
44,1030
36,784
4,433
36,591
42,336
35,392
4,834
36,40
36,548
4,908
36,289
44,702
7,1069
36,467
36,558
36,653
36,986
36,701
36,957
36,131
36,386
36,93
36,383
36,704
42,937
36,60
4,749
38,248
36,992
36,998
36,275
42,488
36,823
36,748
4,930
36,974
36,414
44,1070
29,637
36,148
36,518
36,1083
36,11
36,692
36,829
4,745
36,77
36,165
36,208
36,582
36,1076
38,407
36,268
36,910
4,629
4,538
4,100
38,41
4,500
42,1053
36,902
36,403
36,271
44,777
36,422
4,318
38,647
36,752
36,627
4,116
36,21
36,665
38,197
36,878
38,26
36,266
36,184
36,228
36,130
37,796
38,442
36,198
44,158
36,859
36,193
36,686
36,983
36,755
36,549
36,338
36,634
36,111
36,567
35,264
36,200
6,984
14,280
36,465
36,724
4,133
36,373
36,779
36,429
36,455
38,738
4,129
44,753
42,658
4,1049
6,269
36,657
38,678
36,137
36,94
44,1051
36,180
4,973
36,923
27,168
36,82
36,672
36,1072
36,831
32,464
36,856
43,880
35,305
36,1045
38,64
36,747
36,126
36,344
36,185
10,52
36,602
36,537
38,49
36,211
38,949
36,640
42,257
36,938
36,800
4,1067
44,308
36,276
36,150
42,551
36,255
4,270
36,855
36,599
36,541
36,190
36,247
42,781
36,1078
4,351
4,294
36,231
36,950
36,38
36,710
4,1019
36,15
14,359
36,358
36,773
38,527
36,16
4,170
36,140
36,123
36,101
4,177
36,171
36,362
36,400
36,1057
38,533
38,934
36,470
4,1079
36,750
22,387
36,352
36,466
36,522
4,620
9,46
36,194
36,416
36,891
38,504
39,1035
42,1068
36,681
36,553
36,485
36,253
36,456
42,1055
36,566
38,61
33,1054
36,1024
3,142
6,797
36,994
36,664
10,926
36,408
36,330
4,899
36,727
36,735
4,864
38,439
36,997
36,431
4,405
36,218
36,457
38,1037
38,1
36,273
36,139
36,412
38,481
6,56
36,236
35,237
4,552
36,513
44,691
36,306
6,205
36,309
36,87
36,88
36,1011
36,598
36,873
36,286
36,1039
36,219
42,510
36,453
36,186
36,240
36,349
36,438
31,385
36,631
4,736
36,440
4,768
36,493
36,316
38,584
36,346
38,698
36,894
35,102
36,189
36,772
36,1073
38,571
36,107
36,643
4,641
36,472
36,105
36,486
36,684
4,154
36,722
36,213
36,885
36,556
36,562
38,434
6,1031
29,585
13,326
36,244
36,609
15,924
36,903
29,12
36,164
36,577
36,633
36,1004
28,981
36,261
36,119
36,708
6,895
4,766
42,532
4,729
36,311
31,415
36,117
36,733
44,181
26,304
36,786
36,265
36,990
36,1064
36,411
4,232
36,28
4,110
4,728
44,1026
36,157
36,397
36,966
36,9
36,616
44,579
36,764
36,685
36,372
44,673
36,333
36,757
36,915
4,876
36,808
4,628
42,709
36,354
4,475
42,917
36,699
6,78
6,919
36,890
36,389
36,932
36,474
36,447
36,794
36,278
36,543
36,788
36,887
36,223
44,210
36,564
36,274
4,325
36,1001
36,842
36,199
36,660
4,706
36,127
36,612
36,652
36,805
13,1040
6,529
36,839
35,113
44,536
36,645
31,249
36,479
36,298
1,751
36,288
36,30
36,222
36,365
36,509
38,104
4,700
30,630
36,822
4,141
29,828
36,587
36,505
36,619
38,977
38,378
36,832
36,811
4,611
36,874
44,568
36,146
36,920
38,542
4,350
36,857
40,516
6,1059
36,900
36,20
36,649
36,31
2,931
36,739
36,377
31,906
36,1046
34,226
36,36
29,928
44,323
6,970
36,83
36,322
38,689
4,79
36,1015
36,799
41,623
36,812
36,3
44,956
29,5
36,514
36,820
36,980
36,610
36,721
36,761
36,860
36,550
36,33
36,560
36,780
36,718
36,1023
36,1080
36,836
36,675
36,382
36,663
36,886
4,18
4,391
36,337
36,987
18,492
36,821
36,1006
36,865
4,804
36,203
36,838
36,725
36,1038
36,613
38,67
36,1025
36,889
36,507
20,65
11,207
36,531
36,357
36,662
6,25
36,693
44,559
4,898
36,499
4,368
38,47
36,654
36,14
36,50
36,539
36,84
4,503
36,904
36,570
38,679
36,759
36,1005
36,324
36,430
36,648
36,561
36,135
36,191
36,563
36,340
42,960
36,806
36,621
38,1012
4,687
4,953
36,952
36,284
36,458
36,89
35,331
4,737
36,604
36,290
23,233
8,23
36,120
36,339
36,35
36,978
36,367
36,775
4,420
36,841
4,668
38,574
36,818
36,511
36,925
36,332
38,151
36,256
36,871
36,907
36,844
36,741
36,734
4,712
35,312
42,803
36,600
36,845
36,227
36,787
36,86
40,108
36,975
36,192
36,214
36,614
36,921
36,517
36,1016
36,402
36,912
36,217
36,166
36,1082
44,879
36,361
36,711
36,303
36,390
38,715
36,272
36,638
36,487
36,694
36,355
36,421
36,136
36,971
38,63
36,347
36,299
36,789
36,870
36,95
36,216
4,601
36,670
1,792
36,62
