5,798
5,410
4,575
5,901
3,705
5,80
5,580
5,884
5,29
5,451
5,572
5,85
5,22
1,985
5,547
5,816
5,161
1,914
5,234
6,927
5,204
5,242
1,296
5,301
1,1036
5,746
5,1074
5,656
5,393
6,883
6,512
5,791
1,802
5,843
1,254
6,356
5,114
5,1014
5,544
5,413
5,961
5,730
5,594
5,69
5,817
5,428
1,767
5,1065
5,850
1,76
5,760
5,935
5,644
5,374
5,881
5,576
5,989
5,754
5,68
5,229
5,695
2,239
2,1018
5,943
1,632
5,260
1,1062
5,861
5,655
5,1063
5,972
5,1081
5,498
5,951
5,763
5,991
5,846
5,782
4,723
5,444
5,625
5,494
4,419
1,72
5,115
1,677
5,24
5,209
1,238
5,837
5,476
5,178
5,380
5,1000
2,1075
5,939
5,287
5,667
5,578
5,27
5,262
5,762
5,128
6,790
5,528
5,1033
5,364
1,622
5,740
5,557
5,771
5,758
6,345
5,327
5,593
5,968
5,471
5,425
5,437
1,32
5,608
5,495
5,944
5,1048
5,360
5,98
6,43
5,252
5,922
5,71
5,744
5,707
5,688
5,661
1,282
2,866
5,328
5,863
5,905
5,423
6,375
5,320
5,138
5,45
5,454
6,1071
5,830
5,398
5,196
5,946
1,506
5,774
5,959
5,882
5,155
5,603
5,911
5,10
5,501
5,394
5,118
5,776
5,783
5,1020
5,106
1,480
5,674
5,1029
5,1061
5,854
5,497
5,979
5,162
5,713
5,827
5,847
5,696
5,1017
5,1013
5,650
5,8
5,250
5,399
5,913
5,187
5,335
5,152
5,909
5,182
5,39
1,230
1,122
5,245
5,490
5,317
5,452
5,6
5,321
6,134
5,848
5,435
5,1050
1,964
5,1021
5,348
5,651
1,469
5,525
5,875
6,334
5,443
5,460
5,933
1,940
5,565
2,589
1,1042
5,606
5,7
5,404
5,967
6,1077
6,676
5,34
5,163
6,395
1,521
5,958
5,315
5,897
5,896
5,121
1,353
5,279
5,825
5,396
5,388
5,426
5,996
5,742
5,1022
5,90
5,862
5,669
5,73
5,639
5,401
5,188
6,636
5,948
5,144
5,379
5,206
5,212
5,418
1,251
5,954
5,1047
5,201
5,607
5,167
5,824
5,546
5,835
5,947
5,489
5,869
5,125
5,44
5,259
5,941
2,778
5,132
6,145
5,801
5,183
5,59
5,965
5,293
5,716
5,482
5,635
5,366
1,37
5,851
5,793
5,343
6,175
5,450
1,342
5,765
5,173
5,785
5,277
5,720
5,936
5,690
6,659
2,826
5,246
5,4
5,446
2,809
5,302
5,524
5,448
5,432
5,1010
5,916
5,478
5,496
1,97
5,1034
5,995
5,624
5,605
5,683
5,743
5,484
5,441
5,769
4,852
7,468
1,717
6,642
5,1044
5,945
5,48
5,314
5,646
1,463
1,149
5,545
5,714
5,235
5,590
1,92
5,810
1,54
1,626
5,858
5,592
5,1002
5,813
5,554
5,285
2,1009
5,596
5,617
6,409
5,295
5,1058
5,955
5,523
2,671
5,1060
1,1043
5,581
5,703
5,849
1,224
5,853
5,819
5,618
6,179
5,459
1,520
1,583
5,892
5,726
5,1027
5,281
5,595
5,534
5,58
5,770
6,363
6,57
5,615
5,530
5,840
1,877
5,267
5,406
5,369
5,103
5,719
5,159
5,263
2,807
1,795
5,329
5,215
5,445
5,70
5,491
5,283
5,96
5,436
5,893
5,91
1,225
5,449
5,220
5,153
5,918
5,833
5,508
5,112
5,535
5,814
5,99
5,156
5,1032
5,258
5,976
5,424
5,300
5,888
1,1041
2,341
5,143
5,573
5,13
5,371
5,297
5,993
5,66
5,680
1,682
5,1008
5,1056
5,292
5,202
5,732
5,868
5,1028
5,307
5,319
5,666
5,427
5,81
5,42
5,313
5,461
5,243
5,376
5,19
5,75
5,1007
5,241
5,597
5,310
5,147
5,195
5,473
5,929
1,555
5,74
5,1003
5,221
5,502
5,176
5,291
5,124
5,942
5,53
5,172
5,55
5,756
5,867
5,169
5,109
5,2
5,160
5,381
5,988
5,872
6,697
5,370
5,1066
5,586
5,174
5,815
5,963
5,526
2,540
5,962
5,982
5,969
5,462
1,731
5,515
5,17
5,519
5,588
5,569
5,1052
1,417
5,483
5,51
5,384
1,477
5,999
6,1030
5,784
1,433
5,591
6,336
5,392
1,834
5,40
5,548
1,908
5,289
6,702
1,1069
5,467
5,558
5,653
5,986
5,701
5,957
5,131
5,386
5,93
5,383
5,704
6,937
5,60
1,749
5,248
5,992
5,998
5,275
6,488
5,823
5,748
1,930
5,974
5,414
6,1070
5,637
5,148
5,518
5,1083
5,11
5,692
5,829
1,745
5,77
5,165
5,208
5,582
5,1076
5,407
5,268
5,910
1,629
1,538
1,100
5,41
1,500
6,1053
5,902
5,403
5,271
6,777
5,422
1,318
5,647
5,752
5,627
1,116
5,21
5,665
5,197
5,878
5,26
5,266
5,184
5,228
5,130
5,796
5,442
5,198
6,158
5,859
5,193
5,686
5,983
5,755
5,549
5,338
5,634
5,111
5,567
5,264
5,200
1,984
2,280
5,465
5,724
1,133
5,373
5,779
5,429
5,455
5,738
1,129
6,753
6,658
1,1049
1,269
5,657
5,678
5,137
5,94
6,1051
5,180
1,973
5,923
4,168
5,82
5,672
5,1072
5,831
5,464
5,856
6,880
5,305
5,1045
5,64
5,747
5,126
5,344
5,185
2,52
5,602
5,537
5,49
5,211
5,949
5,640
6,257
5,938
5,800
1,1067
6,308
5,276
5,150
6,551
5,255
1,270
5,855
5,599
5,541
5,190
5,247
6,781
5,1078
1,351
1,294
5,231
5,950
5,38
5,710
1,1019
5,15
2,359
5,358
5,773
5,527
5,16
1,170
5,140
5,123
5,101
1,177
5,171
5,362
5,400
5,1057
5,533
5,934
5,470
1,1079
5,750
4,387
5,352
5,466
5,522
1,620
2,46
5,194
5,416
5,891
5,504
5,1035
6,1068
5,681
5,553
5,485
5,253
5,456
6,1055
5,566
5,61
5,1054
5,1024
1,142
1,797
5,994
5,664
2,926
5,408
5,330
1,899
5,727
5,735
1,864
5,439
5,997
5,431
1,405
5,218
5,457
5,1037
5,1
5,273
5,139
5,412
5,481
1,56
5,236
5,237
1,552
5,513
6,691
5,306
1,205
5,309
5,87
5,88
5,1011
5,598
5,873
5,286
5,1039
5,219
6,510
5,453
5,186
5,240
5,349
5,438
5,385
5,631
1,736
5,440
1,768
5,493
5,316
5,584
5,346
5,698
5,894
5,102
5,189
5,772
5,1073
5,571
5,107
5,643
1,641
5,472
5,105
5,486
5,684
1,154
5,722
5,213
5,885
5,556
5,562
5,434
1,1031
5,585
2,326
5,244
5,609
2,924
5,903
5,12
5,164
5,577
5,633
5,1004
4,981
5,261
5,119
5,708
1,895
1,766
6,532
1,729
5,311
5,415
5,117
5,733
6,181
4,304
5,786
5,265
5,990
5,1064
5,411
1,232
5,28
1,110
1,728
6,1026
5,157
5,397
5,966
5,9
5,616
6,579
5,764
5,685
5,372
6,673
5,333
5,757
5,915
1,876
5,808
1,628
6,709
5,354
1,475
6,917
5,699
1,78
1,919
5,890
5,389
5,932
5,474
5,447
5,794
5,278
5,543
5,788
5,887
5,223
6,210
5,564
5,274
1,325
5,1001
5,842
5,199
5,660
1,706
5,127
5,612
5,652
5,805
2,1040
1,529
5,839
5,113
6,536
5,645
5,249
5,479
5,298
1,751
5,288
5,30
5,222
5,365
5,509
5,104
1,700
5,630
5,822
1,141
5,828
5,587
5,505
5,619
5,977
5,378
5,832
5,811
1,611
5,874
6,568
5,146
5,920
5,542
1,350
5,857
6,516
1,1059
5,900
5,20
5,649
5,31
1,931
5,739
5,377
5,906
5,1046
5,226
5,36
5,928
6,323
1,970
5,83
5,322
5,689
1,79
5,1015
5,799
6,623
5,812
5,3
6,956
5,5
5,514
5,820
5,980
5,610
5,721
5,761
5,860
5,550
5,33
5,560
5,780
5,718
5,1023
5,1080
5,836
5,675
5,382
5,663
5,886
1,18
1,391
5,337
5,987
3,492
5,821
5,1006
5,865
1,804
5,203
5,838
5,725
5,1038
5,613
5,67
5,1025
5,889
5,507
4,65
2,207
5,531
5,357
5,662
1,25
5,693
6,559
1,898
5,499
1,368
5,47
5,654
5,14
5,50
5,539
5,84
1,503
5,904
5,570
5,679
5,759
5,1005
5,324
5,430
5,648
5,561
5,135
5,191
5,563
5,340
6,960
5,806
5,621
5,1012
1,687
1,953
5,952
5,284
5,458
5,89
5,331
1,737
5,604
5,290
4,233
1,23
5,120
5,339
5,35
5,978
5,367
5,775
1,420
5,841
1,668
5,574
5,818
5,511
5,925
5,332
5,151
5,256
5,871
5,907
5,844
5,741
5,734
1,712
5,312
6,803
5,600
5,845
5,227
5,787
5,86
6,108
5,975
5,192
5,214
5,614
5,921
5,517
5,1016
5,402
5,912
5,217
5,166
5,1082
6,879
5,361
5,711
5,303
5,390
5,715
5,272
5,638
5,487
5,694
5,355
5,421
5,136
5,971
5,63
5,347
5,299
5,789
5,870
5,95
5,216
1,601
5,670
1,792
5,62
