16,421
18,411
3,17
3,207
15,476
3,513
15,681
15,700
15,279
15,147
11,149
15,428
3,636
3,327
3,187
15,585
15,440
15,441
15,638
15,60
15,677
15,416
15,240
15,113
15,384
15,132
3,110
3,152
11,604
15,321
3,399
3,610
15,169
15,219
3,594
15,20
15,77
15,5
15,64
15,204
15,400
15,339
3,503
15,167
15,622
5,499
15,362
15,473
15,103
3,527
15,508
3,635
3,666
15,216
3,7
3,612
15,454
3,232
15,260
15,693
3,526
11,497
3,252
15,439
15,262
15,221
15,511
15,16
3,229
15,41
15,280
11,698
15,554
15,128
3,540
15,114
15,494
3,561
15,304
15,154
15,684
15,39
15,600
15,261
3,40
3,184
15,97
5,354
15,423
15,76
3,139
10,21
3,530
5,437
15,597
15,118
15,356
15,290
3,544
3,386
3,65
15,697
15,583
15,688
3,195
11,501
3,200
14,73
15,82
15,611
15,89
11,317
15,571
15,448
15,49
3,133
15,430
15,98
15,276
15,521
11,319
3,447
15,663
15,183
3,263
11,312
10,54
15,71
15,696
15,202
15,690
15,102
15,652
11,628
11,302
15,655
15,538
3,496
15,672
3,461
3,433
15,178
3,123
3,575
15,648
3,584
15,590
15,479
15,617
15,182
15,664
15,609
15,602
15,514
11,436
3,486
15,488
15,190
15,640
15,326
15,413
15,268
15,369
3,676
15,57
15,649
15,593
15,83
15,429
15,485
15,298
15,553
11,425
15,30
15,287
14,160
15,460
15,517
15,644
3,542
11,328
15,373
15,87
15,365
3,558
11,667
15,157
3,408
15,380
15,427
3,42
15,581
15,468
3,464
15,224
15,104
15,596
15,25
15,606
15,38
15,237
15,34
15,492
15,574
1,475
11,36
15,174
3,306
3,407
3,406
8,415
3,142
15,153
15,417
15,375
15,355
14,493
15,599
15,136
3,539
15,342
3,569
15,96
15,310
15,59
15,536
3,598
3,168
15,370
15,226
13,177
15,145
15,463
15,565
5,213
15,686
15,699
15,196
15,389
15,469
3,378
3,311
3,404
3,238
3,10
21,608
15,284
18,336
15,165
3,466
15,297
15,22
15,682
15,452
15,158
14,247
3,673
15,502
15,481
15,434
15,351
15,577
15,591
3,374
15,67
15,545
15,692
15,381
15,19
15,403
3,573
15,172
3,74
3,665
3,507
15,314
15,45
15,119
15,265
15,451
15,296
3,225
3,151
15,193
15,159
5,18
15,490
15,680
15,131
15,201
13,528
3,236
3,579
11,658
15,394
15,632
15,376
15,117
15,689
5,446
15,385
15,519
15,95
15,124
3,391
15,197
11,350
21,641
15,345
15,214
15,148
15,26
3,251
15,582
3,605
15,529
15,161
5,624
15,668
3,661
15,24
3,509
15,555
15,309
15,472
15,218
15,359
15,379
15,215
3,477
15,163
3,230
14,533
3,111
15,150
15,66
3,419
6,33
15,397
15,639
15,601
15,387
15,267
3,551
15,289
11,683
3,675
3,171
11,516
15,199
15,120
3,410
15,643
15,162
15,44
15,239
6,458
3,637
15,694
18,37
3,691
15,409
3,371
3,631
15,115
3,48
3,512
11,303
15,130
15,524
15,343
15,325
15,234
15,198
15,272
15,630
3,398
15,295
15,324
15,233
15,570
5,642
15,462
15,618
15,438
15,68
15,266
3,192
15,8
15,456
15,443
15,84
3,109
15,12
3,51
3,255
15,495
15,47
15,634
15,249
11,179
3,175
15,270
15,90
3,299
15,619
15,253
15,281
15,79
15,483
15,607
15,80
15,23
15,285
15,189
15,383
15,301
3,705
15,203
15,258
15,70
11,701
15,166
3,562
15,505
11,170
15,323
15,335
15,654
15,414
11,316
3,412
15,278
15,651
3,331
15,471
15,329
15,259
15,392
15,254
15,223
3,515
15,678
3,137
15,550
15,620
15,9
15,341
15,81
3,288
15,269
15,623
5,687
15,445
3,340
15,467
9,674
15,420
10,552
15,578
15,372
15,353
15,129
15,390
3,470
15,449
15,277
15,629
15,108
15,333
15,217
15,256
15,176
3,556
15,291
15,231
15,1
5,566
15,588
3,520
15,2
11,248
15,626
3,360
15,679
15,670
3,246
15,308
3,589
15,349
5,346
15,206
15,422
15,426
15,62
15,173
15,11
3,557
15,564
3,671
15,307
15,532
15,135
5,126
15,580
5,535
15,134
15,72
15,368
3,29
15,703
15,294
15,181
15,704
15,186
15,482
15,155
5,112
15,401
18,121
15,106
3,702
7,431
15,534
3,459
15,92
15,127
15,257
15,361
15,334
3,510
11,53
15,337
12,548
11,85
15,78
3,650
15,522
15,480
15,320
5,344
15,322
3,366
15,275
15,621
3,498
3,271
3,4
3,241
15,567
15,563
15,180
15,465
15,242
15,364
14,633
11,367
15,27
3,537
3,487
15,377
15,191
3,292
11,282
15,525
16,50
3,101
2,86
15,61
15,592
15,660
3,559
15,543
15,208
15,143
3,243
15,405
15,474
15,15
11,245
15,695
15,283
15,659
15,613
15,442
3,3
3,116
17,546
22,52
15,250
15,315
3,35
15,627
15,586
3,227
15,393
15,347
15,305
15,156
15,146
15,576
15,185
5,547
15,13
15,332
15,489
15,99
15,657
15,188
15,32
15,164
15,395
3,194
3,14
3,424
3,662
15,435
15,549
15,264
15,58
3,500
15,228
15,274
15,656
3,273
18,138
3,352
15,685
15,141
15,572
15,244
15,220
3,122
15,432
15,348
15,595
15,444
15,63
15,91
15,43
15,330
15,6
15,55
15,402
3,358
3,293
3,614
15,531
15,105
3,93
15,455
15,69
8,31
15,212
15,396
3,140
3,388
15,313
3,560
3,625
15,222
3,209
15,484
15,646
15,450
15,616
15,56
15,615
4,144
20,107
11,28
15,363
15,210
15,645
15,587
15,75
15,647
15,100
19,125
15,418
15,669
15,235
15,541
15,506
3,603
15,491
15,300
15,94
15,88
15,518
15,286
15,382
15,318
15,504
3,46
15,478
15,453
15,338
15,357
15,523
15,568
11,205
11,211
11,653
15,457
