9,50
14,293
7,579
9,100
7,701
14,607
9,264
15,587
7,525
11,128
7,688
3,545
14,663
9,99
8,245
9,19
7,294
22,574
9,676
9,185
18,308
9,523
9,632
7,239
9,590
11,123
14,356
22,665
27,389
14,130
10,698
7,555
10,639
9,337
7,442
24,320
25,67
9,338
16,23
17,76
9,168
7,227
7,329
7,105
9,679
7,418
24,692
5,388
8,289
9,54
25,146
14,524
3,491
9,385
9,396
8,612
7,154
9,435
7,155
14,699
9,591
9,458
7,381
5,284
14,296
4,554
9,420
14,61
9,498
9,97
9,374
9,642
14,58
14,156
14,530
9,536
6,118
17,459
5,392
9,478
5,474
9,110
14,626
7,553
28,275
7,589
9,397
7,304
9,288
10,428
9,602
9,34
7,666
7,286
9,497
14,7
9,162
29,229
9,522
9,519
14,283
7,425
18,208
29,176
9,278
7,166
7,684
15,125
7,126
9,266
7,473
7,334
9,22
4,623
7,20
8,363
18,38
9,41
16,343
7,492
10,421
14,69
9,453
7,470
9,14
9,82
7,187
9,219
11,494
9,496
14,371
30,313
16,70
29,234
7,189
14,661
16,465
7,350
7,572
7,355
22,159
7,624
1,391
11,596
10,431
9,615
11,89
15,167
19,71
16,62
7,565
5,113
7,311
9,611
9,315
9,25
29,317
14,307
9,55
12,613
7,647
9,490
19,621
9,346
9,508
9,655
9,95
9,387
7,237
29,297
24,449
7,164
5,506
8,680
5,357
9,232
10,594
9,566
14,87
28,592
7,645
14,520
10,4
8,265
9,700
14,556
9,410
16,322
9,694
20,91
16,436
16,196
7,599
11,486
7,345
9,367
7,401
14,316
7,72
5,178
29,548
7,544
7,443
10,165
16,249
7,80
7,390
9,600
14,648
7,16
14,45
14,353
24,603
7,298
14,511
5,468
7,549
7,636
9,593
10,1
14,261
29,259
16,244
7,92
7,177
7,204
9,220
7,33
9,90
14,183
7,416
9,145
4,121
9,31
28,9
7,618
9,617
14,695
9,448
22,135
4,231
14,86
15,383
9,115
9,217
7,228
14,408
30,5
9,207
7,472
7,106
7,609
2,446
7,24
7,483
16,475
11,558
3,669
9,255
7,675
9,580
7,140
24,378
9,181
9,672
9,269
18,439
7,199
7,291
16,323
22,112
29,399
16,505
7,570
9,93
7,335
5,246
9,84
8,450
23,664
16,429
16,94
9,107
9,463
16,649
9,499
25,405
9,127
9,557
7,274
7,562
7,225
9,153
9,460
5,414
9,424
9,627
9,678
20,268
6,197
18,584
24,57
5,224
9,214
14,481
16,109
9,46
9,142
7,454
19,479
9,309
14,512
9,111
7,605
9,502
9,32
9,641
23,375
13,359
9,210
14,124
9,659
7,422
11,364
11,569
14,373
28,441
14,690
9,601
24,488
7,537
5,348
14,559
9,638
7,411
6,250
9,35
9,314
14,290
23,63
14,689
22,331
9,413
8,417
9,361
9,11
5,292
7,276
16,172
9,404
14,252
8,509
9,169
15,151
9,139
9,660
9,120
16,43
7,527
8,466
7,193
18,195
9,682
7,515
14,260
16,218
9,203
4,251
12,138
8,17
9,640
14,487
7,262
9,254
7,59
14,161
20,696
7,44
4,236
14,542
9,202
14,42
7,471
16,226
9,622
7,577
9,88
9,610
9,102
9,206
9,567
9,3
28,386
14,543
18,528
9,685
9,534
8,504
7,691
24,500
9,56
15,116
5,370
7,49
7,625
6,174
16,437
7,352
14,344
9,551
7,631
5,184
7,398
7,279
11,576
10,620
7,634
9,461
16,438
9,15
9,360
7,464
6,257
7,564
9,144
14,194
14,325
9,415
7,324
16,26
9,10
29,129
26,635
22,147
9,646
9,552
8,160
8,369
7,604
29,469
7,477
9,445
9,319
16,175
12,152
7,546
6,173
7,64
9,81
7,48
14,568
16,79
9,295
7,277
23,303
14,216
14,526
9,462
9,200
7,412
8,485
5,550
7,332
11,403
9,347
7,582
15,670
9,517
12,616
9,447
7,300
7,423
9,77
9,336
7,687
3,697
12,406
9,12
7,476
14,541
7,53
14,595
7,258
14,532
5,529
9,368
7,241
7,114
22,66
9,588
9,379
9,233
22,83
9,158
14,484
9,339
9,73
9,382
7,535
8,230
14,122
7,305
14,563
8,221
7,341
9,575
22,136
9,2
7,597
22,394
9,211
7,674
26,215
14,212
7,533
29,52
6,328
21,677
9,656
9,457
16,209
9,13
9,326
9,501
9,60
5,179
7,333
8,662
3,182
9,238
22,578
3,426
14,27
8,456
14,30
9,547
7,451
14,585
16,409
19,321
3,312
7,242
8,514
9,65
9,380
5,637
14,652
9,619
9,651
5,372
8,614
12,608
9,351
9,75
9,74
9,653
7,427
7,96
7,186
22,247
16,538
7,480
14,482
11,68
9,503
9,650
7,131
5,101
7,376
7,495
25,365
9,198
17,583
9,6
14,693
8,243
7,108
14,354
9,467
7,402
22,148
5,8
14,349
7,561
14,430
19,657
9,539
4,444
9,133
9,281
9,273
9,407
9,191
9,384
3,119
9,192
14,282
16,366
9,419
9,39
7,285
9,673
9,598
12,188
7,452
20,270
9,205
14,306
7,521
7,668
9,223
9,137
9,256
14,358
9,150
6,573
7,40
7,78
14,493
8,507
9,240
7,581
9,681
9,489
8,510
9,531
7,18
30,560
20,141
29,434
8,342
9,28
29,271
8,318
11,340
9,280
14,455
7,163
9,540
7,586
7,310
9,149
24,654
26,190
9,629
12,299
9,606
9,377
7,518
14,667
14,395
14,301
14,267
19,21
9,683
14,362
16,117
29,103
7,400
7,213
9,330
14,263
9,36
7,643
9,47
9,171
18,302
16,37
7,571
5,287
30,51
7,686
16,432
14,157
7,134
9,440
14,201
7,104
9,630
9,516
22,633
7,272
18,170
9,98
8,222
25,658
6,180
9,85
7,393
7,235
8,327
9,644
15,433
9,703
7,513
7,29
6,628
9,671
9,132
9,248
9,143
1,702
26,253
