11,798
11,410
8,575
11,901
5,705
11,80
11,580
11,884
11,29
11,451
11,572
11,85
11,22
2,985
11,547
11,816
11,161
2,914
11,234
12,927
11,204
11,242
2,296
11,301
2,1036
11,746
11,1074
11,656
11,393
12,883
12,512
11,791
2,802
11,843
2,254
12,356
11,114
11,1014
11,544
11,413
11,961
11,730
11,594
11,69
11,817
11,428
2,767
11,1065
11,850
2,76
11,760
11,935
11,644
11,374
11,881
11,576
11,989
11,754
11,68
11,229
11,695
4,239
3,1018
11,943
2,632
11,260
2,1062
11,861
11,655
11,1063
11,972
11,1081
11,498
11,951
11,763
11,991
11,846
10,782
7,723
11,444
11,625
11,494
6,419
2,72
11,115
2,677
11,24
11,209
2,238
11,837
11,476
11,178
11,380
11,1000
3,1075
11,939
11,287
11,667
11,578
11,27
11,262
11,762
11,128
12,790
11,528
11,1033
11,364
2,622
11,740
11,557
11,771
11,758
12,345
11,327
11,593
11,968
11,471
11,425
11,437
2,32
11,608
11,495
11,944
11,1048
11,360
11,98
12,43
11,252
11,922
11,71
11,744
11,707
11,688
11,661
2,282
3,866
11,328
11,863
11,905
11,423
12,375
11,320
11,138
11,45
11,454
12,1071
11,830
11,398
11,196
11,946
2,506
11,774
11,959
11,882
11,155
11,603
11,911
11,10
11,501
11,394
11,118
11,776
11,783
11,1020
11,106
1,480
11,674
11,1029
11,1061
11,854
11,497
11,979
11,162
11,713
11,827
11,847
11,696
11,1017
11,1013
11,650
11,8
11,250
11,399
11,913
11,187
11,335
11,152
11,909
11,182
11,39
2,230
2,122
11,245
11,490
11,317
11,452
11,6
11,321
12,134
11,848
11,435
11,1050
2,964
11,1021
11,348
11,651
2,469
11,525
11,875
12,334
11,443
11,460
11,933
2,940
11,565
3,589
1,1042
11,606
11,7
11,404
11,967
12,1077
12,676
11,34
11,163
12,395
2,521
11,958
11,315
11,897
11,896
11,121
2,353
11,279
11,825
11,396
11,388
11,426
11,996
11,742
11,1022
11,90
11,862
11,669
11,73
11,639
11,401
11,188
12,636
11,948
11,144
11,379
11,206
11,212
11,418
2,251
11,954
11,1047
11,201
11,607
11,167
11,824
11,546
11,835
11,947
11,489
11,869
11,125
11,44
11,259
11,941
3,778
11,132
12,145
11,801
11,183
11,59
10,965
11,293
11,716
11,482
11,635
11,366
2,37
11,851
11,793
11,343
12,175
11,450
2,342
11,765
11,173
11,785
11,277
11,720
11,936
11,690
12,659
3,826
11,246
11,4
11,446
3,809
11,302
11,524
11,448
11,432
11,1010
11,916
11,478
11,496
2,97
11,1034
11,995
11,624
11,605
11,683
11,743
11,484
11,441
11,769
6,852
13,468
2,717
12,642
11,1044
11,945
11,48
11,314
11,646
2,463
2,149
11,545
11,714
11,235
11,590
2,92
11,810
2,54
2,626
11,858
11,592
11,1002
11,813
11,554
11,285
3,1009
11,596
11,617
12,409
11,295
11,1058
11,955
11,523
3,671
11,1060
2,1043
11,581
11,703
11,849
1,224
11,853
11,819
11,618
12,179
11,459
2,520
2,583
11,892
11,726
11,1027
11,281
11,595
11,534
11,58
11,770
12,363
12,57
11,615
11,530
11,840
2,877
11,267
11,406
11,369
11,103
11,719
11,159
10,263
3,807
2,795
11,329
11,215
11,445
11,70
11,491
11,283
11,96
11,436
11,893
11,91
1,225
11,449
11,220
11,153
11,918
11,833
11,508
11,112
11,535
11,814
11,99
11,156
11,1032
11,258
11,976
11,424
11,300
11,888
2,1041
3,341
11,143
11,573
11,13
11,371
11,297
11,993
11,66
11,680
2,682
11,1008
11,1056
11,292
11,202
11,732
11,868
11,1028
11,307
11,319
11,666
11,427
11,81
11,42
11,313
11,461
11,243
10,376
11,19
11,75
11,1007
11,241
11,597
11,310
11,147
11,195
11,473
11,929
2,555
11,74
11,1003
11,221
11,502
11,176
11,291
11,124
11,942
11,53
11,172
11,55
11,756
11,867
11,169
11,109
10,2
11,160
11,381
11,988
11,872
12,697
11,370
11,1066
11,586
11,174
11,815
11,963
11,526
3,540
11,962
11,982
11,969
11,462
2,731
11,515
11,17
11,519
11,588
11,569
11,1052
2,417
11,483
11,51
11,384
2,477
11,999
12,1030
11,784
2,433
11,591
12,336
11,392
2,834
11,40
11,548
2,908
11,289
12,702
2,1069
11,467
11,558
11,653
11,986
11,701
11,957
11,131
11,386
11,93
11,383
11,704
12,937
11,60
2,749
11,248
11,992
11,998
11,275
12,488
11,823
11,748
2,930
11,974
11,414
12,1070
10,637
11,148
11,518
11,1083
11,11
11,692
11,829
2,745
11,77
11,165
11,208
11,582
11,1076
11,407
11,268
11,910
2,629
2,538
2,100
11,41
2,500
12,1053
11,902
11,403
11,271
12,777
11,422
2,318
11,647
11,752
11,627
2,116
11,21
11,665
11,197
11,878
11,26
11,266
11,184
11,228
11,130
11,796
11,442
11,198
12,158
11,859
11,193
11,686
11,983
11,755
11,549
11,338
11,634
11,111
11,567
11,264
11,200
2,984
4,280
11,465
11,724
2,133
11,373
11,779
11,429
11,455
11,738
2,129
12,753
12,658
2,1049
2,269
11,657
11,678
11,137
11,94
12,1051
11,180
2,973
11,923
9,168
11,82
11,672
11,1072
11,831
11,464
11,856
12,880
11,305
11,1045
11,64
11,747
11,126
11,344
11,185
3,52
11,602
11,537
11,49
11,211
11,949
11,640
12,257
11,938
11,800
2,1067
12,308
11,276
11,150
12,551
11,255
2,270
11,855
11,599
11,541
11,190
11,247
12,781
11,1078
2,351
2,294
11,231
11,950
11,38
11,710
2,1019
11,15
4,359
11,358
11,773
11,527
11,16
2,170
11,140
11,123
11,101
2,177
11,171
11,362
11,400
11,1057
11,533
11,934
11,470
2,1079
11,750
6,387
11,352
11,466
11,522
2,620
3,46
11,194
11,416
11,891
11,504
11,1035
12,1068
11,681
11,553
11,485
11,253
11,456
12,1055
11,566
11,61
11,1054
11,1024
1,142
2,797
11,994
11,664
3,926
11,408
11,330
2,899
11,727
11,735
2,864
11,439
11,997
11,431
2,405
11,218
11,457
11,1037
11,1
11,273
11,139
11,412
11,481
2,56
11,236
11,237
2,552
11,513
12,691
11,306
2,205
11,309
11,87
11,88
11,1011
11,598
11,873
11,286
11,1039
11,219
12,510
11,453
11,186
11,240
11,349
11,438
11,385
11,631
2,736
11,440
2,768
11,493
11,316
11,584
11,346
11,698
11,894
11,102
11,189
11,772
11,1073
11,571
11,107
11,643
2,641
11,472
11,105
11,486
11,684
2,154
11,722
11,213
11,885
11,556
11,562
11,434
2,1031
10,585
3,326
11,244
11,609
4,924
11,903
10,12
11,164
11,577
11,633
11,1004
9,981
11,261
11,119
11,708
2,895
2,766
12,532
2,729
11,311
11,415
11,117
11,733
12,181
8,304
11,786
11,265
11,990
11,1064
11,411
2,232
11,28
2,110
2,728
12,1026
11,157
11,397
11,966
11,9
11,616
12,579
11,764
11,685
11,372
12,673
11,333
11,757
11,915
2,876
11,808
2,628
12,709
11,354
2,475
12,917
11,699
2,78
2,919
11,890
11,389
11,932
11,474
11,447
11,794
11,278
11,543
11,788
11,887
11,223
12,210
11,564
11,274
2,325
11,1001
11,842
11,199
11,660
2,706
11,127
11,612
11,652
11,805
3,1040
2,529
11,839
11,113
12,536
11,645
11,249
11,479
11,298
1,751
11,288
11,30
11,222
11,365
11,509
11,104
2,700
10,630
11,822
2,141
10,828
11,587
11,505
11,619
11,977
11,378
11,832
11,811
2,611
11,874
12,568
11,146
11,920
11,542
2,350
11,857
12,516
2,1059
11,900
11,20
11,649
11,31
1,931
11,739
11,377
11,906
11,1046
11,226
11,36
10,928
12,323
2,970
11,83
11,322
11,689
2,79
11,1015
11,799
12,623
11,812
11,3
12,956
10,5
11,514
11,820
11,980
11,610
11,721
11,761
11,860
11,550
11,33
11,560
11,780
11,718
11,1023
11,1080
11,836
11,675
11,382
11,663
11,886
2,18
2,391
11,337
11,987
5,492
11,821
11,1006
11,865
2,804
11,203
11,838
11,725
11,1038
11,613
11,67
11,1025
11,889
11,507
6,65
3,207
11,531
11,357
11,662
2,25
11,693
12,559
2,898
11,499
2,368
11,47
11,654
11,14
11,50
11,539
11,84
2,503
11,904
11,570
11,679
11,759
11,1005
11,324
11,430
11,648
11,561
11,135
11,191
11,563
11,340
12,960
11,806
11,621
11,1012
2,687
2,953
11,952
11,284
11,458
11,89
11,331
2,737
11,604
11,290
7,233
2,23
11,120
11,339
11,35
11,978
11,367
11,775
2,420
11,841
2,668
11,574
11,818
11,511
11,925
11,332
11,151
11,256
11,871
11,907
11,844
11,741
11,734
2,712
11,312
12,803
11,600
11,845
11,227
11,787
11,86
12,108
11,975
11,192
11,214
11,614
11,921
11,517
11,1016
11,402
11,912
11,217
11,166
11,1082
12,879
11,361
11,711
11,303
11,390
11,715
11,272
11,638
11,487
11,694
11,355
11,421
11,136
11,971
11,63
11,347
11,299
11,789
11,870
11,95
11,216
2,601
11,670
1,792
11,62
