5,421
6,411
1,17
1,207
5,476
1,513
5,681
5,700
5,279
5,147
4,149
5,428
1,636
1,327
1,187
5,585
5,440
5,441
5,638
5,60
5,677
5,416
5,240
5,113
5,384
5,132
1,110
1,152
4,604
5,321
1,399
1,610
5,169
5,219
1,594
5,20
5,77
5,5
5,64
5,204
5,400
5,339
1,503
5,167
5,622
1,499
5,362
5,473
5,103
1,527
5,508
1,635
1,666
5,216
1,7
1,612
5,454
1,232
5,260
5,693
1,526
4,497
1,252
5,439
5,262
5,221
5,511
5,16
1,229
5,41
5,280
4,698
5,554
5,128
1,540
5,114
5,494
1,561
5,304
5,154
5,684
5,39
5,600
5,261
1,40
1,184
5,97
1,354
5,423
5,76
1,139
4,21
1,530
1,437
5,597
5,118
5,356
5,290
1,544
1,386
1,65
5,697
5,583
5,688
1,195
4,501
1,200
5,73
5,82
5,611
5,89
4,317
5,571
5,448
5,49
1,133
5,430
5,98
5,276
5,521
4,319
1,447
5,663
5,183
1,263
4,312
4,54
5,71
5,696
5,202
5,690
5,102
5,652
4,628
4,302
5,655
5,538
1,496
5,672
1,461
1,433
5,178
1,123
1,575
5,648
1,584
5,590
5,479
5,617
5,182
5,664
5,609
5,602
5,514
4,436
1,486
5,488
5,190
5,640
5,326
5,413
5,268
5,369
1,676
5,57
5,649
5,593
5,83
5,429
5,485
5,298
5,553
4,425
5,30
5,287
5,160
5,460
5,517
5,644
1,542
4,328
5,373
5,87
5,365
1,558
4,667
5,157
1,408
5,380
5,427
1,42
5,581
5,468
1,464
5,224
5,104
5,596
5,25
5,606
5,38
5,237
5,34
5,492
5,574
1,475
4,36
5,174
1,306
1,407
1,406
2,415
1,142
5,153
5,417
5,375
5,355
5,493
5,599
5,136
1,539
5,342
1,569
5,96
5,310
5,59
5,536
1,598
1,168
5,370
5,226
5,177
5,145
5,463
5,565
1,213
5,686
5,699
5,196
5,389
5,469
1,378
1,311
1,404
1,238
1,10
6,608
5,284
6,336
5,165
1,466
5,297
5,22
5,682
5,452
5,158
5,247
1,673
5,502
5,481
5,434
5,351
5,577
5,591
1,374
5,67
5,545
5,692
5,381
5,19
5,403
1,573
5,172
1,74
1,665
1,507
5,314
5,45
5,119
5,265
5,451
5,296
1,225
1,151
5,193
5,159
1,18
5,490
5,680
5,131
5,201
5,528
1,236
1,579
4,658
5,394
5,632
5,376
5,117
5,689
1,446
5,385
5,519
5,95
5,124
1,391
5,197
4,350
6,641
5,345
5,214
5,148
5,26
1,251
5,582
1,605
5,529
5,161
1,624
5,668
1,661
5,24
1,509
5,555
5,309
5,472
5,218
5,359
5,379
5,215
1,477
5,163
1,230
5,533
1,111
5,150
5,66
1,419
1,33
5,397
5,639
5,601
5,387
5,267
1,551
5,289
4,683
1,675
1,171
4,516
5,199
5,120
1,410
5,643
5,162
5,44
5,239
1,458
1,637
5,694
6,37
1,691
5,409
1,371
1,631
5,115
1,48
1,512
4,303
5,130
5,524
5,343
5,325
5,234
5,198
5,272
5,630
1,398
5,295
5,324
5,233
5,570
1,642
5,462
5,618
5,438
5,68
5,266
1,192
5,8
5,456
5,443
5,84
1,109
5,12
1,51
1,255
5,495
5,47
5,634
5,249
4,179
1,175
5,270
5,90
1,299
5,619
5,253
5,281
5,79
5,483
5,607
5,80
5,23
5,285
5,189
5,383
5,301
1,705
5,203
5,258
5,70
4,701
5,166
1,562
5,505
4,170
5,323
5,335
5,654
5,414
4,316
1,412
5,278
5,651
1,331
5,471
5,329
5,259
5,392
5,254
5,223
1,515
5,678
1,137
5,550
5,620
5,9
5,341
5,81
1,288
5,269
5,623
1,687
5,445
1,340
5,467
3,674
5,420
4,552
5,578
5,372
5,353
5,129
5,390
1,470
5,449
5,277
5,629
5,108
5,333
5,217
5,256
5,176
1,556
5,291
5,231
5,1
1,566
5,588
1,520
5,2
4,248
5,626
1,360
5,679
5,670
1,246
5,308
1,589
5,349
1,346
5,206
5,422
5,426
5,62
5,173
5,11
1,557
5,564
1,671
5,307
5,532
5,135
1,126
5,580
1,535
5,134
5,72
5,368
1,29
5,703
5,294
5,181
5,704
5,186
5,482
5,155
1,112
5,401
6,121
5,106
1,702
1,431
5,534
1,459
5,92
5,127
5,257
5,361
5,334
1,510
4,53
5,337
4,548
4,85
5,78
1,650
5,522
5,480
5,320
1,344
5,322
1,366
5,275
5,621
1,498
1,271
1,4
1,241
5,567
5,563
5,180
5,465
5,242
5,364
5,633
4,367
5,27
1,537
1,487
5,377
5,191
1,292
4,282
5,525
5,50
1,101
1,86
5,61
5,592
5,660
1,559
5,543
5,208
5,143
1,243
5,405
5,474
5,15
4,245
5,695
5,283
5,659
5,613
5,442
1,3
1,116
5,546
6,52
5,250
5,315
1,35
5,627
5,586
1,227
5,393
5,347
5,305
5,156
5,146
5,576
5,185
1,547
5,13
5,332
5,489
5,99
5,657
5,188
5,32
5,164
5,395
1,194
1,14
1,424
1,662
5,435
5,549
5,264
5,58
1,500
5,228
5,274
5,656
1,273
6,138
1,352
5,685
5,141
5,572
5,244
5,220
1,122
5,432
5,348
5,595
5,444
5,63
5,91
5,43
5,330
5,6
5,55
5,402
1,358
1,293
1,614
5,531
5,105
1,93
5,455
5,69
2,31
5,212
5,396
1,140
1,388
5,313
1,560
1,625
5,222
1,209
5,484
5,646
5,450
5,616
5,56
5,615
1,144
6,107
4,28
5,363
5,210
5,645
5,587
5,75
5,647
5,100
6,125
5,418
5,669
5,235
5,541
5,506
1,603
5,491
5,300
5,94
5,88
5,518
5,286
5,382
5,318
5,504
1,46
5,478
5,453
5,338
5,357
5,523
5,568
4,205
4,211
4,653
5,457
