13,307
13,518
13,190
9,422
9,622
2,230
13,494
9,7
9,371
14,500
13,749
12,497
13,534
13,711
24,19
13,717
9,635
9,627
13,742
13,713
9,203
9,463
13,583
13,747
13,323
13,496
13,723
9,690
14,661
18,670
9,70
8,701
27,639
13,358
9,283
21,399
20,510
25,158
13,609
9,150
13,710
20,391
9,737
9,550
5,188
13,453
13,472
13,567
22,738
26,236
26,529
3,434
13,14
13,593
13,699
14,278
13,235
13,71
13,25
13,605
13,382
26,630
9,46
13,473
27,435
13,603
9,644
13,604
32,172
13,152
13,201
13,153
13,720
13,340
9,741
2,269
3,731
13,298
3,488
5,41
13,378
3,458
2,480
26,743
13,705
9,255
9,576
17,229
9,479
13,396
13,442
13,633
13,383
9,78
13,218
13,548
9,189
13,133
13,261
13,111
26,20
3,267
22,281
13,328
32,678
33,415
9,318
9,142
9,504
13,522
13,681
20,572
9,707
7,259
3,96
13,200
36,3
13,125
26,372
9,695
13,613
4,220
13,694
26,162
13,573
13,72
15,512
14,539
25,73
13,407
26,433
33,179
13,379
31,507
13,698
13,598
5,532
9,315
13,360
13,525
13,338
13,735
29,725
5,226
29,728
2,100
13,553
9,543
26,93
13,74
13,257
13,658
13,537
13,34
23,57
5,493
13,653
13,334
13,126
9,85
9,621
13,600
13,240
13,570
13,198
9,224
13,171
9,417
13,623
13,157
13,136
13,186
16,64
13,716
13,719
13,536
3,364
25,652
13,599
3,47
9,205
13,317
13,183
9,81
9,116
13,509
13,195
13,250
13,165
13,571
5,246
20,151
22,335
25,175
13,498
5,313
5,555
13,620
25,578
13,169
13,24
13,1
13,395
26,61
13,732
13,637
25,446
9,692
26,666
20,629
13,277
13,309
18,23
13,714
9,540
26,523
9,592
13,292
26,381
13,746
26,147
11,703
34,141
13,270
3,615
13,306
9,607
13,297
13,182
13,359
9,410
9,176
9,726
13,202
13,95
13,736
13,228
33,118
9,343
13,730
9,58
13,414
9,471
9,60
26,709
13,486
4,443
6,683
9,11
13,424
25,211
13,291
13,485
1,533
13,404
26,242
13,515
9,680
13,521
9,272
13,481
9,159
13,589
9,568
13,167
3,140
13,110
9,559
13,403
13,342
9,16
13,501
5,139
26,206
26,426
3,405
13,503
13,341
13,27
23,212
13,331
26,686
13,684
22,641
26,631
33,252
11,505
22,344
9,355
14,314
13,447
13,495
9,474
5,624
32,357
26,483
13,398
13,712
9,367
22,98
9,706
5,164
5,2
9,54
9,406
13,347
13,619
5,418
13,420
9,490
24,665
9,632
13,451
13,676
13,352
32,366
13,163
13,370
9,59
26,580
20,237
4,325
13,350
9,502
13,362
3,664
13,90
13,544
2,660
25,26
13,663
9,380
32,327
13,170
13,584
9,130
9,449
13,91
13,421
13,587
13,55
13,389
13,135
13,174
7,154
9,66
13,121
9,265
26,104
13,253
8,48
13,638
22,640
9,279
13,588
9,552
13,92
13,214
13,53
13,39
9,642
13,662
26,187
13,263
9,724
13,601
13,400
26,636
9,466
13,99
13,234
13,13
25,68
9,430
5,439
20,339
19,123
13,393
13,748
13,290
13,56
13,693
13,10
5,29
27,597
9,128
9,127
4,222
13,287
26,12
13,647
5,477
14,594
9,476
13,289
13,354
9,258
13,557
13,394
13,560
9,241
2,35
13,262
13,348
13,148
13,563
13,89
9,590
25,301
13,160
9,94
5,138
9,454
13,530
13,319
16,346
13,546
13,361
28,516
13,271
13,535
13,332
22,239
13,168
26,67
13,437
31,541
9,5
22,387
13,369
9,464
7,657
13,634
13,31
13,113
9,86
9,628
3,750
13,436
5,310
20,667
13,18
13,4
3,669
1,120
13,293
13,161
5,232
13,491
9,654
13,411
26,668
13,616
9,729
9,562
2,462
20,305
13,374
31,208
9,484
23,231
9,595
13,511
9,655
5,227
13,260
26,8
9,97
26,9
24,401
13,547
13,460
13,107
13,21
32,166
9,538
9,554
9,184
13,181
13,564
13,468
5,40
13,185
9,478
13,75
13,87
21,304
13,63
5,397
13,649
9,43
26,428
13,431
13,606
13,336
13,408
13,519
13,574
32,520
13,233
13,22
13,673
13,312
13,109
13,217
4,581
13,386
5,413
13,243
13,733
9,659
13,365
2,215
3,517
13,558
9,687
9,17
13,689
9,299
9,596
13,356
13,455
13,28
2,648
13,44
6,744
25,249
26,108
13,450
9,244
26,324
13,677
13,682
13,650
9,337
13,264
13,268
9,700
13,561
13,674
9,32
26,351
13,651
13,345
26,432
9,114
9,551
13,173
26,416
13,672
7,88
13,444
13,115
9,77
13,82
20,225
9,177
9,514
13,266
9,52
9,276
9,611
9,625
9,79
2,102
5,438
13,180
13,326
23,708
13,524
13,402
13,83
13,645
9,146
20,456
13,565
26,513
13,685
20,76
13,329
9,585
20,6
13,506
13,122
2,388
29,322
13,247
13,445
13,254
9,608
5,375
13,465
13,392
9,591
9,303
9,197
14,308
13,45
13,80
13,508
13,727
25,294
13,702
13,721
13,273
9,137
13,489
5,302
13,144
33,191
3,196
26,482
13,643
26,448
13,566
9,618
25,715
5,384
13,412
13,440
13,156
13,526
13,248
13,722
3,691
26,531
13,452
9,492
13,349
13,363
13,675
13,119
13,368
9,124
13,740
13,274
13,62
13,390
13,612
13,542
13,275
13,216
5,256
13,219
2,549
26,149
9,688
9,577
9,285
9,131
10,425
13,204
13,626
9,528
9,84
20,469
9,51
13,753
9,209
13,296
13,50
13,221
13,245
13,646
13,545
13,671
9,614
9,320
9,467
13,282
26,101
16,194
9,199
9,602
26,207
13,409
9,178
13,129
22,251
13,617
13,527
9,373
13,330
13,38
2,15
13,470
9,311
26,704
9,739
13,49
26,679
13,745
14,103
13,353
13,193
28,288
32,429
13,423
13,300
9,284
13,36
5,487
13,280
24,461
13,569
13,155
13,112
2,718
13,579
13,734
13,37
13,192
13,457
13,210
5,656
13,556
13,376
20,321
13,441
13,42
5,582
6,575
13,30
13,213
13,377
13,33
5,65
13,385
9,419
13,696
13,69
13,333
9,105
20,316
13,475
13,295
13,499
13,697
22,134
26,459
13,427
13,586
13,145
9,143
22,751
13,238
13,610
14,106
13,132
9,286
30,223
35,752
26,117
