11,661
14,1045
11,845
11,943
11,19
11,1007
11,529
11,582
11,245
11,70
10,959
11,917
11,381
9,130
11,220
11,325
11,58
11,212
11,672
11,1051
11,568
11,564
11,1015
11,781
5,1108
11,924
11,448
7,969
11,125
11,1047
11,870
11,332
11,466
11,188
11,1091
11,541
11,153
11,983
11,1113
11,300
11,236
11,352
11,1072
11,532
11,309
11,454
9,645
11,1012
11,1080
11,504
9,1020
11,668
11,389
13,1023
11,221
11,839
11,627
11,98
10,974
11,1096
11,78
11,988
11,259
11,430
7,1018
13,322
11,402
11,772
10,403
11,800
11,74
11,633
11,339
11,1021
11,589
11,906
7,386
11,497
10,1062
11,357
11,767
11,301
11,795
11,796
11,651
11,283
11,306
11,976
11,435
11,416
11,30
11,656
11,975
11,88
11,86
11,1119
11,1041
11,918
11,330
18,686
11,13
11,869
11,955
5,683
11,610
11,216
11,35
5,342
11,262
11,292
11,714
11,272
11,496
11,937
2,565
11,63
2,289
11,328
11,827
11,1057
5,482
11,298
11,499
11,1010
11,29
11,821
11,23
13,36
11,360
11,436
11,569
1,535
11,468
11,741
11,903
11,785
11,296
11,788
11,794
11,982
14,546
11,234
11,539
11,780
11,495
11,590
11,119
11,464
11,542
11,742
11,1087
7,92
11,249
3,673
11,510
11,773
11,106
11,462
11,792
11,1016
11,992
11,160
11,347
6,629
11,1089
11,175
11,443
11,545
11,614
11,145
11,1000
11,952
11,609
11,786
11,358
11,71
11,485
11,494
11,1048
5,769
11,1100
11,604
11,12
11,928
11,498
11,1026
14,933
11,846
11,862
13,797
11,755
1,1044
11,174
11,970
11,782
11,690
11,385
11,812
11,240
2,947
13,225
11,849
11,1076
11,15
11,178
10,193
11,893
11,637
11,1111
6,916
11,689
11,1092
11,371
11,362
11,183
11,603
14,704
14,994
11,995
11,156
11,413
7,359
2,1046
11,543
11,914
11,688
11,68
11,202
11,151
11,138
11,528
11,660
11,133
11,577
11,61
11,675
9,287
9,428
11,1093
11,367
11,980
9,263
11,483
11,380
11,516
19,920
11,1013
11,155
11,885
11,343
11,575
11,22
11,76
11,479
11,843
11,401
11,815
11,404
11,874
11,438
11,653
11,168
11,314
11,808
11,87
11,484
11,440
11,1058
11,967
11,291
11,824
11,9
11,270
11,126
11,787
11,1053
14,60
11,771
11,101
11,320
11,214
11,33
11,470
11,676
11,418
3,818
11,853
11,157
11,1099
11,275
11,267
11,269
11,763
11,195
10,973
11,143
11,80
11,105
11,912
11,444
11,866
5,857
11,647
11,930
11,606
11,682
11,476
5,1088
11,747
11,73
11,75
11,186
13,599
11,285
11,445
11,702
13,311
11,957
11,159
11,748
11,667
11,394
11,613
11,960
11,290
11,829
11,113
11,327
11,602
11,149
5,209
11,353
3,46
11,399
11,945
11,527
11,181
11,396
11,801
9,958
11,208
11,366
11,764
11,446
11,759
11,941
11,997
11,1107
11,749
20,931
11,856
11,392
11,57
11,254
11,579
13,987
11,316
11,687
11,774
11,148
11,266
11,82
11,826
11,895
2,956
11,118
11,85
11,1008
11,41
11,894
11,662
9,789
11,880
12,4
11,1005
3,459
10,256
13,433
11,944
11,642
11,835
11,882
11,517
11,524
11,329
11,566
3,228
11,1106
11,1033
11,730
11,907
11,1098
2,1042
11,761
11,754
11,909
11,913
11,109
11,95
11,410
11,368
11,243
11,50
11,205
11,737
11,1090
11,232
2,278
11,34
11,929
11,1024
11,776
11,507
11,442
11,49
11,140
11,146
11,555
11,318
11,341
6,790
11,513
2,204
11,1049
11,258
11,573
11,805
11,708
11,695
11,457
11,199
9,103
11,94
11,972
11,692
11,891
11,836
11,405
10,522
11,182
11,191
11,585
11,873
11,425
11,276
11,584
11,757
11,230
11,1073
11,576
11,592
11,398
11,848
11,158
11,750
11,1068
11,634
11,1
11,552
13,850
11,758
11,1071
11,966
11,43
11,250
11,406
15,1035
11,112
9,649
11,307
9,493
11,173
9,429
14,1036
11,293
11,503
11,1067
13,703
11,491
11,833
14,1003
11,624
11,390
11,147
11,407
14,163
11,310
3,411
11,768
10,312
11,1040
11,122
11,194
11,694
11,544
11,593
11,538
11,261
11,315
14,550
14,1104
11,431
11,623
11,685
11,852
11,570
11,858
11,896
11,281
11,1056
11,953
11,233
11,678
11,170
5,583
11,571
11,134
11,321
11,939
11,144
11,299
11,99
11,334
11,1011
11,990
11,834
11,709
11,458
11,863
11,657
7,652
11,699
11,727
2,346
11,777
11,536
14,72
11,211
11,631
11,872
11,382
11,530
11,420
11,297
11,3
11,1081
11,842
5,1050
6,556
11,62
11,102
11,253
5,1074
11,337
11,1054
11,400
7,520
7,492
11,559
11,344
9,179
9,197
11,596
11,419
11,89
11,923
11,712
11,901
11,255
11,641
11,323
11,489
11,594
11,294
11,828
11,91
11,373
9,823
11,414
5,525
11,227
11,26
11,167
11,1009
11,696
11,241
1,526
11,717
11,224
11,137
11,165
11,932
11,1022
11,902
11,391
11,716
13,93
11,244
11,274
11,911
11,251
11,1029
11,1014
11,640
11,762
11,512
11,618
11,706
11,926
11,807
11,1094
11,900
11,177
11,409
13,456
11,351
11,1027
11,415
11,632
11,574
13,32
11,264
11,617
11,338
11,96
11,18
11,819
11,1061
11,508
3,655
11,114
11,940
11,783
11,427
3,90
14,239
11,934
9,31
11,480
11,1075
11,644
11,847
11,17
11,273
11,288
11,455
11,81
11,950
11,383
9,235
11,611
11,265
11,304
13,48
11,319
11,1082
11,691
9,936
11,825
11,551
11,169
11,369
8,129
11,1102
13,1001
14,659
11,441
11,27
11,809
5,523
5,875
11,505
11,260
11,892
11,282
11,733
5,1052
11,161
3,424
3,586
11,44
11,626
11,461
11,284
11,451
11,52
11,397
11,379
11,136
11,198
11,518
11,5
11,984
11,213
11,925
11,324
14,37
9,120
11,10
13,938
13,725
11,370
11,608
11,107
9,268
11,740
5,600
11,326
11,897
11,674
10,111
11,463
13,810
11,572
11,888
11,110
11,84
10,229
11,616
9,625
11,271
11,775
11,728
13,1097
11,765
9,64
11,417
11,395
9,820
11,1070
13,567
5,760
11,628
13,39
3,1069
19,1085
11,954
13,142
11,477
11,905
11,746
11,1039
11,948
6,965
11,363
11,511
11,345
11,968
11,908
11,998
13,743
11,38
9,722
11,305
11,375
2,595
11,45
11,620
11,83
11,196
11,1083
11,123
11,540
11,779
11,355
11,336
11,24
11,412
11,591
11,832
11,961
11,139
11,739
11,981
11,831
11,844
11,639
2,509
11,877
11,710
11,851
11,841
11,648
7,581
11,487
11,257
11,560
11,1095
11,899
11,919
9,472
11,135
7,20
11,646
11,643
11,502
11,127
9,533
10,1112
11,817
11,721
11,989
17,876
11,619
11,1101
11,1028
11,986
11,475
11,770
11,951
10,16
11,979
11,519
10,813
11,840
11,669
11,124
11,598
11,860
11,723
11,185
1,806
11,889
11,1006
11,116
11,171
11,868
11,303
11,189
3,437
11,946
11,226
11,203
11,607
11,554
11,605
19,150
11,354
11,752
11,588
11,890
11,612
11,985
11,361
11,247
11,563
11,172
11,715
11,1004
11,962
11,1055
11,348
11,279
1,166
6,252
11,162
11,364
11,450
5,7
11,184
11,55
11,514
11,719
9,861
7,8
11,426
9,816
11,131
11,6
11,878
14,280
11,452
11,349
11,248
11,1002
11,207
11,1066
11,991
10,693
11,465
5,453
11,97
13,506
13,681
11,42
17,1019
9,388
11,434
11,601
11,949
11,67
11,215
11,447
11,1043
11,53
11,422
11,1109
17,838
11,684
11,176
11,335
11,219
11,766
5,745
11,622
11,21
11,1037
11,802
11,40
6,56
11,1059
11,231
11,804
11,1110
7,384
11,664
11,521
11,449
11,547
11,374
17,964
4,460
11,713
11,478
11,883
11,378
5,738
11,1060
11,190
11,734
11,731
11,884
11,128
11,701
3,665
11,654
11,1084
11,1103
11,317
11,201
11,724
8,597
11,356
11,621
11,700
11,313
11,54
11,66
11,751
11,615
11,996
11,141
11,218
11,1030
11,1063
11,1025
11,636
11,217
11,500
11,1038
11,187
11,486
16,871
13,501
11,277
11,697
11,481
11,666
11,2
11,474
10,537
11,864
11,473
11,237
11,14
11,1114
6,720
9,1079
11,705
11,1077
11,978
11,578
11,753
11,471
11,51
11,562
11,372
11,432
11,238
11,887
11,561
11,726
9,993
11,798
11,867
14,242
11,1032
11,638
2,658
11,698
11,791
11,729
11,47
11,340
11,469
11,650
11,942
11,663
11,206
11,1116
11,295
11,814
11,1065
11,1078
11,11
11,439
5,718
11,879
11,971
11,711
11,799
11,69
11,59
11,490
14,79
11,811
11,377
11,803
11,921
14,898
7,886
9,1117
11,467
2,963
11,100
11,736
11,246
14,837
11,350
11,408
11,999
11,534
11,1064
11,778
11,223
11,200
11,1034
11,423
11,365
11,393
11,756
11,115
11,1086
11,117
11,679
11,935
11,630
11,830
11,635
13,286
11,735
11,333
14,680
2,387
10,376
11,488
11,154
11,854
11,132
11,822
11,192
11,587
11,922
11,553
11,881
11,515
9,732
10,904
9,1115
11,25
11,104
11,707
11,670
13,331
11,1017
2,302
11,108
11,859
11,677
11,927
11,580
11,671
11,121
11,548
11,180
11,308
11,152
11,28
11,784
11,1031
11,865
11,557
13,531
11,793
6,77
11,222
11,65
11,558
11,915
11,910
11,1118
11,210
11,164
9,855
5,1105
10,744
15,549
6,421
11,977
