63,798
64,410
43,575
64,901
35,705
64,80
64,580
64,884
75,29
64,451
64,572
72,85
64,22
11,985
64,547
64,816
64,161
11,914
64,234
88,927
64,204
64,242
8,296
64,301
11,1036
64,746
64,1074
75,656
64,393
82,883
88,512
64,791
11,802
64,843
8,254
80,356
64,114
64,1014
64,544
64,413
64,961
64,730
64,594
64,69
64,817
64,428
11,767
64,1065
64,850
11,76
64,760
64,935
64,644
64,374
64,881
61,576
64,989
64,754
64,68
64,229
64,695
34,239
29,1018
64,943
11,632
64,260
11,1062
64,861
64,655
64,1063
64,972
64,1081
64,498
64,951
64,763
64,991
64,846
47,782
42,723
64,444
64,625
64,494
37,419
11,72
64,115
15,677
66,24
68,209
10,238
64,837
64,476
64,178
64,380
64,1000
30,1075
64,939
64,287
64,667
64,578
64,27
64,262
72,762
64,128
81,790
72,528
64,1033
72,364
19,622
64,740
75,557
64,771
64,758
83,345
64,327
64,593
64,968
71,471
64,425
70,437
8,32
64,608
64,495
64,944
64,1048
64,360
64,98
83,43
64,252
64,922
64,71
64,744
64,707
64,688
64,661
11,282
23,866
64,328
64,863
63,905
64,423
87,375
64,320
64,138
64,45
64,454
87,1071
64,830
64,398
64,196
64,946
14,506
64,774
64,959
72,882
64,155
64,603
75,911
64,10
64,501
64,394
64,118
64,776
64,783
72,1020
64,106
3,480
64,674
64,1029
64,1061
64,854
64,497
64,979
64,162
64,713
64,827
64,847
64,696
64,1017
64,1013
64,650
71,8
64,250
64,399
64,913
64,187
57,335
64,152
64,909
72,182
64,39
11,230
20,122
64,245
64,490
64,317
64,452
64,6
64,321
83,134
64,848
64,435
64,1050
11,964
64,1021
60,348
64,651
11,469
64,525
64,875
83,334
64,443
64,460
72,933
17,940
64,565
30,589
3,1042
63,606
57,7
64,404
64,967
85,1077
83,676
64,34
64,163
79,395
15,521
64,958
64,315
64,897
64,896
75,121
8,353
64,279
64,825
61,396
61,388
64,426
64,996
57,742
64,1022
64,90
64,862
72,669
64,73
64,639
64,401
64,188
83,636
64,948
64,144
64,379
64,206
64,212
64,418
16,251
64,954
64,1047
64,201
64,607
70,167
64,824
64,546
64,835
75,947
64,489
64,869
64,125
64,44
64,259
64,941
27,778
63,132
83,145
64,801
64,183
64,59
47,965
64,293
64,716
64,482
64,635
64,366
10,37
64,851
57,793
64,343
82,175
64,450
8,342
64,765
64,173
64,785
64,277
64,720
64,936
64,690
83,659
30,826
64,246
64,4
64,446
26,809
73,302
64,524
60,448
64,432
64,1010
67,916
64,478
70,496
15,97
64,1034
64,995
64,624
59,605
64,683
64,743
64,484
64,441
64,769
39,852
90,468
11,717
83,642
72,1044
64,945
64,48
64,314
64,646
10,463
13,149
76,545
64,714
64,235
64,590
11,92
64,810
8,54
11,626
64,858
64,592
64,1002
64,813
64,554
69,285
30,1009
64,596
58,617
87,409
64,295
64,1058
64,955
53,523
24,671
64,1060
11,1043
64,581
64,703
64,849
2,224
64,853
64,819
64,618
81,179
64,459
8,520
11,583
64,892
64,726
64,1027
74,281
64,595
64,534
64,58
64,770
89,363
87,57
64,615
64,530
64,840
11,877
64,267
64,406
56,369
64,103
64,719
64,159
47,263
26,807
11,795
64,329
64,215
64,445
64,70
64,491
75,283
64,96
64,436
64,893
64,91
4,225
64,449
64,220
63,153
64,918
64,833
64,508
64,112
64,535
75,814
62,99
64,156
64,1032
70,258
64,976
64,424
64,300
64,888
8,1041
23,341
64,143
64,573
64,13
64,371
64,297
64,993
64,66
64,680
11,682
63,1008
64,1056
64,292
72,202
64,732
64,868
64,1028
58,307
65,319
56,666
64,427
64,81
64,42
64,313
64,461
64,243
47,376
64,19
64,75
64,1007
64,241
64,597
57,310
64,147
64,195
64,473
63,929
10,555
64,74
64,1003
64,221
64,502
64,176
64,291
64,124
64,942
64,53
64,172
64,55
64,756
64,867
72,169
64,109
47,2
54,160
64,381
64,988
64,872
83,697
64,370
62,1066
64,586
64,174
64,815
64,963
72,526
25,540
64,962
64,982
64,969
64,462
11,731
56,515
64,17
64,519
64,588
64,569
64,1052
11,417
64,483
64,51
64,384
11,477
64,999
87,1030
64,784
11,433
64,591
81,336
57,392
7,834
64,40
61,548
11,908
64,289
87,702
21,1069
64,467
64,558
64,653
64,986
64,701
64,957
64,131
64,386
64,93
64,383
64,704
83,937
64,60
11,749
70,248
64,992
64,998
64,275
83,488
64,823
64,748
11,930
64,974
64,414
87,1070
47,637
64,148
64,518
64,1083
64,11
64,692
64,829
11,745
64,77
61,165
64,208
64,582
64,1076
72,407
64,268
64,910
11,629
11,538
11,100
72,41
11,500
83,1053
64,902
64,403
64,271
87,777
64,422
11,318
72,647
64,752
64,627
9,116
64,21
64,665
72,197
64,878
75,26
64,266
64,184
64,228
64,130
69,796
72,442
64,198
87,158
64,859
64,193
64,686
64,983
64,755
64,549
64,338
64,634
64,111
64,567
57,264
64,200
15,984
32,280
64,465
64,724
12,133
64,373
64,779
64,429
64,455
72,738
11,129
87,753
83,658
11,1049
17,269
64,657
75,678
64,137
64,94
87,1051
64,180
11,973
64,923
45,168
64,82
64,672
64,1072
64,831
52,464
64,856
86,880
56,305
64,1045
72,64
64,747
64,126
64,344
64,185
25,52
64,602
64,537
72,49
64,211
72,949
64,640
83,257
64,938
64,800
11,1067
88,308
64,276
64,150
83,551
64,255
11,270
64,855
64,599
64,541
64,190
64,247
83,781
64,1078
11,351
11,294
64,231
64,950
64,38
64,710
9,1019
64,15
31,359
64,358
64,773
74,527
64,16
11,170
64,140
64,123
64,101
11,177
64,171
64,362
64,400
64,1057
72,533
75,934
64,470
11,1079
64,750
40,387
64,352
61,466
64,522
11,620
24,46
64,194
64,416
64,891
72,504
77,1035
81,1068
64,681
64,553
64,485
64,253
64,456
83,1055
64,566
70,61
53,1054
64,1024
5,142
16,797
64,994
64,664
26,926
64,408
64,330
11,899
64,727
64,735
11,864
72,439
64,997
64,431
11,405
64,218
65,457
75,1037
70,1
64,273
64,139
64,412
71,481
16,56
65,236
56,237
10,552
64,513
89,691
64,306
16,205
64,309
64,87
64,88
64,1011
64,598
64,873
64,286
64,1039
64,219
84,510
64,453
64,186
64,240
64,349
64,438
50,385
64,631
11,736
64,440
11,768
64,493
64,316
75,584
64,346
70,698
64,894
56,102
64,189
64,772
64,1073
72,571
64,107
64,643
8,641
64,472
64,105
64,486
64,684
11,154
64,722
64,213
64,885
64,556
64,562
73,434
15,1031
48,585
30,326
64,244
64,609
33,924
64,903
47,12
64,164
64,577
64,633
64,1004
46,981
64,261
64,119
64,708
15,895
11,766
83,532
11,729
64,311
51,415
64,117
64,733
87,181
44,304
64,786
64,265
64,990
64,1064
64,411
9,232
64,28
11,110
11,728
87,1026
64,157
64,397
64,966
64,9
64,616
87,579
64,764
64,685
64,372
87,673
64,333
64,757
64,915
11,876
64,808
11,628
83,709
64,354
8,475
83,917
64,699
16,78
15,919
64,890
64,389
64,932
64,474
64,447
64,794
64,278
64,543
64,788
64,887
64,223
87,210
64,564
64,274
11,325
64,1001
64,842
64,199
65,660
11,706
64,127
64,612
64,652
64,805
30,1040
16,529
64,839
57,113
87,536
64,645
50,249
64,479
64,298
1,751
64,288
64,30
64,222
64,365
64,509
72,104
11,700
49,630
64,822
11,141
47,828
64,587
64,505
64,619
72,977
70,378
64,832
64,811
11,611
64,874
88,568
64,146
64,920
72,542
11,350
64,857
78,516
16,1059
64,900
64,20
64,649
64,31
4,931
64,739
64,377
50,906
64,1046
55,226
64,36
47,928
87,323
18,970
64,83
64,322
72,689
6,79
64,1015
64,799
80,623
64,812
64,3
88,956
47,5
64,514
64,820
64,980
64,610
64,721
64,761
64,860
64,550
64,33
64,560
64,780
64,718
64,1023
64,1080
64,836
64,675
64,382
64,663
64,886
10,18
10,391
64,337
64,987
36,492
64,821
64,1006
64,865
11,804
64,203
64,838
64,725
64,1038
64,613
75,67
64,1025
64,889
64,507
38,65
28,207
64,531
64,357
64,662
19,25
64,693
87,559
8,898
64,499
11,368
70,47
64,654
64,14
64,50
64,539
64,84
11,503
64,904
64,570
75,679
64,759
64,1005
64,324
64,430
64,648
64,561
63,135
64,191
64,563
64,340
83,960
64,806
64,621
72,1012
11,687
11,953
64,952
64,284
64,458
64,89
57,331
11,737
64,604
64,290
41,233
22,23
64,120
64,339
64,35
64,978
64,367
64,775
11,420
64,841
11,668
75,574
64,818
64,511
64,925
64,332
72,151
64,256
64,871
64,907
64,844
64,741
63,734
11,712
57,312
83,803
64,600
64,845
64,227
64,787
64,86
78,108
64,975
64,192
64,214
64,614
64,921
64,517
64,1016
64,402
64,912
64,217
64,166
64,1082
88,879
64,361
64,711
64,303
64,390
75,715
64,272
64,638
64,487
64,694
64,355
64,421
64,136
64,971
72,63
64,347
64,299
64,789
64,870
64,95
64,216
11,601
64,670
1,792
64,62
