45,307
46,518
45,190
31,422
30,622
7,230
45,494
33,7
34,371
51,500
45,749
43,497
49,534
45,711
72,19
45,717
38,635
31,627
45,742
45,713
27,203
26,463
45,583
45,747
45,323
46,496
45,723
38,690
52,661
58,670
29,70
24,701
89,639
45,358
30,283
66,399
63,510
77,158
48,609
27,150
45,710
61,391
26,737
39,550
16,188
45,453
45,472
44,567
68,738
85,236
85,529
8,434
48,14
46,593
46,699
51,278
45,235
45,71
46,25
45,605
45,382
81,630
28,46
45,473
89,435
47,603
30,644
49,604
98,172
45,152
45,201
45,153
45,720
45,340
27,741
6,269
8,731
45,298
8,488
16,41
45,378
8,458
4,480
79,743
45,705
29,255
27,576
57,229
30,479
46,396
46,442
48,633
45,383
30,78
45,218
45,548
33,189
46,133
49,261
45,111
88,20
10,267
68,281
47,328
98,678
103,415
27,318
37,142
26,504
45,522
45,681
62,572
29,707
21,259
8,96
45,200
108,3
45,125
82,372
31,695
47,613
11,220
50,694
82,162
45,573
45,72
53,512
52,539
75,73
46,407
78,433
105,179
45,379
95,507
47,698
45,598
16,532
30,315
45,360
45,525
45,338
45,735
92,725
16,226
91,728
5,100
45,553
30,543
78,93
45,74
45,257
45,658
45,537
47,34
70,57
17,493
45,653
45,334
45,126
30,85
31,621
45,600
46,240
46,570
45,198
27,224
45,171
30,417
45,623
46,157
45,136
45,186
55,64
47,716
45,719
45,536
8,364
75,652
45,599
9,47
27,205
45,317
45,183
27,81
27,116
45,509
48,195
45,250
45,165
45,571
16,246
63,151
68,335
75,175
45,498
16,313
16,555
45,620
75,578
45,169
45,24
45,1
45,395
79,61
45,732
45,637
75,446
33,692
85,666
60,629
45,277
45,309
58,23
48,714
25,540
80,523
25,592
45,292
78,381
45,746
84,147
42,703
106,141
45,270
8,615
45,306
33,607
45,297
45,182
45,359
33,410
31,176
26,726
49,202
45,95
45,736
46,228
102,118
30,343
45,730
30,58
45,414
25,471
37,60
84,709
45,486
12,443
18,683
37,11
45,424
76,211
45,291
47,485
1,533
45,404
78,242
45,515
30,680
45,521
33,272
45,481
30,159
48,589
35,568
47,167
8,140
45,110
35,559
45,403
45,342
30,16
45,501
16,139
81,206
80,426
8,405
45,503
45,341
48,27
71,212
45,331
88,686
45,684
69,641
78,631
104,252
42,505
68,344
30,355
51,314
45,447
45,495
31,474
16,624
97,357
85,483
45,398
45,712
38,367
67,98
30,706
16,164
16,2
27,54
33,406
45,347
45,619
16,418
45,420
29,490
73,665
26,632
45,451
45,676
45,352
97,366
45,163
45,370
30,59
86,580
60,237
12,325
45,350
37,502
46,362
9,664
46,90
45,544
6,660
77,26
45,663
30,380
98,327
45,170
45,584
26,130
35,449
45,91
50,421
45,587
45,55
45,389
45,135
45,174
22,154
30,66
46,121
30,265
82,104
46,253
23,48
46,638
68,640
30,279
45,588
38,552
46,92
45,214
45,53
45,39
30,642
46,662
82,187
45,263
25,724
46,601
46,400
82,636
29,466
46,99
45,234
45,13
76,68
33,430
16,439
60,339
59,123
45,393
45,748
46,290
45,56
45,693
45,10
14,29
89,597
25,128
29,127
11,222
47,287
81,12
45,647
16,477
51,594
30,476
45,289
45,354
28,258
46,557
45,394
48,560
27,241
4,35
45,262
45,348
45,148
46,563
45,89
26,590
75,301
45,160
31,94
15,138
25,454
45,530
45,319
54,346
45,546
46,361
90,516
46,271
46,535
45,332
67,239
45,168
79,67
45,437
96,541
26,5
67,387
49,369
26,464
22,657
45,634
45,31
45,113
29,86
30,628
10,750
50,436
15,310
60,667
45,18
45,4
8,669
2,120
45,293
45,161
13,232
46,491
37,654
46,411
82,668
45,616
30,729
38,562
5,462
63,305
45,374
94,208
27,484
71,231
33,595
45,511
29,655
16,227
49,260
87,8
27,97
85,9
72,401
45,547
45,460
45,107
45,21
97,166
30,538
30,554
27,184
45,181
45,564
45,468
16,40
46,185
33,478
45,75
45,87
65,304
45,63
16,397
46,649
31,43
82,428
45,431
45,606
45,336
45,408
45,519
45,574
99,520
45,233
45,22
46,673
45,312
45,109
45,217
11,581
45,386
16,413
45,243
45,733
33,659
45,365
3,215
8,517
45,558
30,687
25,17
45,689
26,299
26,596
45,356
45,455
45,28
4,648
45,44
19,744
76,249
79,108
45,450
30,244
82,324
45,677
45,682
45,650
30,337
45,264
45,268
27,700
45,561
45,674
30,32
81,351
45,651
46,345
83,432
30,114
27,551
45,173
78,416
45,672
21,88
48,444
45,115
27,77
45,82
60,225
30,177
38,514
45,266
30,52
36,276
33,611
30,625
27,79
3,102
13,438
45,180
45,326
70,708
45,524
45,402
45,83
45,645
26,146
64,456
45,565
78,513
45,685
62,76
46,329
25,585
64,6
45,506
46,122
6,388
91,322
46,247
48,445
45,254
30,608
16,375
45,465
45,392
30,591
33,303
38,197
52,308
45,45
45,80
45,508
48,727
75,294
45,702
45,721
45,273
26,137
45,489
16,302
45,144
101,191
8,196
81,482
45,643
86,448
45,566
32,618
76,715
13,384
46,412
45,440
45,156
45,526
45,248
45,722
8,691
79,531
45,452
29,492
45,349
45,363
45,675
46,119
45,368
29,124
45,740
48,274
45,62
44,390
45,612
48,542
45,275
48,216
13,256
45,219
5,549
83,149
30,688
38,577
26,285
35,131
41,425
45,204
45,626
31,528
33,84
60,469
29,51
45,753
25,209
46,296
45,50
48,221
46,245
46,646
46,545
45,671
29,614
32,320
31,467
45,282
86,101
56,194
26,199
40,602
82,207
46,409
37,178
45,129
68,251
45,617
45,527
35,373
45,330
45,38
6,15
45,470
38,311
78,704
38,739
45,49
82,679
45,745
51,103
45,353
45,193
90,288
100,429
45,423
45,300
35,284
45,36
16,487
45,280
74,461
45,569
46,155
45,112
4,718
45,579
45,734
45,37
46,192
45,457
45,210
13,656
45,556
45,376
62,321
45,441
45,42
16,582
20,575
45,30
48,213
45,377
45,33
16,65
45,385
33,419
45,696
45,69
45,333
25,105
62,316
45,475
45,295
45,499
45,697
68,134
82,459
45,427
45,586
45,145
39,143
68,751
45,238
45,610
51,106
45,132
29,286
93,223
107,752
85,117
