47,798
47,410
31,575
47,901
23,705
47,80
47,580
47,884
54,29
47,451
47,572
52,85
47,22
5,985
47,547
47,816
47,161
5,914
47,234
65,927
47,204
47,242
5,296
47,301
5,1036
47,746
47,1074
54,656
47,393
60,883
65,512
47,791
5,802
47,843
5,254
58,356
47,114
47,1014
47,544
47,413
47,961
47,730
47,594
47,69
47,817
47,428
5,767
47,1065
47,850
5,76
47,760
47,935
47,644
47,374
47,881
47,576
47,989
47,754
47,68
47,229
47,695
22,239
17,1018
47,943
5,632
47,260
5,1062
47,861
47,655
47,1063
47,972
47,1081
47,498
47,951
47,763
47,991
47,846
35,782
30,723
47,444
47,625
47,494
25,419
5,72
47,115
8,677
48,24
49,209
5,238
47,837
47,476
47,178
47,380
47,1000
18,1075
47,939
47,287
47,667
47,578
47,27
47,262
52,762
47,128
59,790
52,528
47,1033
52,364
10,622
47,740
54,557
47,771
47,758
61,345
47,327
47,593
47,968
51,471
47,425
51,437
5,32
47,608
47,495
47,944
47,1048
47,360
47,98
61,43
47,252
47,922
47,71
47,744
47,707
47,688
47,661
5,282
13,866
47,328
47,863
47,905
47,423
64,375
47,320
47,138
47,45
47,454
64,1071
47,830
47,398
47,196
47,946
7,506
47,774
47,959
52,882
47,155
47,603
54,911
47,10
47,501
47,394
47,118
47,776
47,783
52,1020
47,106
2,480
47,674
47,1029
47,1061
47,854
47,497
47,979
47,162
47,713
47,827
47,847
47,696
47,1017
47,1013
47,650
51,8
47,250
47,399
47,913
47,187
44,335
47,152
47,909
52,182
47,39
5,230
10,122
47,245
47,490
47,317
47,452
47,6
47,321
61,134
47,848
47,435
47,1050
5,964
47,1021
46,348
47,651
5,469
47,525
47,875
61,334
47,443
47,460
52,933
9,940
47,565
18,589
2,1042
47,606
44,7
47,404
47,967
62,1077
61,676
47,34
47,163
57,395
8,521
47,958
47,315
47,897
47,896
54,121
5,353
47,279
47,825
47,396
47,388
47,426
47,996
44,742
47,1022
47,90
47,862
52,669
47,73
47,639
47,401
47,188
61,636
47,948
47,144
47,379
47,206
47,212
47,418
8,251
47,954
47,1047
47,201
47,607
51,167
47,824
47,546
47,835
54,947
47,489
47,869
47,125
47,44
47,259
47,941
15,778
47,132
61,145
47,801
47,183
47,59
35,965
47,293
47,716
47,482
47,635
47,366
5,37
47,851
44,793
47,343
60,175
47,450
5,342
47,765
47,173
47,785
47,277
47,720
47,936
47,690
61,659
18,826
47,246
47,4
47,446
15,809
53,302
47,524
46,448
47,432
47,1010
48,916
47,478
51,496
8,97
47,1034
47,995
47,624
45,605
47,683
47,743
47,484
47,441
47,769
27,852
67,468
5,717
61,642
52,1044
47,945
47,48
47,314
47,646
5,463
6,149
55,545
47,714
47,235
47,590
5,92
47,810
5,54
5,626
47,858
47,592
47,1002
47,813
47,554
50,285
18,1009
47,596
44,617
64,409
47,295
47,1058
47,955
40,523
13,671
47,1060
5,1043
47,581
47,703
47,849
1,224
47,853
47,819
47,618
59,179
47,459
5,520
5,583
47,892
47,726
47,1027
54,281
47,595
47,534
47,58
47,770
66,363
64,57
47,615
47,530
47,840
5,877
47,267
47,406
43,369
47,103
47,719
47,159
35,263
15,807
5,795
47,329
47,215
47,445
47,70
47,491
54,283
47,96
47,436
47,893
47,91
2,225
47,449
47,220
47,153
47,918
47,833
47,508
47,112
47,535
54,814
47,99
47,156
47,1032
51,258
47,976
47,424
47,300
47,888
5,1041
13,341
47,143
47,573
47,13
47,371
47,297
47,993
47,66
47,680
5,682
47,1008
47,1056
47,292
52,202
47,732
47,868
47,1028
44,307
47,319
43,666
47,427
47,81
47,42
47,313
47,461
47,243
35,376
47,19
47,75
47,1007
47,241
47,597
44,310
47,147
47,195
47,473
47,929
5,555
47,74
47,1003
47,221
47,502
47,176
47,291
47,124
47,942
47,53
47,172
47,55
47,756
47,867
52,169
47,109
35,2
41,160
47,381
47,988
47,872
61,697
47,370
47,1066
47,586
47,174
47,815
47,963
52,526
14,540
47,962
47,982
47,969
47,462
5,731
43,515
47,17
47,519
47,588
47,569
47,1052
5,417
47,483
47,51
47,384
5,477
47,999
64,1030
47,784
5,433
47,591
59,336
44,392
4,834
47,40
47,548
5,908
47,289
64,702
11,1069
47,467
47,558
47,653
47,986
47,701
47,957
47,131
47,386
47,93
47,383
47,704
61,937
47,60
5,749
51,248
47,992
47,998
47,275
61,488
47,823
47,748
5,930
47,974
47,414
64,1070
35,637
47,148
47,518
47,1083
47,11
47,692
47,829
5,745
47,77
47,165
47,208
47,582
47,1076
52,407
47,268
47,910
5,629
5,538
5,100
52,41
5,500
61,1053
47,902
47,403
47,271
64,777
47,422
5,318
52,647
47,752
47,627
5,116
47,21
47,665
52,197
47,878
54,26
47,266
47,184
47,228
47,130
50,796
52,442
47,198
64,158
47,859
47,193
47,686
47,983
47,755
47,549
47,338
47,634
47,111
47,567
44,264
47,200
8,984
20,280
47,465
47,724
5,133
47,373
47,779
47,429
47,455
52,738
5,129
64,753
61,658
5,1049
9,269
47,657
54,678
47,137
47,94
64,1051
47,180
5,973
47,923
33,168
47,82
47,672
47,1072
47,831
39,464
47,856
63,880
43,305
47,1045
52,64
47,747
47,126
47,344
47,185
14,52
47,602
47,537
52,49
47,211
52,949
47,640
61,257
47,938
47,800
5,1067
65,308
47,276
47,150
61,551
47,255
5,270
47,855
47,599
47,541
47,190
47,247
61,781
47,1078
5,351
5,294
47,231
47,950
47,38
47,710
5,1019
47,15
19,359
47,358
47,773
54,527
47,16
5,170
47,140
47,123
47,101
5,177
47,171
47,362
47,400
47,1057
52,533
54,934
47,470
5,1079
47,750
28,387
47,352
47,466
47,522
5,620
13,46
47,194
47,416
47,891
52,504
56,1035
59,1068
47,681
47,553
47,485
47,253
47,456
61,1055
47,566
51,61
40,1054
47,1024
3,142
8,797
47,994
47,664
15,926
47,408
47,330
5,899
47,727
47,735
5,864
52,439
47,997
47,431
5,405
47,218
47,457
54,1037
51,1
47,273
47,139
47,412
51,481
8,56
47,236
43,237
5,552
47,513
66,691
47,306
8,205
47,309
47,87
47,88
47,1011
47,598
47,873
47,286
47,1039
47,219
61,510
47,453
47,186
47,240
47,349
47,438
37,385
47,631
5,736
47,440
5,768
47,493
47,316
54,584
47,346
51,698
47,894
43,102
47,189
47,772
47,1073
52,571
47,107
47,643
5,641
47,472
47,105
47,486
47,684
5,154
47,722
47,213
47,885
47,556
47,562
53,434
8,1031
35,585
18,326
47,244
47,609
21,924
47,903
35,12
47,164
47,577
47,633
47,1004
34,981
47,261
47,119
47,708
8,895
5,766
61,532
5,729
47,311
38,415
47,117
47,733
64,181
32,304
47,786
47,265
47,990
47,1064
47,411
5,232
47,28
5,110
5,728
64,1026
47,157
47,397
47,966
47,9
47,616
64,579
47,764
47,685
47,372
64,673
47,333
47,757
47,915
5,876
47,808
5,628
61,709
47,354
5,475
61,917
47,699
8,78
8,919
47,890
47,389
47,932
47,474
47,447
47,794
47,278
47,543
47,788
47,887
47,223
64,210
47,564
47,274
5,325
47,1001
47,842
47,199
47,660
5,706
47,127
47,612
47,652
47,805
18,1040
8,529
47,839
44,113
64,536
47,645
37,249
47,479
47,298
1,751
47,288
47,30
47,222
47,365
47,509
52,104
5,700
36,630
47,822
5,141
35,828
47,587
47,505
47,619
52,977
51,378
47,832
47,811
5,611
47,874
65,568
47,146
47,920
52,542
5,350
47,857
57,516
8,1059
47,900
47,20
47,649
47,31
2,931
47,739
47,377
37,906
47,1046
42,226
47,36
35,928
64,323
9,970
47,83
47,322
52,689
4,79
47,1015
47,799
58,623
47,812
47,3
65,956
35,5
47,514
47,820
47,980
47,610
47,721
47,761
47,860
47,550
47,33
47,560
47,780
47,718
47,1023
47,1080
47,836
47,675
47,382
47,663
47,886
5,18
5,391
47,337
47,987
24,492
47,821
47,1006
47,865
5,804
47,203
47,838
47,725
47,1038
47,613
54,67
47,1025
47,889
47,507
26,65
16,207
47,531
47,357
47,662
10,25
47,693
64,559
5,898
47,499
5,368
51,47
47,654
47,14
47,50
47,539
47,84
5,503
47,904
47,570
54,679
47,759
47,1005
47,324
47,430
47,648
47,561
47,135
47,191
47,563
47,340
61,960
47,806
47,621
52,1012
5,687
5,953
47,952
47,284
47,458
47,89
44,331
5,737
47,604
47,290
29,233
12,23
47,120
47,339
47,35
47,978
47,367
47,775
5,420
47,841
5,668
54,574
47,818
47,511
47,925
47,332
52,151
47,256
47,871
47,907
47,844
47,741
47,734
5,712
44,312
61,803
47,600
47,845
47,227
47,787
47,86
57,108
47,975
47,192
47,214
47,614
47,921
47,517
47,1016
47,402
47,912
47,217
47,166
47,1082
65,879
47,361
47,711
47,303
47,390
54,715
47,272
47,638
47,487
47,694
47,355
47,421
47,136
47,971
52,63
47,347
47,299
47,789
47,870
47,95
47,216
5,601
47,670
1,792
47,62
