8,564
20,532
20,151
20,452
20,372
17,475
10,422
20,539
17,476
38,88
38,593
20,210
20,507
20,78
8,596
20,65
20,509
33,220
17,99
17,165
20,279
20,84
20,196
19,310
38,406
20,521
37,296
21,12
20,79
20,407
20,16
22,303
20,558
20,23
20,625
8,392
17,340
38,4
20,216
39,365
3,209
7,515
20,56
20,437
20,562
20,234
38,120
10,546
38,627
10,351
20,495
20,371
20,529
10,344
12,395
20,439
20,145
20,149
7,277
8,519
8,482
8,161
18,300
32,366
20,110
20,584
20,606
20,187
20,350
24,294
17,308
8,53
8,347
21,283
19,43
30,213
37,607
20,360
20,173
22,223
20,465
20,45
20,585
20,413
20,536
17,218
7,158
20,321
20,200
17,621
8,569
20,81
22,224
32,111
22,66
24,493
20,114
35,46
20,178
38,212
24,113
32,487
12,469
20,89
17,115
34,13
23,135
20,333
38,8
20,500
20,597
17,97
20,555
20,228
20,592
20,44
20,280
20,622
15,603
20,5
1,259
38,570
10,57
12,619
8,22
29,17
20,510
24,3
20,561
30,69
22,324
8,260
10,553
15,383
20,281
20,291
20,82
8,26
8,479
3,602
24,342
39,315
8,85
10,363
20,236
23,30
7,498
34,29
20,225
20,524
20,313
7,468
12,573
40,198
22,626
20,444
20,580
20,238
22,335
20,533
20,289
16,176
20,586
8,245
20,591
8,249
20,471
20,599
1,168
1,620
8,33
20,528
20,282
10,401
8,192
20,269
25,35
20,51
38,2
11,298
17,136
12,214
20,385
18,560
15,359
8,292
20,615
13,484
8,550
32,257
10,480
20,429
22,556
11,92
7,425
20,117
8,409
20,322
19,554
20,472
8,450
20,445
8,514
38,325
12,263
19,217
24,527
19,68
20,604
20,440
17,14
20,160
20,104
20,587
20,577
20,456
20,108
20,631
38,448
20,629
25,618
22,301
20,581
20,39
20,497
17,58
8,364
20,397
17,163
1,424
20,458
8,339
12,382
20,150
8,361
20,31
8,457
20,540
17,582
34,567
4,172
17,490
10,434
1,83
20,253
10,346
17,415
17,129
20,511
22,52
1,594
1,167
20,202
17,34
8,137
1,605
20,231
16,127
20,600
20,537
21,410
25,544
20,288
22,116
15,305
17,183
26,215
8,595
20,338
15,156
22,508
22,157
8,21
17,118
17,461
7,67
20,75
17,624
20,24
20,428
20,199
20,208
20,206
35,502
18,28
22,261
17,74
20,278
20,19
22,247
20,394
20,90
12,20
20,473
16,9
20,489
7,275
20,37
17,226
20,357
20,6
38,229
20,266
8,248
20,86
22,504
35,105
20,571
38,242
20,112
17,417
22,311
20,299
15,254
20,274
38,535
8,181
7,464
18,211
1,71
20,370
20,393
8,513
20,408
20,389
8,486
5,334
34,287
7,239
36,427
8,184
1,285
20,319
17,63
20,566
35,387
35,551
20,542
20,270
20,447
10,531
20,314
8,265
20,185
7,119
20,134
20,549
35,380
34,295
20,258
20,162
1,193
40,250
8,286
8,430
8,93
17,572
10,222
20,95
20,377
20,271
7,155
20,412
20,264
20,272
20,462
10,557
12,159
3,131
17,312
20,80
20,32
7,290
8,390
22,579
7,306
22,375
1,608
39,388
16,496
10,146
20,107
20,399
8,207
20,518
1,70
18,96
22,101
17,559
22,128
10,141
20,177
17,221
17,262
20,609
32,474
20,267
12,483
23,543
7,188
20,354
1,491
8,1
28,268
12,189
20,326
20,416
17,598
20,197
20,73
38,235
22,125
20,203
9,435
20,227
8,494
17,61
8,91
8,355
34,304
8,530
20,545
10,421
20,526
20,132
34,432
18,588
19,139
20,610
22,523
31,438
8,171
12,481
20,419
8,166
12,384
20,317
8,62
20,175
20,60
12,232
38,630
12,343
20,454
20,418
32,449
15,164
20,186
8,138
20,520
40,201
20,331
39,72
8,143
7,403
20,255
20,576
20,237
12,517
38,36
20,273
22,356
29,616
17,323
20,15
38,374
34,485
20,601
20,613
1,414
20,362
20,318
17,522
26,455
20,329
20,297
7,506
29,512
20,400
20,59
8,477
20,345
26,501
20,568
8,152
17,195
20,376
1,147
17,276
20,42
8,373
38,87
20,628
8,293
20,534
22,525
20,611
20,552
12,405
20,590
7,182
21,436
12,441
17,443
1,503
7,433
20,398
20,368
20,55
20,459
20,233
7,103
17,617
20,124
20,538
6,153
8,499
24,205
20,180
8,194
20,50
7,341
8,54
20,381
12,423
8,243
20,548
20,174
20,246
8,7
15,358
20,133
20,123
12,144
17,367
20,191
20,391
12,48
20,505
20,332
38,488
15,121
14,386
20,320
8,170
20,252
34,589
10,256
15,378
20,470
15,244
12,402
20,251
20,352
20,169
20,230
22,632
20,369
24,41
20,140
20,612
20,327
38,241
20,516
37,49
18,122
20,563
7,541
20,492
20,316
17,302
22,411
20,11
27,442
38,623
8,575
20,109
39,219
22,614
20,204
20,100
20,179
35,38
20,460
20,25
20,466
20,309
8,47
1,10
12,578
20,633
20,40
20,379
20,453
20,142
20,77
20,565
8,27
20,353
20,451
9,154
20,148
20,420
20,328
20,106
20,467
20,349
22,240
25,426
8,547
12,583
3,307
9,337
38,348
20,284
8,98
12,336
20,330
20,94
20,396
20,446
20,190
38,64
19,102
20,18
20,126
20,463
7,478
20,76
8,130
20,431
2,404
39,574
