43,50
65,293
28,579
35,100
25,701
59,607
40,264
69,587
25,525
49,128
20,688
5,545
65,663
40,99
29,245
42,19
26,294
84,574
40,676
40,185
76,308
40,523
40,632
25,239
40,590
49,123
66,356
87,665
99,389
66,130
45,698
21,555
47,639
40,337
22,442
91,320
93,67
40,338
71,23
72,76
40,168
27,227
26,329
27,105
41,679
21,418
91,692
12,388
32,289
40,54
96,146
65,524
5,491
40,385
40,396
31,612
21,154
40,435
27,155
65,699
40,591
40,458
22,381
12,284
67,296
7,554
40,420
58,61
40,498
40,97
40,374
34,642
65,58
62,156
62,530
40,536
19,118
74,459
11,392
42,478
12,474
40,110
65,626
24,553
100,275
25,589
36,397
27,304
40,288
47,428
35,602
44,34
24,666
24,286
37,497
60,7
40,162
104,229
40,522
40,519
58,283
28,425
75,208
102,176
40,278
25,166
24,684
70,125
21,126
40,266
21,473
25,334
40,22
9,623
25,20
31,363
75,38
40,41
71,343
26,492
45,421
65,69
40,453
21,470
40,14
40,82
24,187
40,219
48,494
40,496
58,371
107,313
71,70
102,234
25,189
65,661
71,465
26,350
26,572
25,355
84,159
21,624
2,391
51,596
45,431
40,615
50,89
69,167
77,71
71,62
26,565
12,113
23,311
40,611
40,315
40,25
102,317
65,307
40,55
54,613
27,647
40,490
78,621
36,346
42,508
40,655
40,95
40,387
26,237
104,297
90,449
20,164
12,506
32,680
12,357
40,232
46,594
42,566
64,87
100,592
25,645
64,520
45,4
33,265
40,700
60,556
40,410
71,322
40,694
81,91
71,436
71,196
26,599
51,486
26,345
35,367
21,401
57,316
25,72
14,178
102,548
27,544
26,443
46,165
71,249
28,80
25,390
40,600
65,648
21,16
65,45
65,353
92,603
21,298
65,511
14,468
25,549
26,636
40,593
46,1
65,261
104,259
71,244
21,92
23,177
27,204
40,220
25,33
40,90
65,183
25,416
36,145
6,121
40,31
100,9
27,618
36,617
64,695
40,448
86,135
8,231
63,86
70,383
44,115
40,217
24,228
60,408
106,5
42,207
22,472
26,106
26,609
3,446
27,24
25,483
71,475
51,558
5,669
44,255
26,675
44,580
27,140
92,378
40,181
35,672
40,269
76,439
21,199
25,291
71,323
87,112
104,399
71,505
23,570
40,93
20,335
11,246
40,84
29,450
88,664
71,429
71,94
40,107
40,463
71,649
40,499
94,405
40,127
40,557
22,274
25,562
20,225
40,153
40,460
11,414
40,424
36,627
43,678
82,268
17,197
76,584
90,57
11,224
40,214
65,481
71,109
40,46
40,142
21,454
77,479
40,309
63,512
40,111
22,605
40,502
34,32
40,641
88,375
56,359
40,210
63,124
35,659
25,422
52,364
52,569
65,373
101,441
65,690
40,601
92,488
22,537
13,348
64,559
40,638
24,411
16,250
40,35
40,314
65,290
88,63
65,689
87,331
40,413
32,417
35,361
38,11
10,292
22,276
71,172
40,404
68,252
32,509
41,169
70,151
40,139
40,660
36,120
71,43
21,527
29,466
20,193
75,195
40,682
21,515
58,260
71,218
35,203
8,251
54,138
31,17
40,640
67,487
21,262
40,254
21,59
58,161
80,696
25,44
6,236
67,542
40,202
65,42
25,471
71,226
40,622
28,577
36,88
40,610
40,102
42,206
40,567
40,3
100,386
65,543
76,528
40,685
40,534
29,504
25,691
92,500
35,56
70,116
13,370
20,49
24,625
15,174
71,437
25,352
66,344
35,551
22,631
14,184
22,398
21,279
52,576
45,620
22,634
40,461
71,438
40,15
40,360
21,464
19,257
21,564
40,144
66,194
62,325
40,415
24,324
71,26
40,10
102,129
97,635
87,147
40,646
35,552
32,160
29,369
25,604
102,469
21,477
40,445
42,319
71,175
55,152
25,546
17,173
25,64
36,81
24,48
66,568
71,79
40,295
21,277
89,303
66,216
65,526
40,462
40,200
23,412
29,485
14,550
24,332
51,403
40,347
26,582
70,670
43,517
53,616
40,447
27,300
25,423
40,77
40,336
25,687
5,697
53,406
40,12
21,476
58,541
21,53
58,595
25,258
65,532
14,529
35,368
26,241
21,114
85,66
39,588
40,379
40,233
86,83
40,158
58,484
40,339
40,73
40,382
24,535
31,230
65,122
21,305
58,563
30,221
24,341
36,575
86,136
38,2
26,597
85,394
43,211
21,674
98,215
67,212
26,533
103,52
18,328
83,677
40,656
35,457
71,209
40,13
40,326
40,501
40,60
14,179
26,333
30,662
4,182
40,238
85,578
4,426
65,27
30,456
65,30
40,547
21,451
61,585
71,409
78,321
5,312
27,242
30,514
42,65
40,380
12,637
66,652
42,619
43,651
13,372
32,614
54,608
40,351
40,75
40,74
35,653
24,427
25,96
22,186
84,247
71,538
23,480
65,482
51,68
40,503
36,650
28,131
12,101
21,376
24,495
93,365
40,198
73,583
40,6
65,693
29,243
27,108
64,354
40,467
25,402
86,148
10,8
57,349
21,561
66,430
79,657
40,539
7,444
40,133
40,281
40,273
36,407
43,191
36,384
5,119
40,192
65,282
71,366
35,419
42,39
21,285
40,673
41,598
54,188
21,452
80,270
40,205
68,306
25,521
28,668
40,223
40,137
39,256
67,358
40,150
18,573
25,40
25,78
67,493
29,507
38,240
27,581
40,681
40,489
32,510
40,531
21,18
109,560
81,141
103,434
32,342
40,28
103,271
29,318
48,340
43,280
67,455
22,163
40,540
26,586
21,310
40,149
91,654
97,190
35,629
54,299
39,606
42,377
24,518
58,667
67,395
67,301
62,267
77,21
37,683
65,362
71,117
105,103
21,400
26,213
40,330
64,263
40,36
24,643
40,47
40,171
76,302
71,37
25,571
10,287
108,51
25,686
71,432
65,157
25,134
40,440
65,201
21,104
40,630
36,516
85,633
26,272
76,170
40,98
30,222
95,658
16,180
40,85
22,393
21,235
30,327
40,644
70,433
35,703
25,513
27,29
15,628
40,671
40,132
35,248
40,143
1,702
97,253
