24,564
71,532
71,151
71,452
71,372
56,475
36,422
71,539
57,476
115,88
119,593
71,210
71,507
71,78
27,596
71,65
71,509
106,220
57,99
57,165
66,279
71,84
71,196
62,310
116,406
71,521
114,296
75,12
71,79
71,407
70,16
80,303
71,558
72,23
71,625
23,392
57,340
116,4
70,216
123,365
7,209
12,515
71,56
71,437
71,562
71,234
115,120
32,546
120,627
34,351
71,495
70,371
71,529
34,344
42,395
71,439
71,145
70,149
20,277
24,519
24,482
24,161
60,300
104,366
71,110
71,584
65,606
71,187
71,350
89,294
54,308
21,53
24,347
76,283
62,43
102,213
113,607
71,360
71,173
80,223
71,465
71,45
70,585
71,413
71,536
56,218
13,158
71,321
71,200
57,621
24,569
71,81
79,224
105,111
79,66
90,493
71,114
111,46
71,178
116,212
86,113
104,487
42,469
70,89
56,115
108,13
84,135
70,333
118,8
71,500
71,597
56,97
71,555
71,228
71,592
68,44
71,280
67,622
49,603
71,5
3,259
120,570
30,57
38,619
24,22
99,17
72,510
87,3
70,561
101,69
80,324
24,260
30,553
50,383
71,281
71,291
72,82
25,26
24,479
6,602
88,342
121,315
21,85
30,363
71,236
84,30
12,498
108,29
71,225
70,524
71,313
16,468
39,573
124,198
78,626
74,444
66,580
71,238
80,335
71,533
71,289
53,176
70,586
25,245
71,591
24,249
72,471
71,599
1,168
3,620
24,33
70,528
71,282
35,401
24,192
71,269
92,35
71,51
116,2
37,298
54,136
41,214
68,385
60,560
49,359
25,292
71,615
44,484
24,550
105,257
31,480
71,429
79,556
37,92
12,425
71,117
24,409
71,322
61,554
71,472
21,450
72,445
24,514
116,325
43,263
64,217
89,527
63,68
71,604
71,440
54,14
71,160
71,104
71,587
68,577
71,456
71,108
71,631
117,448
71,629
92,618
79,301
71,581
71,39
71,497
57,58
24,364
71,397
56,163
2,424
72,458
24,339
42,382
71,150
24,361
71,31
22,457
71,540
59,582
107,567
9,172
56,490
33,434
3,83
71,253
36,346
57,415
56,129
71,511
79,52
1,594
3,167
70,202
58,34
21,137
3,605
71,231
52,127
71,600
71,537
75,410
91,544
71,288
78,116
49,305
56,183
93,215
24,595
71,338
47,156
79,508
80,157
26,21
58,118
57,461
12,67
71,75
57,624
71,24
71,428
71,199
71,208
71,206
111,502
60,28
79,261
55,74
73,278
71,19
80,247
71,394
71,90
41,20
71,473
52,9
71,489
17,275
71,37
56,226
71,357
70,6
120,229
71,266
24,248
68,86
77,504
110,105
71,571
116,242
71,112
56,417
80,311
71,299
48,254
71,274
120,535
24,181
18,464
60,211
3,71
71,370
71,393
26,513
71,408
71,389
24,486
10,334
108,287
17,239
112,427
21,184
3,285
71,319
55,63
71,566
111,387
110,551
69,542
70,270
71,447
34,531
71,314
25,265
71,185
14,119
70,134
71,549
110,380
107,295
71,258
71,162
1,193
124,250
24,286
24,430
26,93
57,572
36,222
71,95
71,377
70,271
18,155
71,412
70,264
71,272
71,462
30,557
42,159
8,131
54,312
71,80
71,32
12,290
27,390
77,579
12,306
79,375
3,608
121,388
52,496
34,146
70,107
71,399
24,207
71,518
3,70
60,96
82,101
55,559
80,128
31,141
71,177
54,221
57,262
71,609
105,474
70,267
41,483
85,543
19,188
71,354
1,491
21,1
97,268
41,189
71,326
71,416
54,598
71,197
72,73
120,235
78,125
71,203
29,435
70,227
24,494
56,61
25,91
24,355
108,304
24,530
71,545
33,421
70,526
71,132
107,432
60,588
61,139
71,610
79,523
103,438
24,171
41,481
70,419
24,166
41,384
71,317
24,62
71,175
71,60
41,232
119,630
41,343
71,454
71,418
105,449
46,164
70,186
25,138
71,520
124,201
71,331
121,72
25,143
17,403
70,255
70,576
70,237
42,517
116,36
65,273
80,356
98,616
54,323
71,15
116,374
109,485
71,601
71,613
3,414
71,362
71,318
57,522
94,455
71,329
71,297
20,506
100,512
71,400
71,59
24,477
71,345
95,501
71,568
28,152
55,195
71,376
3,147
57,276
70,42
24,373
120,87
71,628
24,293
71,534
83,525
70,611
71,552
40,405
71,590
14,182
75,436
41,441
56,443
3,503
19,433
71,398
74,368
71,55
71,459
70,233
19,103
54,617
71,124
71,538
11,153
23,499
89,205
71,180
21,194
71,50
18,341
24,54
71,381
41,423
24,243
71,548
71,174
71,246
24,7
46,358
71,133
71,123
41,144
54,367
71,191
72,391
38,48
71,505
70,332
120,488
47,121
45,386
72,320
24,170
71,252
107,589
33,256
51,378
71,470
47,244
41,402
71,251
71,352
71,169
71,230
80,632
71,369
86,41
71,140
71,612
71,327
120,241
71,516
113,49
60,122
70,563
15,541
71,492
71,316
56,302
79,411
71,11
96,442
118,623
21,575
70,109
122,219
81,614
71,204
70,100
70,179
110,38
71,460
71,25
71,466
70,309
24,47
3,10
41,578
71,633
71,40
71,379
70,453
68,142
71,77
71,565
24,27
71,353
72,451
29,154
71,148
71,420
71,328
72,106
71,467
71,349
82,240
91,426
24,547
41,583
5,307
29,337
117,348
71,284
26,98
38,336
70,330
71,94
71,396
71,446
71,190
118,64
62,102
71,18
71,126
71,463
13,478
70,76
24,130
70,431
4,404
122,574
