68,50
99,293
43,579
54,100
36,701
89,607
61,264
107,587
36,525
76,128
25,688
5,545
101,663
62,99
45,245
66,19
38,294
131,574
61,676
62,185
118,308
62,523
61,632
36,239
63,590
77,123
102,356
135,665
152,389
102,130
72,698
28,555
74,639
61,337
31,442
140,320
145,67
62,338
112,23
114,76
62,168
42,227
39,329
41,105
65,679
27,418
141,692
15,388
50,289
61,54
148,146
99,524
5,491
61,385
64,396
48,612
27,154
61,435
41,155
101,699
61,591
63,458
31,381
14,284
103,296
8,554
61,420
88,61
62,498
62,97
63,374
52,642
99,58
92,156
92,530
61,536
24,118
116,459
13,392
67,478
14,474
62,110
99,626
35,553
153,275
36,589
57,397
40,304
63,288
74,428
55,602
70,34
35,666
35,286
58,497
90,7
61,162
158,229
61,522
61,519
88,283
43,425
117,208
155,176
61,278
36,166
35,684
109,125
27,126
61,266
28,473
37,334
63,22
10,623
36,20
48,363
117,38
61,41
112,343
39,492
72,421
99,69
61,453
28,470
62,14
62,82
34,187
61,219
75,494
61,496
88,371
162,313
112,70
155,234
36,189
99,661
113,465
38,350
39,572
37,355
131,159
27,624
2,391
79,596
71,431
61,615
78,89
107,167
121,71
113,62
39,565
14,113
33,311
61,611
61,315
61,25
155,317
99,307
62,55
82,613
41,647
61,490
123,621
56,346
67,508
62,655
63,95
61,387
39,237
157,297
139,449
25,164
14,506
50,680
14,357
62,232
73,594
67,566
96,87
153,592
37,645
96,520
71,4
51,265
61,700
90,556
62,410
112,322
62,694
128,91
112,436
112,196
39,599
79,486
39,345
55,367
27,401
86,316
37,72
17,178
155,548
42,544
38,443
73,165
111,249
43,80
36,390
62,600
100,648
28,16
99,45
99,353
142,603
27,298
99,511
17,468
36,549
38,636
62,593
73,1
99,261
159,259
113,244
27,92
32,177
40,204
61,220
36,33
61,90
99,183
36,416
57,145
7,121
62,31
153,9
41,618
56,617
97,695
61,448
134,135
9,231
95,86
109,383
70,115
61,217
35,228
90,408
161,5
67,207
31,472
38,106
39,609
3,446
41,24
36,483
113,475
79,558
6,669
70,255
38,675
70,580
41,140
143,378
61,181
54,672
62,269
118,439
27,199
37,291
111,323
135,112
157,399
112,505
32,570
61,93
25,335
13,246
62,84
45,450
137,664
112,429
112,94
62,107
61,463
112,649
61,499
146,405
61,127
61,557
31,274
37,562
25,225
61,153
61,460
13,414
61,424
56,627
69,678
129,268
21,197
120,584
139,57
13,224
61,214
99,481
111,109
63,46
61,142
28,454
121,479
63,309
94,512
62,111
31,605
63,502
52,32
63,641
136,375
85,359
61,210
94,124
55,659
37,422
80,364
80,569
101,373
154,441
99,690
61,601
142,488
30,537
16,348
96,559
62,638
35,411
20,250
61,35
61,314
99,290
136,63
99,689
135,331
62,413
50,417
53,361
59,11
11,292
31,276
112,172
62,404
105,252
50,509
65,169
110,151
62,139
61,660
57,120
113,43
28,527
46,466
25,193
117,195
62,682
29,515
87,260
112,218
53,203
9,251
82,138
48,17
62,640
103,487
29,262
61,254
28,59
88,161
125,696
37,44
7,236
103,542
61,202
99,42
36,471
112,226
61,622
44,577
56,88
61,610
61,102
67,206
63,567
61,3
153,386
99,543
119,528
61,685
61,534
45,504
37,691
142,500
53,56
108,116
16,370
26,49
34,625
19,174
112,437
36,352
102,344
54,551
31,631
18,184
30,398
27,279
80,576
71,620
30,634
61,461
112,438
61,15
62,360
29,464
24,257
27,564
62,144
102,194
93,325
61,415
35,324
112,26
63,10
155,129
149,635
135,147
61,646
55,552
50,160
45,369
37,604
155,469
29,477
61,445
67,319
112,175
84,152
36,546
22,173
36,64
56,81
35,48
102,568
112,79
62,295
27,277
138,303
102,216
100,526
61,462
61,200
33,412
45,485
17,550
35,332
79,403
62,347
39,582
108,670
69,517
81,616
62,447
42,300
36,423
62,77
61,336
36,687
5,697
81,406
61,12
28,476
88,541
27,53
88,595
36,258
99,532
18,529
53,368
38,241
29,114
133,66
60,588
61,379
62,233
134,83
62,158
87,484
62,339
61,73
61,382
35,535
48,230
101,122
28,305
88,563
47,221
35,341
56,575
134,136
59,2
39,597
132,394
69,211
28,674
151,215
103,212
38,533
156,52
23,328
130,677
62,656
54,457
113,209
62,13
61,326
61,501
61,60
17,179
39,333
47,662
4,182
61,238
132,578
4,426
99,27
47,456
99,30
61,547
29,451
91,585
112,409
123,321
5,312
42,242
47,514
67,65
61,380
14,637
102,652
67,619
69,651
16,372
49,614
82,608
61,351
61,75
61,74
54,653
34,427
36,96
31,186
131,247
112,538
32,480
99,482
79,68
63,503
57,650
43,131
15,101
29,376
35,495
144,365
62,198
115,583
61,6
99,693
45,243
40,108
97,354
61,467
37,402
134,148
11,8
86,349
27,561
102,430
124,657
61,539
8,444
61,133
61,281
61,273
57,407
68,191
57,384
6,119
63,192
99,282
112,366
55,419
66,39
29,285
61,673
65,598
83,188
28,452
126,270
61,205
106,306
36,521
43,668
63,223
61,137
60,256
104,358
63,150
23,573
36,40
36,78
103,493
45,507
59,240
40,581
62,681
63,489
50,510
61,531
27,18
164,560
127,141
156,434
49,342
61,28
156,271
45,318
75,340
69,280
103,455
31,163
61,540
38,586
28,310
61,149
140,654
149,190
54,629
82,299
60,606
66,377
35,518
88,667
103,395
103,301
92,267
122,21
58,683
98,362
112,117
160,103
29,400
39,213
62,330
96,263
61,36
35,643
61,47
61,171
119,302
113,37
36,571
12,287
163,51
37,686
112,432
99,157
36,134
61,440
98,201
27,104
61,630
56,516
133,633
38,272
118,170
62,98
47,222
147,658
20,180
61,85
30,393
29,235
47,327
61,644
109,433
55,703
36,513
41,29
19,628
61,671
61,132
54,248
61,143
1,702
150,253
