55,661
78,1045
55,845
55,943
55,19
59,1007
59,529
59,582
55,245
55,70
39,959
55,917
55,381
30,130
55,220
57,325
55,58
55,212
55,672
57,1051
62,568
55,564
55,1015
52,781
17,1108
55,924
55,448
25,969
55,125
55,1047
55,870
55,332
55,466
55,188
55,1091
55,541
55,153
52,983
56,1113
61,300
55,236
59,352
55,1072
55,532
52,309
55,454
34,645
55,1012
55,1080
55,504
30,1020
55,668
59,389
65,1023
59,221
61,839
55,627
55,98
41,974
55,1096
55,78
55,988
55,259
56,430
26,1018
65,322
59,402
55,772
40,403
55,800
55,74
55,633
55,339
55,1021
55,589
55,906
25,386
55,497
37,1062
55,357
55,767
55,301
52,795
55,796
55,651
55,283
55,306
55,976
55,435
55,416
55,30
55,656
55,975
55,88
55,86
55,1119
59,1041
55,918
55,330
88,686
55,13
55,869
55,955
16,683
55,610
55,216
55,35
15,342
55,262
55,292
55,714
55,272
55,496
55,937
7,565
48,63
8,289
55,328
55,827
55,1057
13,482
55,298
52,499
57,1010
55,29
55,821
57,23
71,36
55,360
55,436
59,569
3,535
55,468
55,741
57,903
55,785
55,296
55,788
50,794
55,982
74,546
56,234
55,539
55,780
55,495
55,590
55,119
55,464
55,542
47,742
55,1087
25,92
55,249
9,673
55,510
55,773
55,106
55,462
55,792
55,1016
55,992
59,160
55,347
20,629
55,1089
59,175
55,443
55,545
55,614
55,145
49,1000
45,952
55,609
55,786
55,358
60,71
55,485
55,494
55,1048
12,769
55,1100
55,604
55,12
59,928
48,498
55,1026
76,933
55,846
47,862
71,797
55,755
2,1044
55,174
55,970
55,782
52,690
55,385
55,812
55,240
5,947
69,225
55,849
47,1076
55,15
55,178
39,193
59,893
55,637
55,1111
21,916
55,689
55,1092
55,371
55,362
59,183
55,603
74,704
74,994
62,995
55,156
55,413
25,359
5,1046
55,543
55,914
47,688
55,68
55,202
55,151
55,138
42,528
55,660
55,133
55,577
55,61
55,675
30,287
30,428
55,1093
55,367
55,980
32,263
55,483
55,380
55,516
89,920
46,1013
59,155
55,885
55,343
55,575
59,22
55,76
55,479
55,843
55,401
57,815
55,404
55,874
55,438
55,653
55,168
55,314
55,808
55,87
55,484
55,440
55,1058
55,967
55,291
55,824
55,9
55,270
55,126
55,787
55,1053
76,60
55,771
59,101
59,320
55,214
55,33
55,470
55,676
55,418
10,818
55,853
55,157
55,1099
55,275
55,267
55,269
55,763
55,195
39,973
55,143
55,80
55,105
55,912
55,444
55,866
18,857
47,647
55,930
52,606
55,682
55,476
12,1088
55,747
55,73
55,75
55,186
65,599
55,285
55,445
55,702
69,311
55,957
55,159
55,748
55,667
55,394
55,613
55,960
55,290
55,829
55,113
55,327
55,602
55,149
16,209
55,353
10,46
55,399
62,945
52,527
55,181
55,396
55,801
34,958
55,208
55,366
55,764
55,446
56,759
55,941
55,997
59,1107
59,749
92,931
55,856
55,392
55,57
46,254
52,579
68,987
55,316
55,687
55,774
55,148
46,266
55,82
56,826
59,895
5,956
55,118
55,85
55,1008
55,41
55,894
55,662
30,789
55,880
64,4
52,1005
9,459
36,256
73,433
55,944
55,642
55,835
55,882
55,517
42,524
55,329
55,566
9,228
59,1106
55,1033
55,730
55,907
55,1098
6,1042
55,761
56,754
55,909
55,913
55,109
55,95
55,410
55,368
55,243
55,50
55,205
55,737
55,1090
55,232
5,278
55,34
55,929
55,1024
53,776
55,507
55,442
55,49
55,140
56,146
55,555
55,318
55,341
23,790
59,513
5,204
55,1049
55,258
59,573
55,805
55,708
55,695
55,457
55,199
30,103
55,94
59,972
55,692
55,891
47,836
55,405
38,522
55,182
55,191
55,585
55,873
55,425
55,276
55,584
59,757
55,230
44,1073
59,576
55,592
59,398
59,848
55,158
55,750
55,1068
55,634
55,1
55,552
73,850
55,758
55,1071
55,966
55,43
59,250
55,406
81,1035
55,112
34,649
55,307
30,493
57,173
30,429
80,1036
57,293
55,503
56,1067
73,703
55,491
55,833
76,1003
55,624
55,390
55,147
55,407
76,163
57,310
9,411
55,768
37,312
55,1040
55,122
55,194
55,694
55,544
55,593
55,538
55,261
55,315
74,550
76,1104
57,431
55,623
55,685
55,852
59,570
55,858
55,896
51,281
55,1056
56,953
55,233
55,678
59,170
17,583
55,571
55,134
55,321
57,939
55,144
43,299
55,99
55,334
55,1011
55,990
55,834
55,709
55,458
55,863
55,657
25,652
55,699
57,727
5,346
55,777
55,536
79,72
55,211
55,631
52,872
55,382
55,530
55,420
55,297
55,3
55,1081
63,842
13,1050
23,556
55,62
55,102
55,253
17,1074
47,337
55,1054
55,400
25,520
26,492
55,559
57,344
30,179
30,197
45,596
55,419
55,89
55,923
56,712
55,901
55,255
55,641
55,323
55,489
55,594
55,294
55,828
55,91
55,373
30,823
55,414
19,525
57,227
55,26
55,167
55,1009
55,696
55,241
1,526
46,717
55,224
55,137
50,165
55,932
55,1022
55,902
52,391
55,716
68,93
57,244
55,274
55,911
59,251
55,1029
55,1014
55,640
47,762
55,512
47,618
55,706
55,926
55,807
55,1094
46,900
55,177
55,409
67,456
55,351
55,1027
55,415
57,632
52,574
68,32
62,264
55,617
55,338
55,96
55,18
55,819
56,1061
55,508
10,655
55,114
55,940
55,783
55,427
10,90
74,239
55,934
32,31
50,480
55,1075
55,644
55,847
57,17
55,273
55,288
57,455
55,81
57,950
55,383
35,235
55,611
55,265
55,304
69,48
55,319
55,1082
55,691
32,936
55,825
55,551
55,169
55,369
28,129
42,1102
72,1001
77,659
55,441
55,27
57,809
16,523
13,875
55,505
55,260
55,892
55,282
55,733
14,1052
55,161
10,424
9,586
59,44
55,626
55,461
59,284
55,451
55,52
55,397
55,379
55,136
55,198
55,518
55,5
59,984
55,213
55,925
55,324
76,37
33,120
55,10
70,938
71,725
55,370
55,608
55,107
30,268
55,740
16,600
55,326
55,897
57,674
40,111
55,463
73,810
55,572
45,888
55,110
55,84
38,229
59,616
30,625
57,271
52,775
58,728
68,1097
55,765
30,64
55,417
54,395
34,820
55,1070
71,567
17,760
55,628
71,39
10,1069
90,1085
55,954
73,142
50,477
55,905
55,746
55,1039
52,948
23,965
62,363
56,511
55,345
55,968
55,908
55,998
66,743
46,38
30,722
55,305
55,375
7,595
55,45
55,620
55,83
56,196
55,1083
55,123
55,540
55,779
54,355
62,336
55,24
55,412
55,591
57,832
55,961
55,139
55,739
55,981
55,831
55,844
55,639
5,509
52,877
55,710
55,851
55,841
55,648
25,581
55,487
55,257
55,560
55,1095
55,899
55,919
34,472
55,135
25,20
55,646
55,643
55,502
55,127
32,533
40,1112
55,817
55,721
61,989
85,876
42,619
55,1101
48,1028
55,986
55,475
55,770
55,951
36,16
55,979
57,519
39,813
55,840
59,669
57,124
55,598
55,860
56,723
55,185
4,806
55,889
55,1006
55,116
55,171
55,868
55,303
55,189
10,437
50,946
50,226
55,203
55,607
55,554
55,605
91,150
59,354
55,752
57,588
57,890
55,612
55,985
50,361
55,247
55,563
55,172
55,715
55,1004
55,962
57,1055
55,348
55,279
3,166
20,252
55,162
55,364
55,450
15,7
57,184
59,55
55,514
55,719
30,861
25,8
55,426
32,816
49,131
55,6
55,878
76,280
55,452
55,349
55,248
55,1002
57,207
57,1066
59,991
38,693
55,465
17,453
55,97
73,506
71,681
55,42
87,1019
30,388
55,434
48,601
46,949
55,67
55,215
55,447
55,1043
55,53
55,422
55,1109
86,838
57,684
55,176
55,335
55,219
55,766
17,745
56,622
55,21
55,1037
56,802
55,40
21,56
55,1059
55,231
55,804
55,1110
27,384
55,664
55,521
55,449
57,547
55,374
84,964
11,460
55,713
55,478
55,883
55,378
14,738
55,1060
55,190
55,734
55,731
55,884
55,128
55,701
10,665
55,654
55,1084
55,1103
55,317
55,201
55,724
29,597
55,356
55,621
55,700
47,313
55,54
56,66
59,751
55,615
57,996
55,141
55,218
56,1030
55,1063
55,1025
55,636
55,217
55,500
55,1038
50,187
45,486
83,871
73,501
56,277
55,697
55,481
56,666
55,2
55,474
38,537
55,864
55,473
55,237
55,14
55,1114
24,720
30,1079
57,705
55,1077
50,978
55,578
55,753
55,471
46,51
57,562
55,372
55,432
57,238
55,887
59,561
55,726
31,993
55,798
55,867
74,242
55,1032
56,638
5,658
55,698
55,791
59,729
55,47
45,340
55,469
48,650
55,942
55,663
55,206
55,1116
55,295
55,814
55,1065
55,1078
55,11
55,439
18,718
55,879
59,971
55,711
55,799
55,69
55,59
55,490
74,79
55,811
55,377
57,803
55,921
74,898
25,886
32,1117
55,467
5,963
55,100
55,736
61,246
75,837
56,350
55,408
55,999
55,534
59,1064
55,778
55,223
55,200
55,1034
55,423
55,365
55,393
55,756
55,115
55,1086
55,117
59,679
55,935
55,630
55,830
61,635
73,286
55,735
55,333
74,680
5,387
39,376
59,488
55,154
55,854
56,132
56,822
55,192
55,587
55,922
55,553
55,881
55,515
30,732
39,904
30,1115
55,25
55,104
55,707
52,670
69,331
56,1017
7,302
55,108
55,859
55,677
55,927
55,580
55,671
55,121
55,548
57,180
55,308
54,152
55,28
55,784
55,1031
57,865
55,557
69,531
55,793
22,77
55,222
55,65
55,558
59,915
42,910
55,1118
57,210
55,164
30,855
17,1105
39,744
82,549
21,421
55,977
