96,307
101,518
94,190
59,422
56,622
10,230
94,494
62,7
64,371
113,500
85,749
77,497
108,534
94,711
144,19
85,717
71,635
59,627
94,742
94,713
46,203
40,463
85,583
96,747
94,323
104,496
84,723
69,690
114,661
122,670
53,70
36,701
177,639
94,358
54,283
134,399
130,510
152,158
106,609
48,150
94,710
127,391
44,737
73,550
27,188
94,453
95,472
79,567
137,738
171,236
170,529
11,434
106,14
101,593
98,699
112,278
94,235
85,71
103,25
85,605
85,382
160,630
50,46
94,473
176,435
105,603
56,644
108,604
190,172
94,152
94,201
94,153
94,720
94,340
49,741
8,269
12,731
94,298
14,488
27,41
92,378
12,458
5,480
157,743
94,705
53,255
49,576
120,229
54,479
104,396
98,442
106,633
94,383
55,78
85,218
94,548
62,189
101,133
108,261
94,111
174,20
17,267
137,281
105,328
191,678
196,415
47,318
68,142
42,504
85,522
94,681
129,572
53,707
33,259
12,96
92,200
201,3
85,125
163,372
59,695
105,613
18,220
110,694
165,162
94,573
94,72
116,512
115,539
147,73
99,407
156,433
198,179
94,379
186,507
105,698
94,598
26,532
57,315
86,360
85,525
85,338
94,735
183,725
26,226
181,728
6,100
85,553
54,543
154,93
94,74
93,257
94,658
94,537
105,34
140,57
28,493
94,653
94,334
85,126
55,85
58,621
94,600
103,240
101,570
91,198
46,224
85,171
56,417
96,623
99,157
94,136
94,186
118,64
105,716
93,719
85,536
12,364
147,652
94,599
16,47
45,205
85,317
92,183
45,81
48,116
94,509
107,195
94,250
94,165
94,571
26,246
130,151
138,335
148,175
92,498
26,313
27,555
94,620
148,578
94,169
94,24
85,1
94,395
158,61
92,732
86,637
149,446
63,692
170,666
124,629
85,277
84,309
121,23
106,714
39,540
159,523
37,592
94,292
155,381
94,746
169,147
76,703
199,141
94,270
12,615
94,306
63,607
85,297
94,182
94,359
63,410
58,176
40,726
108,202
94,95
94,736
103,228
195,118
57,343
94,730
54,58
85,414
37,471
67,60
169,709
93,486
20,443
29,683
68,11
91,424
151,211
83,291
105,485
1,533
94,404
155,242
94,515
54,680
94,521
63,272
94,481
54,159
107,589
65,568
105,167
11,140
94,110
65,559
94,403
85,342
57,16
85,501
26,139
160,206
159,426
13,405
85,503
94,341
106,27
142,212
94,331
175,686
94,684
139,641
153,631
197,252
76,505
138,344
54,355
111,314
85,447
85,495
59,474
27,624
189,357
171,483
85,398
94,712
71,367
136,98
54,706
26,164
27,2
49,54
63,406
85,347
94,619
27,418
85,420
51,490
145,665
41,632
96,451
88,676
94,352
188,366
92,163
94,370
57,59
172,580
126,237
20,325
94,350
67,502
103,362
15,664
99,90
94,544
8,660
152,26
84,663
57,380
190,327
94,170
93,584
43,130
65,449
94,91
109,421
94,587
84,55
85,389
85,135
87,174
34,154
57,66
101,121
54,265
167,104
103,253
35,48
102,638
137,640
54,279
87,588
70,552
101,92
94,214
85,53
94,39
57,642
103,662
167,187
95,263
39,724
102,601
101,400
164,636
53,466
103,99
94,234
94,13
150,68
63,430
27,439
125,339
123,123
94,393
94,748
99,290
85,56
94,693
94,10
23,29
178,597
37,128
53,127
19,222
105,287
160,12
94,647
27,477
111,594
54,476
97,289
94,354
50,258
101,557
94,394
107,560
47,241
4,35
85,262
85,348
84,148
101,563
94,89
43,590
149,301
85,160
58,94
25,138
37,454
85,530
94,319
117,346
94,546
101,361
180,516
101,271
98,535
94,332
135,239
85,168
158,67
86,437
187,541
44,5
135,387
108,369
44,464
34,657
94,634
94,31
94,113
51,86
56,628
17,750
109,436
24,310
126,667
94,18
85,4
12,669
2,120
85,293
81,161
21,232
100,491
68,654
102,411
166,668
94,616
57,729
70,562
7,462
131,305
94,374
185,208
47,484
141,231
63,595
94,511
53,655
27,227
108,260
173,8
48,97
170,9
143,401
85,547
94,460
94,107
90,21
188,166
54,538
54,554
48,184
94,181
94,564
85,468
26,40
101,185
63,478
85,75
85,87
133,304
94,63
26,397
102,649
58,43
166,428
94,431
94,606
80,336
94,408
94,519
93,574
192,520
94,233
85,22
103,673
84,312
94,109
87,217
18,581
94,386
27,413
92,243
94,733
63,659
94,365
3,215
12,517
85,558
57,687
39,17
94,689
43,299
40,596
85,356
94,455
85,28
4,648
94,44
30,744
150,249
157,108
94,450
57,244
166,324
94,677
85,682
94,650
57,337
95,264
94,268
46,700
94,561
85,674
56,32
162,351
94,651
104,345
168,432
57,114
47,551
94,173
155,416
94,672
32,88
106,444
94,115
45,77
96,82
124,225
54,177
71,514
85,266
54,52
66,276
63,611
54,625
48,79
3,102
21,438
94,180
85,326
140,708
94,524
91,402
94,83
94,645
40,146
132,456
94,565
153,513
96,685
128,76
103,329
37,585
132,6
94,506
99,122
9,388
182,322
98,247
106,445
85,254
54,608
27,375
85,465
94,392
54,591
63,303
71,197
114,308
94,45
95,80
94,508
107,727
148,294
94,702
94,721
94,273
43,137
85,489
27,302
94,144
194,191
13,196
161,482
94,643
172,448
85,566
60,618
151,715
21,384
101,412
96,440
94,156
94,526
94,248
89,722
13,691
158,531
94,452
53,492
85,349
94,363
83,675
102,119
94,368
53,124
94,740
107,274
85,62
78,390
94,612
106,542
82,275
106,216
21,256
94,219
6,549
168,149
54,688
69,577
44,285
65,131
75,425
95,204
94,626
58,528
63,84
124,469
53,51
94,753
38,209
104,296
94,50
107,221
99,245
104,646
102,545
85,671
52,614
61,320
59,467
94,282
172,101
119,194
40,199
74,602
163,207
102,409
67,178
94,129
137,251
85,617
94,527
65,373
85,330
82,38
8,15
82,470
71,311
154,704
71,739
94,49
166,679
85,745
113,103
94,353
94,193
179,288
193,429
94,423
94,300
65,284
94,36
27,487
85,280
146,461
94,569
101,155
94,112
4,718
85,579
94,734
94,37
101,192
94,457
85,210
22,656
95,556
94,376
129,321
95,441
94,42
26,582
31,575
94,30
107,213
94,377
85,33
27,65
94,385
63,419
85,696
94,69
85,333
37,105
128,316
94,475
85,295
94,499
94,697
137,134
165,459
94,427
94,586
94,145
72,143
137,751
85,238
94,610
111,106
94,132
51,286
184,223
200,752
170,117
