84,421
86,411
16,17
16,207
64,476
18,513
64,681
71,700
60,279
64,147
47,149
71,428
16,636
16,327
16,187
64,585
64,440
71,441
66,638
64,60
64,677
64,416
71,240
71,113
64,384
71,132
16,110
9,152
46,604
64,321
18,399
16,610
71,169
64,219
16,594
64,20
71,77
64,5
64,64
64,204
64,400
64,339
18,503
71,167
67,622
29,499
71,362
71,473
64,103
16,527
71,508
16,635
16,666
64,216
18,7
11,612
64,454
16,232
64,260
64,693
16,526
47,497
18,252
64,439
64,262
71,221
64,511
71,16
18,229
70,41
64,280
47,698
64,554
66,128
6,540
64,114
64,494
16,561
71,304
71,154
60,684
64,39
64,600
71,261
16,40
16,184
64,97
36,354
64,423
71,76
18,139
43,21
18,530
34,437
71,597
64,118
64,356
64,290
16,544
3,386
16,65
64,697
64,583
64,688
18,195
44,501
10,200
53,73
71,82
64,611
71,89
50,317
64,571
64,448
71,49
16,133
71,430
64,98
67,276
71,521
44,319
15,447
64,663
71,183
3,263
47,312
43,54
64,71
58,696
71,202
71,690
64,102
64,652
47,628
47,302
64,655
60,538
16,496
64,672
12,461
15,433
64,178
16,123
11,575
64,648
16,584
64,590
71,479
64,617
71,182
68,664
64,609
64,602
64,514
50,436
16,486
64,488
64,190
71,640
64,326
71,413
71,268
71,369
16,676
64,57
70,649
64,593
64,83
64,429
70,485
71,298
66,553
47,425
64,30
71,287
56,160
64,460
64,517
71,644
16,542
49,328
64,373
64,87
64,365
16,558
49,667
64,157
16,408
71,380
64,427
16,42
71,581
69,468
16,464
64,224
64,104
71,596
71,25
71,606
64,38
71,237
64,34
71,492
64,574
1,475
47,36
64,174
16,306
20,407
7,406
41,415
19,142
64,153
71,417
71,375
64,355
54,493
71,599
64,136
15,539
64,342
20,569
76,96
64,310
68,59
64,536
16,598
16,168
64,370
71,226
52,177
64,145
71,463
71,565
30,213
71,686
64,699
64,196
71,389
64,469
16,378
16,311
16,404
15,238
16,10
93,608
64,284
87,336
71,165
16,466
71,297
64,22
71,682
76,452
71,158
55,247
16,673
71,502
62,481
64,434
64,351
64,577
64,591
16,374
68,67
71,545
71,692
64,381
60,19
71,403
16,573
71,172
16,74
16,665
16,507
64,314
81,45
72,119
64,265
64,451
71,296
16,225
16,151
64,193
71,159
26,18
64,490
60,680
71,131
64,201
52,528
16,236
18,579
46,658
71,394
68,632
64,376
64,117
71,689
33,446
71,385
64,519
71,95
64,124
16,391
64,197
47,350
92,641
71,345
64,214
64,148
64,26
14,251
66,582
16,605
72,529
64,161
27,624
64,668
16,661
64,24
16,509
70,555
71,309
71,472
64,218
64,359
64,379
63,215
18,477
73,163
16,230
53,533
16,111
70,150
64,66
16,419
38,33
64,397
60,639
60,601
64,387
71,267
16,551
71,289
47,683
16,675
17,171
47,516
71,199
64,120
16,410
59,643
64,162
64,44
64,239
37,458
18,637
71,694
88,37
16,691
64,409
8,371
16,631
64,115
16,48
16,512
48,303
64,130
64,524
71,343
61,325
64,234
64,198
64,272
71,630
16,398
64,295
71,324
64,233
65,570
26,642
71,462
64,618
71,438
64,68
71,266
13,192
64,8
79,456
71,443
75,84
16,109
71,12
16,51
12,255
71,495
71,47
64,634
64,249
44,179
18,175
66,270
64,90
16,299
64,619
64,253
64,281
71,79
71,483
64,607
72,80
64,23
70,285
64,189
64,383
64,301
4,705
71,203
60,258
64,70
47,701
64,166
16,562
64,505
47,170
64,323
64,335
64,654
64,414
45,316
17,412
64,278
64,651
16,331
64,471
64,329
71,259
64,392
64,254
64,223
16,515
71,678
18,137
60,550
71,620
64,9
64,341
80,81
21,288
68,269
64,623
29,687
64,445
18,340
71,467
42,674
71,420
43,552
64,578
64,372
71,353
64,129
64,390
16,470
64,449
60,277
64,629
64,108
79,333
74,217
71,256
64,176
16,556
64,291
64,231
71,1
29,566
64,588
16,520
64,2
49,248
71,626
21,360
64,679
64,670
16,246
64,308
16,589
71,349
33,346
64,206
64,422
64,426
71,62
64,173
64,11
16,557
64,564
16,671
64,307
64,532
64,135
28,126
70,580
31,535
66,134
64,72
71,368
16,29
64,703
71,294
64,181
64,704
77,186
71,482
64,155
35,112
71,401
86,121
64,106
16,702
39,431
71,534
16,459
64,92
64,127
71,257
71,361
64,334
18,510
47,53
71,337
51,548
47,85
64,78
16,650
64,522
64,480
64,320
30,344
64,322
16,366
64,275
65,621
16,498
16,271
16,4
16,241
60,567
71,563
60,180
64,465
64,242
71,364
57,633
47,367
64,27
16,537
20,487
64,377
70,191
16,292
47,282
64,525
83,50
16,101
2,86
64,61
71,592
64,660
15,559
66,543
64,208
64,143
16,243
64,405
61,474
71,15
47,245
64,695
71,283
64,659
64,613
64,442
16,3
23,116
85,546
94,52
64,250
64,315
16,35
64,627
64,586
17,227
64,393
64,347
64,305
64,156
64,146
71,576
64,185
32,547
64,13
71,332
64,489
71,99
64,657
64,188
64,32
64,164
64,395
16,194
18,14
11,424
22,662
64,435
71,549
71,264
60,58
16,500
64,228
60,274
71,656
20,273
89,138
16,352
64,685
82,141
71,572
71,244
71,220
16,122
71,432
64,348
64,595
71,444
64,63
71,91
64,43
71,330
71,6
71,55
64,402
24,358
21,293
5,614
64,531
64,105
16,93
72,455
64,69
40,31
70,212
64,396
16,140
16,388
71,313
16,560
16,625
71,222
16,209
64,484
64,646
66,450
64,616
64,56
71,615
25,144
91,107
47,28
64,363
64,210
60,645
71,587
64,75
64,647
78,100
90,125
71,418
64,669
64,235
71,541
64,506
16,603
64,491
60,300
64,94
71,88
64,518
71,286
65,382
64,318
71,504
16,46
64,478
64,453
64,338
64,357
64,523
70,568
45,205
46,211
49,653
71,457
