9,564
27,532
27,151
27,452
27,372
22,475
13,422
27,539
22,476
46,88
46,593
27,210
27,507
27,78
10,596
27,65
27,509
41,220
22,99
22,165
26,279
27,84
27,196
24,310
46,406
27,521
45,296
28,12
27,79
27,407
27,16
29,303
27,558
27,23
27,625
9,392
22,340
46,4
27,216
47,365
3,209
7,515
27,56
27,437
27,562
27,234
46,120
12,546
46,627
13,351
27,495
27,371
27,529
13,344
15,395
27,439
27,145
27,149
8,277
9,519
9,482
9,161
23,300
40,366
27,110
27,584
26,606
27,187
27,350
32,294
22,308
9,53
9,347
28,283
24,43
38,213
45,607
27,360
27,173
29,223
27,465
27,45
27,585
27,413
27,536
22,218
7,158
27,321
27,200
22,621
9,569
27,81
29,224
40,111
29,66
32,493
27,114
43,46
27,178
46,212
32,113
40,487
15,469
27,89
22,115
42,13
31,135
27,333
46,8
27,500
27,597
22,97
27,555
27,228
27,592
27,44
27,280
26,622
20,603
27,5
1,259
46,570
12,57
15,619
9,22
37,17
27,510
32,3
27,561
38,69
29,324
9,260
12,553
20,383
27,281
27,291
27,82
9,26
9,479
3,602
32,342
47,315
9,85
12,363
27,236
31,30
7,498
42,29
27,225
27,524
27,313
8,468
15,573
48,198
29,626
27,444
26,580
27,238
29,335
27,533
27,289
21,176
27,586
9,245
27,591
9,249
27,471
27,599
1,168
1,620
9,33
27,528
27,282
13,401
9,192
27,269
33,35
27,51
46,2
14,298
22,136
15,214
27,385
23,560
20,359
9,292
27,615
17,484
9,550
40,257
12,480
27,429
29,556
14,92
7,425
27,117
9,409
27,322
24,554
27,472
9,450
27,445
9,514
46,325
16,263
25,217
32,527
24,68
27,604
27,440
22,14
27,160
27,104
27,587
27,577
27,456
27,108
27,631
46,448
27,629
33,618
29,301
27,581
27,39
27,497
22,58
9,364
27,397
22,163
1,424
27,458
9,339
15,382
27,150
9,361
27,31
9,457
27,540
22,582
42,567
4,172
22,490
13,434
1,83
27,253
13,346
22,415
22,129
27,511
29,52
1,594
1,167
27,202
22,34
9,137
1,605
27,231
21,127
27,600
27,537
28,410
33,544
27,288
29,116
20,305
22,183
34,215
9,595
27,338
19,156
29,508
29,157
9,21
22,118
22,461
7,67
27,75
22,624
27,24
27,428
27,199
27,208
27,206
43,502
23,28
29,261
22,74
27,278
27,19
29,247
27,394
27,90
15,20
27,473
21,9
27,489
8,275
27,37
22,226
27,357
27,6
46,229
27,266
9,248
27,86
29,504
43,105
27,571
46,242
27,112
22,417
29,311
27,299
19,254
27,274
46,535
9,181
8,464
23,211
1,71
27,370
27,393
9,513
27,408
27,389
9,486
5,334
42,287
8,239
44,427
9,184
1,285
27,319
22,63
27,566
43,387
43,551
27,542
27,270
27,447
13,531
27,314
9,265
27,185
8,119
27,134
27,549
43,380
42,295
27,258
27,162
1,193
48,250
9,286
9,430
9,93
22,572
13,222
27,95
27,377
27,271
8,155
27,412
27,264
27,272
27,462
12,557
15,159
3,131
22,312
27,80
27,32
7,290
10,390
29,579
7,306
29,375
1,608
47,388
21,496
13,146
27,107
27,399
9,207
27,518
1,70
23,96
30,101
22,559
29,128
12,141
27,177
22,221
22,262
27,609
40,474
27,267
15,483
31,543
8,188
27,354
1,491
9,1
36,268
15,189
27,326
27,416
22,598
27,197
27,73
46,235
29,125
27,203
11,435
27,227
9,494
22,61
9,91
9,355
42,304
9,530
27,545
13,421
27,526
27,132
42,432
23,588
24,139
27,610
29,523
39,438
9,171
15,481
27,419
9,166
15,384
27,317
9,62
27,175
27,60
15,232
46,630
15,343
27,454
27,418
40,449
19,164
27,186
9,138
27,520
48,201
27,331
47,72
9,143
8,403
27,255
27,576
27,237
15,517
46,36
26,273
29,356
37,616
22,323
27,15
46,374
42,485
27,601
27,613
1,414
27,362
27,318
22,522
34,455
27,329
27,297
8,506
37,512
27,400
27,59
9,477
27,345
34,501
27,568
10,152
22,195
27,376
1,147
22,276
27,42
9,373
46,87
27,628
9,293
27,534
30,525
27,611
27,552
15,405
27,590
8,182
28,436
15,441
22,443
1,503
8,433
27,398
27,368
27,55
27,459
27,233
8,103
22,617
27,124
27,538
6,153
9,499
32,205
27,180
9,194
27,50
8,341
9,54
27,381
15,423
9,243
27,548
27,174
27,246
9,7
19,358
27,133
27,123
15,144
22,367
27,191
27,391
15,48
27,505
27,332
46,488
19,121
18,386
27,320
9,170
27,252
42,589
13,256
20,378
27,470
19,244
15,402
27,251
27,352
27,169
27,230
29,632
27,369
32,41
27,140
27,612
27,327
46,241
27,516
45,49
23,122
27,563
8,541
27,492
27,316
22,302
29,411
27,11
35,442
46,623
9,575
27,109
47,219
29,614
27,204
27,100
27,179
43,38
27,460
27,25
27,466
27,309
9,47
1,10
15,578
27,633
27,40
27,379
27,453
27,142
27,77
27,565
9,27
27,353
27,451
11,154
27,148
27,420
27,328
27,106
27,467
27,349
30,240
33,426
9,547
15,583
3,307
11,337
46,348
27,284
9,98
15,336
27,330
27,94
27,396
27,446
27,190
46,64
24,102
27,18
27,126
27,463
7,478
27,76
9,130
27,431
2,404
47,574
