14,876
68,323
14,808
14,836
14,109
14,992
14,40
36,214
14,320
14,216
48,554
14,32
14,434
14,68
14,447
14,117
14,957
14,664
49,645
14,1032
14,427
14,668
14,340
46,888
14,505
14,342
55,170
14,360
14,330
14,891
14,287
14,1063
45,278
14,970
14,913
14,682
14,972
14,654
14,243
14,419
14,266
14,141
14,739
14,828
1,319
14,380
14,501
14,916
14,293
14,908
45,968
14,364
45,1076
14,658
14,730
14,47
14,306
39,571
14,722
14,296
14,871
14,446
55,387
14,77
25,963
14,366
14,1056
14,1089
14,173
14,971
14,846
14,678
14,897
31,816
14,1017
45,939
14,308
63,561
1,921
14,202
14,748
14,17
15,583
14,70
14,404
14,529
14,1009
14,852
14,787
17,1000
12,414
45,85
14,494
48,98
45,814
14,585
14,378
14,185
14,488
36,254
29,316
14,261
14,1012
14,149
37,745
20,262
14,524
45,268
14,270
14,448
45,339
45,207
14,646
40,450
14,934
29,178
14,684
14,399
29,28
14,99
45,917
14,246
48,784
14,1027
36,406
14,424
14,652
46,482
37,914
14,1030
14,826
14,827
14,245
14,12
14,299
14,562
14,423
14,283
45,203
14,525
14,769
14,979
14,647
14,159
45,783
14,998
14,679
35,29
14,721
14,73
14,560
14,800
4,744
14,749
14,142
14,81
14,1052
14,1072
14,703
45,490
36,620
14,631
45,1037
14,956
14,1008
14,1071
14,162
14,210
14,523
14,305
12,38
14,499
14,535
14,55
15,1069
58,747
14,1088
14,1082
14,929
14,1
28,742
14,23
14,536
14,579
14,187
14,297
14,750
14,39
14,157
14,215
14,115
14,756
14,665
14,978
45,983
18,773
14,75
30,1059
14,697
14,41
14,303
14,568
14,1002
14,941
14,660
14,731
14,107
14,417
37,875
14,186
14,1084
49,1020
14,411
14,812
14,223
14,97
14,96
35,442
29,588
14,355
15,151
56,251
14,344
14,405
6,902
14,1014
36,623
14,946
31,779
14,233
45,926
14,767
14,5
45,509
14,774
14,889
14,644
14,72
14,666
14,880
14,272
14,648
14,489
14,843
14,612
14,1004
27,782
35,291
14,179
14,589
14,503
14,1053
14,729
14,34
14,943
14,763
14,858
14,363
48,346
14,250
14,418
14,596
14,952
14,977
45,496
14,553
14,847
14,1054
14,211
14,694
14,59
14,240
29,1041
14,985
14,361
14,960
14,260
14,539
14,771
45,1085
45,50
14,1083
14,918
45,996
14,518
14,1077
14,415
45,236
49,298
14,1060
14,574
14,691
14,903
45,274
14,362
14,436
14,840
14,878
14,777
14,801
14,522
14,60
14,237
45,313
14,1003
14,1013
14,899
14,639
14,217
42,877
14,630
14,1044
14,166
14,923
14,1023
14,391
14,822
45,607
14,35
14,208
14,549
29,760
14,988
54,622
45,656
21,605
14,942
48,147
14,230
14,636
14,540
14,425
14,56
45,629
45,3
14,235
14,172
55,1022
14,348
14,124
14,311
14,904
70,420
14,354
14,794
14,394
26,527
14,781
59,189
14,200
14,825
14,1016
38,174
14,820
14,659
14,728
27,716
14,22
14,228
14,866
14,441
14,993
14,920
14,21
14,66
14,86
45,445
14,437
14,621
14,7
46,10
48,528
14,573
45,375
14,786
14,359
14,37
14,755
14,707
14,110
14,388
45,500
9,864
14,184
9,837
14,1078
14,671
14,403
14,127
45,557
14,947
14,146
56,845
14,422
45,241
14,392
14,197
45,862
14,52
14,674
14,628
14,282
14,102
14,62
14,351
14,155
14,949
14,807
47,958
45,1058
14,961
14,13
45,604
14,440
14,932
14,276
14,14
14,477
14,704
14,705
14,582
14,861
14,317
14,772
14,255
14,472
14,651
60,26
14,758
52,898
14,713
14,617
72,580
14,257
45,504
14,712
14,42
14,400
14,759
14,113
14,865
14,643
3,1048
1,4
14,633
14,594
14,87
14,754
14,873
14,80
14,20
45,206
14,1051
14,134
14,765
14,641
23,271
14,36
14,802
14,275
14,82
50,57
14,132
14,842
14,397
48,806
69,133
14,692
14,429
14,137
56,1074
14,1086
14,193
14,256
14,793
14,44
14,726
32,269
14,369
13,156
1,483
14,699
14,451
14,401
35,188
14,833
45,104
14,1031
14,1034
14,15
45,969
14,461
45,279
14,819
51,408
14,46
45,890
7,689
14,796
14,667
14,103
14,199
14,736
14,811
14,154
48,650
12,285
45,201
14,995
33,999
23,592
19,329
14,460
45,635
14,695
14,204
14,986
14,120
14,1042
45,884
14,601
14,1040
14,723
14,164
14,332
14,126
14,881
14,412
14,473
14,67
14,1036
14,224
14,158
14,517
14,761
14,407
29,521
14,43
14,426
14,476
14,140
45,590
29,1018
14,513
45,295
45,277
14,855
1,718
14,711
1,242
14,373
12,183
14,1001
14,900
45,1062
14,776
14,365
45,938
45,829
14,680
14,544
14,1047
57,474
14,627
25,331
45,785
14,69
14,421
27,396
41,676
14,973
29,31
14,226
14,1025
46,859
24,470
14,131
45,49
14,1055
14,386
12,459
14,300
14,135
14,177
14,449
14,1024
45,152
14,834
14,653
14,18
45,465
14,530
14,167
14,602
45,901
14,818
45,951
14,854
45,61
9,844
14,301
14,502
14,657
14,850
14,714
14,191
14,823
14,286
14,531
16,683
45,911
14,267
14,584
14,624
5,143
14,6
14,516
3,130
71,290
14,486
14,194
14,609
14,661
14,606
15,88
31,333
14,839
14,315
14,464
14,577
14,376
14,886
14,48
14,54
14,706
14,688
14,431
45,1073
14,479
14,389
14,841
1,738
14,1079
14,940
14,492
14,598
14,118
14,321
1,377
14,309
14,350
14,1068
14,439
14,907
29,463
14,122
14,1091
14,987
14,232
14,709
14,640
29,64
75,144
14,637
14,9
14,790
14,997
14,252
29,982
14,84
14,817
48,244
45,93
14,370
44,1007
14,25
12,532
14,89
14,337
14,150
45,169
14,953
14,213
14,402
37,734
55,249
14,469
14,264
14,670
45,879
14,165
14,919
14,741
14,821
14,458
45,263
14,564
14,632
14,1065
9,71
45,698
43,906
14,368
14,16
14,533
14,954
14,805
49,352
14,455
29,857
14,307
14,292
14,341
14,556
35,693
14,1080
45,475
14,327
45,345
1,519
14,168
14,944
14,379
46,534
18,180
14,593
14,551
14,192
14,930
14,182
14,515
45,634
14,356
14,136
14,870
14,1029
45,138
14,586
14,238
14,384
14,567
14,358
45,1081
14,964
14,1061
54,336
14,454
14,753
14,922
14,967
15,541
45,432
14,239
14,896
14,190
14,727
23,616
14,810
14,603
14,253
14,860
67,1064
14,740
45,456
14,438
15,804
14,614
14,314
14,608
45,526
14,872
14,538
14,768
14,416
51,312
14,1006
14,937
51,205
14,220
1,733
14,484
14,851
14,687
14,547
14,735
14,613
14,1015
15,468
45,258
14,795
13,945
31,453
14,887
14,30
14,1045
14,302
45,1066
55,966
56,381
14,989
14,480
14,791
1,975
14,788
14,1057
14,766
14,974
14,935
45,83
14,751
14,221
14,625
66,175
14,955
45,610
14,581
14,962
14,677
14,552
14,171
14,507
14,91
14,874
45,90
14,700
14,600
14,383
14,385
14,883
45,832
51,725
11,196
14,512
14,225
22,615
14,498
14,1087
59,106
14,618
14,443
14,153
14,720
14,649
14,481
14,642
14,444
14,780
45,45
36,548
14,550
14,803
14,79
48,893
14,326
14,835
73,322
14,710
14,885
14,662
14,273
14,537
14,101
45,543
14,1043
14,116
14,669
61,572
46,905
45,910
14,119
14,219
14,655
14,198
12,74
14,981
14,792
14,229
14,1021
14,626
14,948
14,478
48,976
10,181
14,927
29,510
14,1039
14,247
14,569
14,357
14,925
14,1035
45,347
2,1050
49,65
48,565
14,757
14,511
14,457
14,576
14,797
14,1067
14,611
14,936
14,395
29,33
14,334
14,869
14,520
45,145
29,546
14,195
37,950
14,294
14,325
45,892
14,163
14,752
14,743
14,435
14,491
14,789
14,770
14,578
64,984
26,558
14,1049
34,824
53,559
14,493
14,696
46,545
14,318
74,863
14,599
15,281
45,108
14,288
14,830
14,915
14,690
14,815
14,719
14,335
14,595
14,265
14,304
14,280
32,737
14,514
45,160
14,587
14,95
14,231
14,76
15,717
14,367
14,390
14,139
49,111
14,1070
14,809
12,234
14,1019
14,497
45,1028
14,413
14,980
14,597
14,965
14,764
14,638
14,121
14,701
15,1010
15,1033
28,1011
14,673
14,681
14,92
45,487
31,732
14,53
14,555
45,112
14,508
14,848
14,374
14,398
14,566
65,542
45,382
14,991
14,410
48,452
14,284
14,1038
14,51
14,591
14,909
14,724
14,371
14,24
14,868
14,575
62,128
14,931
14,409
14,372
14,1075
45,506
45,1026
14,466
14,895
14,994
14,11
14,94
14,882
14,259
45,672
14,123
31,853
14,328
14,289
14,959
14,19
48,894
14,708
45,212
14,675
14,702
14,462
14,798
45,686
14,27
26,338
14,63
14,746
45,324
27,775
14,778
14,495
14,831
29,430
14,928
14,799
36,393
14,471
14,222
45,563
26,310
14,570
14,176
14,227
14,1046
14,161
14,8
15,100
14,849
14,125
14,912
14,685
14,209
14,129
14,105
14,1090
14,248
45,485
14,218
14,715
45,148
14,353
14,114
14,58
14,349
48,838
14,428
14,867
14,467
14,2
14,762
14,813
14,78
14,1005
14,924
14,990
14,619
8,343
14,433
14,933
35,856
14,663
