44,307
45,518
44,190
30,422
29,622
6,230
44,494
32,7
33,371
49,500
44,749
42,497
47,534
44,711
70,19
44,717
37,635
30,627
44,742
44,713
26,203
25,463
44,583
44,747
44,323
45,496
44,723
37,690
50,661
56,670
28,70
23,701
85,639
44,358
29,283
64,399
61,510
75,158
46,609
26,150
44,710
59,391
25,737
38,550
15,188
44,453
44,472
43,567
66,738
82,236
82,529
7,434
46,14
45,593
45,699
49,278
44,235
44,71
45,25
44,605
44,382
79,630
27,46
44,473
85,435
45,603
29,644
47,604
94,172
44,152
44,201
44,153
44,720
44,340
26,741
5,269
7,731
44,298
7,488
15,41
44,378
7,458
4,480
77,743
44,705
28,255
26,576
55,229
29,479
45,396
45,442
46,633
44,383
29,78
44,218
44,548
32,189
45,133
47,261
44,111
84,20
9,267
66,281
45,328
94,678
98,415
26,318
36,142
25,504
44,522
44,681
60,572
28,707
20,259
7,96
44,200
103,3
44,125
80,372
30,695
45,613
10,220
48,694
80,162
44,573
44,72
51,512
50,539
73,73
45,407
76,433
100,179
44,379
91,507
45,698
44,598
15,532
29,315
44,360
44,525
44,338
44,735
88,725
15,226
87,728
4,100
44,553
29,543
76,93
44,74
44,257
44,658
44,537
45,34
68,57
16,493
44,653
44,334
44,126
29,85
30,621
44,600
45,240
45,570
44,198
26,224
44,171
29,417
44,623
45,157
44,136
44,186
53,64
45,716
44,719
44,536
7,364
73,652
44,599
8,47
26,205
44,317
44,183
26,81
26,116
44,509
46,195
44,250
44,165
44,571
15,246
61,151
66,335
73,175
44,498
15,313
15,555
44,620
73,578
44,169
44,24
44,1
44,395
77,61
44,732
44,637
73,446
32,692
82,666
58,629
44,277
44,309
56,23
46,714
24,540
78,523
24,592
44,292
76,381
44,746
82,147
41,703
101,141
44,270
7,615
44,306
32,607
44,297
44,182
44,359
32,410
30,176
25,726
47,202
44,95
44,736
45,228
97,118
29,343
44,730
29,58
44,414
24,471
36,60
82,709
44,486
11,443
17,683
36,11
44,424
74,211
44,291
45,485
1,533
44,404
76,242
44,515
29,680
44,521
32,272
44,481
29,159
46,589
34,568
45,167
7,140
44,110
34,559
44,403
44,342
29,16
44,501
15,139
79,206
78,426
7,405
44,503
44,341
46,27
69,212
44,331
84,686
44,684
67,641
76,631
99,252
41,505
66,344
29,355
49,314
44,447
44,495
30,474
15,624
93,357
82,483
44,398
44,712
37,367
65,98
29,706
15,164
15,2
26,54
32,406
44,347
44,619
15,418
44,420
28,490
71,665
25,632
44,451
44,676
44,352
93,366
44,163
44,370
29,59
83,580
58,237
11,325
44,350
36,502
45,362
8,664
45,90
44,544
5,660
75,26
44,663
29,380
94,327
44,170
44,584
25,130
34,449
44,91
48,421
44,587
44,55
44,389
44,135
44,174
21,154
29,66
45,121
29,265
80,104
45,253
22,48
45,638
66,640
29,279
44,588
37,552
45,92
44,214
44,53
44,39
29,642
45,662
80,187
44,263
24,724
45,601
45,400
80,636
28,466
45,99
44,234
44,13
74,68
32,430
15,439
58,339
57,123
44,393
44,748
45,290
44,56
44,693
44,10
13,29
85,597
24,128
28,127
10,222
45,287
79,12
44,647
15,477
49,594
29,476
44,289
44,354
27,258
45,557
44,394
46,560
26,241
4,35
44,262
44,348
44,148
45,563
44,89
25,590
73,301
44,160
30,94
14,138
24,454
44,530
44,319
52,346
44,546
45,361
86,516
45,271
45,535
44,332
65,239
44,168
77,67
44,437
92,541
25,5
65,387
47,369
25,464
21,657
44,634
44,31
44,113
28,86
29,628
9,750
48,436
14,310
58,667
44,18
44,4
7,669
2,120
44,293
44,161
12,232
45,491
36,654
45,411
80,668
44,616
29,729
37,562
4,462
61,305
44,374
90,208
26,484
69,231
32,595
44,511
28,655
15,227
47,260
83,8
26,97
82,9
70,401
44,547
44,460
44,107
44,21
93,166
29,538
29,554
26,184
44,181
44,564
44,468
15,40
45,185
32,478
44,75
44,87
63,304
44,63
15,397
45,649
30,43
80,428
44,431
44,606
44,336
44,408
44,519
44,574
95,520
44,233
44,22
45,673
44,312
44,109
44,217
10,581
44,386
15,413
44,243
44,733
32,659
44,365
3,215
7,517
44,558
29,687
24,17
44,689
25,299
25,596
44,356
44,455
44,28
4,648
44,44
18,744
74,249
77,108
44,450
29,244
80,324
44,677
44,682
44,650
29,337
44,264
44,268
26,700
44,561
44,674
29,32
79,351
44,651
45,345
81,432
29,114
26,551
44,173
76,416
44,672
20,88
46,444
44,115
26,77
44,82
58,225
29,177
37,514
44,266
29,52
35,276
32,611
29,625
26,79
3,102
12,438
44,180
44,326
68,708
44,524
44,402
44,83
44,645
25,146
62,456
44,565
76,513
44,685
60,76
45,329
24,585
62,6
44,506
45,122
5,388
87,322
45,247
46,445
44,254
29,608
15,375
44,465
44,392
29,591
32,303
37,197
50,308
44,45
44,80
44,508
46,727
73,294
44,702
44,721
44,273
25,137
44,489
15,302
44,144
97,191
7,196
79,482
44,643
83,448
44,566
31,618
74,715
12,384
45,412
44,440
44,156
44,526
44,248
44,722
7,691
77,531
44,452
28,492
44,349
44,363
44,675
45,119
44,368
28,124
44,740
46,274
44,62
43,390
44,612
46,542
44,275
46,216
12,256
44,219
4,549
81,149
29,688
37,577
25,285
34,131
40,425
44,204
44,626
30,528
32,84
58,469
28,51
44,753
24,209
45,296
44,50
46,221
45,245
45,646
45,545
44,671
28,614
31,320
30,467
44,282
83,101
54,194
25,199
39,602
80,207
45,409
36,178
44,129
66,251
44,617
44,527
34,373
44,330
44,38
5,15
44,470
37,311
76,704
37,739
44,49
80,679
44,745
49,103
44,353
44,193
86,288
96,429
44,423
44,300
34,284
44,36
15,487
44,280
72,461
44,569
45,155
44,112
4,718
44,579
44,734
44,37
45,192
44,457
44,210
12,656
44,556
44,376
60,321
44,441
44,42
15,582
19,575
44,30
46,213
44,377
44,33
15,65
44,385
32,419
44,696
44,69
44,333
24,105
60,316
44,475
44,295
44,499
44,697
66,134
80,459
44,427
44,586
44,145
38,143
66,751
44,238
44,610
49,106
44,132
28,286
89,223
102,752
82,117
