11,50
16,293
8,579
10,100
8,701
16,607
10,264
17,587
8,525
13,128
8,688
3,545
16,663
10,99
9,245
11,19
8,294
24,574
10,676
10,185
20,308
10,523
10,632
8,239
10,590
13,123
16,356
24,665
29,389
16,130
12,698
8,555
12,639
10,337
8,442
26,320
27,67
10,338
18,23
19,76
10,168
8,227
8,329
8,105
11,679
8,418
26,692
6,388
9,289
10,54
27,146
16,524
3,491
10,385
10,396
9,612
8,154
10,435
8,155
16,699
10,591
10,458
8,381
6,284
16,296
4,554
10,420
16,61
10,498
10,97
10,374
10,642
16,58
16,156
16,530
10,536
7,118
19,459
6,392
11,478
6,474
10,110
16,626
8,553
30,275
8,589
10,397
8,304
10,288
12,428
10,602
11,34
8,666
8,286
10,497
16,7
10,162
31,229
10,522
10,519
16,283
8,425
20,208
31,176
10,278
8,166
8,684
17,125
8,126
10,266
8,473
8,334
10,22
4,623
8,20
9,363
20,38
10,41
18,343
8,492
12,421
16,69
10,453
8,470
10,14
10,82
8,187
10,219
13,494
10,496
16,371
32,313
18,70
31,234
8,189
16,661
18,465
8,350
8,572
8,355
24,159
8,624
1,391
13,596
12,431
10,615
13,89
17,167
21,71
18,62
8,565
6,113
8,311
10,611
10,315
10,25
31,317
16,307
10,55
14,613
8,647
10,490
21,621
10,346
11,508
10,655
10,95
10,387
8,237
31,297
26,449
8,164
6,506
9,680
6,357
10,232
12,594
11,566
16,87
30,592
8,645
16,520
12,4
9,265
10,700
16,556
10,410
18,322
10,694
22,91
18,436
18,196
8,599
13,486
8,345
10,367
8,401
16,316
8,72
6,178
31,548
8,544
8,443
12,165
18,249
8,80
8,390
10,600
16,648
8,16
16,45
16,353
26,603
8,298
16,511
6,468
8,549
8,636
10,593
12,1
16,261
31,259
18,244
8,92
8,177
8,204
10,220
8,33
10,90
16,183
8,416
10,145
4,121
10,31
30,9
8,618
10,617
16,695
10,448
24,135
4,231
16,86
17,383
11,115
10,217
8,228
16,408
32,5
11,207
8,472
8,106
8,609
2,446
8,24
8,483
18,475
13,558
3,669
11,255
8,675
11,580
8,140
26,378
10,181
10,672
10,269
20,439
8,199
8,291
18,323
24,112
31,399
18,505
8,570
10,93
8,335
6,246
10,84
9,450
25,664
18,429
18,94
10,107
10,463
18,649
10,499
27,405
10,127
10,557
8,274
8,562
8,225
10,153
10,460
6,414
10,424
10,627
11,678
22,268
7,197
20,584
26,57
6,224
10,214
16,481
18,109
10,46
10,142
8,454
21,479
10,309
16,512
10,111
8,605
10,502
10,32
10,641
25,375
15,359
10,210
16,124
10,659
8,422
13,364
13,569
16,373
30,441
16,690
10,601
26,488
8,537
6,348
16,559
10,638
8,411
7,250
10,35
10,314
16,290
25,63
16,689
24,331
10,413
9,417
10,361
10,11
5,292
8,276
18,172
10,404
16,252
9,509
11,169
17,151
10,139
10,660
10,120
18,43
8,527
9,466
8,193
20,195
10,682
8,515
16,260
18,218
10,203
4,251
14,138
9,17
10,640
16,487
8,262
10,254
8,59
16,161
22,696
8,44
4,236
16,542
10,202
16,42
8,471
18,226
10,622
8,577
10,88
10,610
10,102
11,206
10,567
10,3
30,386
16,543
20,528
10,685
10,534
9,504
8,691
26,500
10,56
17,116
6,370
8,49
8,625
7,174
18,437
8,352
16,344
10,551
8,631
6,184
8,398
8,279
13,576
12,620
8,634
10,461
18,438
10,15
10,360
8,464
7,257
8,564
10,144
16,194
16,325
10,415
8,324
18,26
10,10
31,129
28,635
24,147
10,646
10,552
9,160
9,369
8,604
31,469
8,477
10,445
11,319
18,175
14,152
8,546
7,173
8,64
10,81
8,48
16,568
18,79
10,295
8,277
25,303
16,216
16,526
10,462
10,200
8,412
9,485
6,550
8,332
13,403
10,347
8,582
17,670
11,517
14,616
10,447
8,300
8,423
10,77
10,336
8,687
3,697
14,406
10,12
8,476
16,541
8,53
16,595
8,258
16,532
6,529
10,368
8,241
8,114
24,66
10,588
10,379
10,233
24,83
10,158
16,484
10,339
10,73
10,382
8,535
9,230
16,122
8,305
16,563
9,221
8,341
10,575
24,136
10,2
8,597
24,394
11,211
8,674
28,215
16,212
8,533
31,52
7,328
23,677
10,656
10,457
18,209
10,13
10,326
10,501
10,60
6,179
8,333
9,662
3,182
10,238
24,578
3,426
16,27
9,456
16,30
10,547
8,451
16,585
18,409
21,321
3,312
8,242
9,514
11,65
10,380
6,637
16,652
11,619
11,651
6,372
9,614
14,608
10,351
10,75
10,74
10,653
8,427
8,96
8,186
24,247
18,538
8,480
16,482
13,68
10,503
10,650
8,131
6,101
8,376
8,495
27,365
10,198
19,583
10,6
16,693
9,243
8,108
16,354
10,467
8,402
24,148
5,8
16,349
8,561
16,430
21,657
10,539
4,444
10,133
10,281
10,273
10,407
11,191
10,384
3,119
10,192
16,282
18,366
10,419
11,39
8,285
10,673
11,598
14,188
8,452
22,270
10,205
16,306
8,521
8,668
10,223
10,137
10,256
16,358
10,150
7,573
8,40
8,78
16,493
9,507
10,240
8,581
10,681
10,489
9,510
10,531
8,18
33,560
22,141
31,434
9,342
10,28
31,271
9,318
13,340
11,280
16,455
8,163
10,540
8,586
8,310
10,149
26,654
28,190
10,629
14,299
10,606
11,377
8,518
16,667
16,395
16,301
16,267
21,21
10,683
16,362
18,117
31,103
8,400
8,213
10,330
16,263
10,36
8,643
10,47
10,171
20,302
18,37
8,571
5,287
33,51
8,686
18,432
16,157
8,134
10,440
16,201
8,104
10,630
10,516
24,633
8,272
20,170
10,98
9,222
27,658
7,180
10,85
8,393
8,235
9,327
10,644
17,433
10,703
8,513
8,29
7,628
10,671
10,132
10,248
10,143
1,702
28,253
