7,564
17,532
17,151
17,452
17,372
14,475
8,422
17,539
14,476
33,88
33,593
17,210
17,507
17,78
7,596
17,65
17,509
28,220
14,99
14,165
17,279
17,84
17,196
16,310
33,406
17,521
32,296
18,12
17,79
17,407
17,16
19,303
17,558
17,23
17,625
7,392
14,340
33,4
17,216
33,365
3,209
6,515
17,56
17,437
17,562
17,234
33,120
8,546
33,627
8,351
17,495
17,371
17,529
8,344
10,395
17,439
17,145
17,149
6,277
7,519
7,482
7,161
15,300
28,366
17,110
17,584
17,606
17,187
17,350
21,294
14,308
7,53
7,347
18,283
16,43
26,213
32,607
17,360
17,173
19,223
17,465
17,45
17,585
17,413
17,536
14,218
6,158
17,321
17,200
14,621
7,569
17,81
19,224
28,111
19,66
21,493
17,114
30,46
17,178
33,212
21,113
28,487
10,469
17,89
14,115
29,13
20,135
17,333
33,8
17,500
17,597
14,97
17,555
17,228
17,592
17,44
17,280
17,622
12,603
17,5
1,259
33,570
8,57
10,619
7,22
26,17
17,510
21,3
17,561
26,69
19,324
7,260
8,553
12,383
17,281
17,291
17,82
7,26
7,479
3,602
21,342
33,315
7,85
8,363
17,236
20,30
6,498
29,29
17,225
17,524
17,313
6,468
10,573
34,198
19,626
17,444
17,580
17,238
19,335
17,533
17,289
13,176
17,586
7,245
17,591
7,249
17,471
17,599
1,168
1,620
7,33
17,528
17,282
8,401
7,192
17,269
22,35
17,51
33,2
9,298
14,136
10,214
17,385
15,560
12,359
7,292
17,615
11,484
7,550
28,257
8,480
17,429
19,556
9,92
6,425
17,117
7,409
17,322
16,554
17,472
7,450
17,445
7,514
33,325
10,263
16,217
21,527
16,68
17,604
17,440
14,14
17,160
17,104
17,587
17,577
17,456
17,108
17,631
33,448
17,629
22,618
19,301
17,581
17,39
17,497
14,58
7,364
17,397
14,163
1,424
17,458
7,339
10,382
17,150
7,361
17,31
7,457
17,540
14,582
29,567
4,172
14,490
8,434
1,83
17,253
8,346
14,415
14,129
17,511
19,52
1,594
1,167
17,202
14,34
7,137
1,605
17,231
13,127
17,600
17,537
18,410
22,544
17,288
19,116
12,305
14,183
23,215
7,595
17,338
12,156
19,508
19,157
7,21
14,118
14,461
6,67
17,75
14,624
17,24
17,428
17,199
17,208
17,206
30,502
15,28
19,261
14,74
17,278
17,19
19,247
17,394
17,90
10,20
17,473
13,9
17,489
6,275
17,37
14,226
17,357
17,6
33,229
17,266
7,248
17,86
19,504
30,105
17,571
33,242
17,112
14,417
19,311
17,299
12,254
17,274
33,535
7,181
6,464
15,211
1,71
17,370
17,393
7,513
17,408
17,389
7,486
4,334
29,287
6,239
31,427
7,184
1,285
17,319
14,63
17,566
30,387
30,551
17,542
17,270
17,447
8,531
17,314
7,265
17,185
6,119
17,134
17,549
30,380
29,295
17,258
17,162
1,193
34,250
7,286
7,430
7,93
14,572
8,222
17,95
17,377
17,271
6,155
17,412
17,264
17,272
17,462
8,557
10,159
3,131
14,312
17,80
17,32
6,290
7,390
19,579
6,306
19,375
1,608
33,388
13,496
8,146
17,107
17,399
7,207
17,518
1,70
15,96
19,101
14,559
19,128
8,141
17,177
14,221
14,262
17,609
28,474
17,267
10,483
20,543
6,188
17,354
1,491
7,1
25,268
10,189
17,326
17,416
14,598
17,197
17,73
33,235
19,125
17,203
7,435
17,227
7,494
14,61
7,91
7,355
29,304
7,530
17,545
8,421
17,526
17,132
29,432
15,588
16,139
17,610
19,523
27,438
7,171
10,481
17,419
7,166
10,384
17,317
7,62
17,175
17,60
10,232
33,630
10,343
17,454
17,418
28,449
12,164
17,186
7,138
17,520
34,201
17,331
33,72
7,143
6,403
17,255
17,576
17,237
10,517
33,36
17,273
19,356
26,616
14,323
17,15
33,374
29,485
17,601
17,613
1,414
17,362
17,318
14,522
23,455
17,329
17,297
6,506
26,512
17,400
17,59
7,477
17,345
23,501
17,568
7,152
14,195
17,376
1,147
14,276
17,42
7,373
33,87
17,628
7,293
17,534
19,525
17,611
17,552
10,405
17,590
6,182
18,436
10,441
14,443
1,503
6,433
17,398
17,368
17,55
17,459
17,233
6,103
14,617
17,124
17,538
5,153
7,499
21,205
17,180
7,194
17,50
6,341
7,54
17,381
10,423
7,243
17,548
17,174
17,246
7,7
12,358
17,133
17,123
10,144
14,367
17,191
17,391
10,48
17,505
17,332
33,488
12,121
11,386
17,320
7,170
17,252
29,589
8,256
12,378
17,470
12,244
10,402
17,251
17,352
17,169
17,230
19,632
17,369
21,41
17,140
17,612
17,327
33,241
17,516
32,49
15,122
17,563
6,541
17,492
17,316
14,302
19,411
17,11
24,442
33,623
7,575
17,109
33,219
19,614
17,204
17,100
17,179
30,38
17,460
17,25
17,466
17,309
7,47
1,10
10,578
17,633
17,40
17,379
17,453
17,142
17,77
17,565
7,27
17,353
17,451
7,154
17,148
17,420
17,328
17,106
17,467
17,349
19,240
22,426
7,547
10,583
3,307
7,337
33,348
17,284
7,98
10,336
17,330
17,94
17,396
17,446
17,190
33,64
16,102
17,18
17,126
17,463
6,478
17,76
7,130
17,431
2,404
33,574
