25,564
79,532
79,151
79,452
79,372
60,475
39,422
79,539
61,476
127,88
132,593
79,210
79,507
78,78
29,596
79,65
79,509
118,220
61,99
61,165
71,279
79,84
79,196
67,310
128,406
79,521
126,296
83,12
79,79
79,407
77,16
90,303
79,558
80,23
79,625
24,392
61,340
129,4
76,216
137,365
7,209
12,515
79,56
79,437
79,562
79,234
127,120
35,546
133,627
37,351
79,495
77,371
79,529
37,344
46,395
79,439
79,145
76,149
21,277
26,519
25,482
26,161
64,300
116,366
79,110
79,584
70,606
78,187
79,350
100,294
58,308
22,53
25,347
84,283
67,43
114,213
125,607
79,360
79,173
90,223
79,465
79,45
77,585
79,413
79,536
60,218
14,158
79,321
79,200
61,621
25,569
79,81
89,224
117,111
89,66
101,493
79,114
123,46
79,178
129,212
97,113
116,487
46,469
76,89
60,115
120,13
95,135
76,333
131,8
79,500
79,597
60,97
79,555
79,228
79,592
73,44
79,280
72,622
53,603
79,5
3,259
133,570
32,57
42,619
25,22
111,17
80,510
98,3
77,561
113,69
91,324
26,260
32,553
54,383
79,281
79,291
80,82
27,26
26,479
6,602
99,342
135,315
22,85
32,363
79,236
95,30
13,498
120,29
79,225
77,524
79,313
17,468
43,573
139,198
87,626
82,444
71,580
79,238
91,335
78,533
79,289
57,176
76,586
27,245
79,591
26,249
80,471
79,599
1,168
3,620
26,33
77,528
79,282
38,401
26,192
79,269
104,35
79,51
129,2
41,298
58,136
45,214
73,385
65,560
53,359
27,292
79,615
48,484
25,550
117,257
34,480
79,429
89,556
40,92
13,425
79,117
25,409
79,322
66,554
79,472
22,450
80,445
25,514
129,325
47,263
69,217
100,527
68,68
79,604
79,440
58,14
79,160
79,104
79,587
74,577
79,456
79,108
79,631
130,448
79,629
103,618
89,301
79,581
79,39
79,497
61,58
25,364
79,397
60,163
2,424
80,458
26,339
46,382
79,150
25,361
79,31
23,457
79,540
63,582
119,567
9,172
60,490
36,434
3,83
79,253
39,346
61,415
60,129
79,511
89,52
1,594
3,167
77,202
62,34
22,137
3,605
79,231
56,127
79,600
79,537
83,410
102,544
79,288
88,116
53,305
60,183
105,215
25,595
79,338
51,156
89,508
91,157
28,21
62,118
61,461
13,67
79,75
61,624
79,24
79,428
79,199
79,208
79,206
123,502
65,28
89,261
59,74
81,278
79,19
90,247
79,394
79,90
45,20
79,473
56,9
79,489
18,275
79,37
60,226
79,357
76,6
134,229
79,266
25,248
73,86
86,504
122,105
79,571
128,242
79,112
60,417
91,311
79,299
52,254
79,274
133,535
26,181
19,464
65,211
3,71
79,370
79,393
28,513
79,408
79,389
25,486
10,334
120,287
18,239
124,427
22,184
3,285
79,319
59,63
79,566
123,387
122,551
75,542
76,270
79,447
37,531
79,314
27,265
79,185
15,119
77,134
79,549
122,380
119,295
79,258
79,162
1,193
138,250
25,286
25,430
28,93
61,572
39,222
79,95
79,377
77,271
19,155
79,412
76,264
79,272
79,462
33,557
46,159
8,131
58,312
79,80
79,32
12,290
29,390
85,579
13,306
89,375
3,608
135,388
56,496
37,146
76,107
79,399
26,207
79,518
3,70
64,96
93,101
59,559
90,128
34,141
79,177
58,221
61,262
79,609
117,474
76,267
45,483
96,543
20,188
79,354
1,491
22,1
109,268
45,189
79,326
79,416
58,598
79,197
80,73
134,235
87,125
79,203
31,435
77,227
25,494
60,61
27,91
26,355
120,304
25,530
79,545
36,421
76,526
79,132
119,432
65,588
66,139
79,610
89,523
115,438
26,171
45,481
77,419
25,166
45,384
79,317
26,62
79,175
78,60
45,232
132,630
45,343
79,454
79,418
117,449
50,164
76,186
27,138
79,520
138,201
79,331
135,72
27,143
18,403
76,255
77,576
76,237
46,517
128,36
70,273
91,356
110,616
58,323
79,15
128,374
121,485
79,601
79,613
3,414
79,362
79,318
61,522
106,455
79,329
79,297
21,506
112,512
79,400
79,59
26,477
79,345
107,501
79,568
30,152
59,195
79,376
3,147
61,276
77,42
25,373
133,87
79,628
25,293
79,534
94,525
76,611
79,552
44,405
79,590
15,182
83,436
45,441
60,443
3,503
20,433
79,398
82,368
79,55
79,459
77,233
20,103
58,617
79,124
79,538
11,153
24,499
100,205
79,180
22,194
79,50
19,341
26,54
79,381
45,423
25,243
78,548
79,174
79,246
25,7
50,358
79,133
79,123
45,144
58,367
79,191
80,391
42,48
79,505
77,332
133,488
51,121
49,386
80,320
25,170
79,252
119,589
36,256
55,378
79,470
51,244
45,402
79,251
79,352
79,169
79,230
91,632
79,369
97,41
79,140
79,612
79,327
133,241
79,516
125,49
64,122
77,563
16,541
79,492
79,316
60,302
89,411
79,11
108,442
131,623
22,575
76,109
136,219
92,614
79,204
76,100
77,179
122,38
79,460
79,25
79,466
76,309
26,47
3,10
45,578
79,633
79,40
79,379
77,453
74,142
79,77
79,565
25,27
79,353
80,451
31,154
79,148
79,420
78,328
80,106
79,467
79,349
93,240
102,426
26,547
45,583
5,307
31,337
130,348
79,284
28,98
42,336
76,330
79,94
79,396
79,446
79,190
131,64
67,102
79,18
79,126
79,463
14,478
76,76
26,130
76,431
4,404
136,574
