4,876
21,323
4,808
4,836
4,109
4,992
4,40
10,214
4,320
4,216
13,554
4,32
4,434
4,68
4,447
4,117
4,957
4,664
13,645
4,1032
4,427
4,668
4,340
13,888
4,505
4,342
14,170
4,360
4,330
4,891
4,287
4,1063
13,278
4,970
4,913
4,682
4,972
4,654
4,243
4,419
4,266
4,141
4,739
4,828
1,319
4,380
4,501
4,916
4,293
4,908
13,968
4,364
13,1076
4,658
4,730
4,47
4,306
11,571
4,722
4,296
4,871
4,446
14,387
4,77
8,963
4,366
4,1056
4,1089
4,173
4,971
4,846
4,678
4,897
9,816
4,1017
13,939
4,308
18,561
1,921
4,202
4,748
4,17
4,583
4,70
4,404
4,529
4,1009
4,852
4,787
4,1000
4,414
13,85
4,494
13,98
13,814
4,585
4,378
4,185
4,488
10,254
9,316
4,261
4,1012
4,149
10,745
5,262
4,524
13,268
4,270
4,448
13,339
13,207
4,646
11,450
4,934
9,178
4,684
4,399
9,28
4,99
13,917
4,246
13,784
4,1027
10,406
4,424
4,652
13,482
10,914
4,1030
4,826
4,827
4,245
4,12
4,299
4,562
4,423
4,283
13,203
4,525
4,769
4,979
4,647
4,159
13,783
4,998
4,679
10,29
4,721
4,73
4,560
4,800
2,744
4,749
4,142
4,81
4,1052
4,1072
4,703
13,490
10,620
4,631
13,1037
4,956
4,1008
4,1071
4,162
4,210
4,523
4,305
4,38
4,499
4,535
4,55
4,1069
15,747
4,1088
4,1082
4,929
4,1
9,742
4,23
4,536
4,579
4,187
4,297
4,750
4,39
4,157
4,215
4,115
4,756
4,665
4,978
13,983
4,773
4,75
9,1059
4,697
4,41
4,303
4,568
4,1002
4,941
4,660
4,731
4,107
4,417
10,875
4,186
4,1084
13,1020
4,411
4,812
4,223
4,97
4,96
10,442
9,588
4,355
4,151
14,251
4,344
4,405
3,902
4,1014
10,623
4,946
9,779
4,233
13,926
4,767
4,5
13,509
4,774
4,889
4,644
4,72
4,666
4,880
4,272
4,648
4,489
4,843
4,612
4,1004
8,782
10,291
4,179
4,589
4,503
4,1053
4,729
4,34
4,943
4,763
4,858
4,363
13,346
4,250
4,418
4,596
4,952
4,977
13,496
4,553
4,847
4,1054
4,211
4,694
4,59
4,240
9,1041
4,985
4,361
4,960
4,260
4,539
4,771
13,1085
13,50
4,1083
4,918
13,996
4,518
4,1077
4,415
13,236
13,298
4,1060
4,574
4,691
4,903
13,274
4,362
4,436
4,840
4,878
4,777
4,801
4,522
4,60
4,237
13,313
4,1003
4,1013
4,899
4,639
4,217
12,877
4,630
4,1044
4,166
4,923
4,1023
4,391
4,822
13,607
4,35
4,208
4,549
9,760
4,988
14,622
13,656
6,605
4,942
13,147
4,230
4,636
4,540
4,425
4,56
13,629
13,3
4,235
4,172
14,1022
4,348
4,124
4,311
4,904
22,420
4,354
4,794
4,394
8,527
4,781
16,189
4,200
4,825
4,1016
10,174
4,820
4,659
4,728
8,716
4,22
4,228
4,866
4,441
4,993
4,920
4,21
4,66
4,86
13,445
4,437
4,621
4,7
13,10
13,528
4,573
13,375
4,786
4,359
4,37
4,755
4,707
4,110
4,388
13,500
4,864
4,184
4,837
4,1078
4,671
4,403
4,127
13,557
4,947
4,146
14,845
4,422
13,241
4,392
4,197
13,862
4,52
4,674
4,628
4,282
4,102
4,62
4,351
4,155
4,949
4,807
13,958
13,1058
4,961
4,13
13,604
4,440
4,932
4,276
4,14
4,477
4,704
4,705
4,582
4,861
4,317
4,772
4,255
4,472
4,651
16,26
4,758
14,898
4,713
4,617
22,580
4,257
13,504
4,712
4,42
4,400
4,759
4,113
4,865
4,643
2,1048
1,4
4,633
4,594
4,87
4,754
4,873
4,80
4,20
13,206
4,1051
4,134
4,765
4,641
8,271
4,36
4,802
4,275
4,82
13,57
4,132
4,842
4,397
13,806
21,133
4,692
4,429
4,137
14,1074
4,1086
4,193
4,256
4,793
4,44
4,726
9,269
4,369
4,156
1,483
4,699
4,451
4,401
10,188
4,833
13,104
4,1031
4,1034
4,15
13,969
4,461
13,279
4,819
14,408
4,46
13,890
3,689
4,796
4,667
4,103
4,199
4,736
4,811
4,154
13,650
4,285
13,201
4,995
9,999
8,592
4,329
4,460
13,635
4,695
4,204
4,986
4,120
4,1042
13,884
4,601
4,1040
4,723
4,164
4,332
4,126
4,881
4,412
4,473
4,67
4,1036
4,224
4,158
4,517
4,761
4,407
9,521
4,43
4,426
4,476
4,140
13,590
9,1018
4,513
13,295
13,277
4,855
1,718
4,711
1,242
4,373
4,183
4,1001
4,900
13,1062
4,776
4,365
13,938
13,829
4,680
4,544
4,1047
14,474
4,627
8,331
13,785
4,69
4,421
8,396
12,676
4,973
9,31
4,226
4,1025
13,859
8,470
4,131
13,49
4,1055
4,386
4,459
4,300
4,135
4,177
4,449
4,1024
13,152
4,834
4,653
4,18
13,465
4,530
4,167
4,602
13,901
4,818
13,951
4,854
13,61
4,844
4,301
4,502
4,657
4,850
4,714
4,191
4,823
4,286
4,531
4,683
13,911
4,267
4,584
4,624
3,143
4,6
4,516
2,130
22,290
4,486
4,194
4,609
4,661
4,606
4,88
9,333
4,839
4,315
4,464
4,577
4,376
4,886
4,48
4,54
4,706
4,688
4,431
13,1073
4,479
4,389
4,841
1,738
4,1079
4,940
4,492
4,598
4,118
4,321
1,377
4,309
4,350
4,1068
4,439
4,907
9,463
4,122
4,1091
4,987
4,232
4,709
4,640
9,64
24,144
4,637
4,9
4,790
4,997
4,252
9,982
4,84
4,817
13,244
13,93
4,370
13,1007
4,25
4,532
4,89
4,337
4,150
13,169
4,953
4,213
4,402
10,734
14,249
4,469
4,264
4,670
13,879
4,165
4,919
4,741
4,821
4,458
13,263
4,564
4,632
4,1065
4,71
13,698
13,906
4,368
4,16
4,533
4,954
4,805
13,352
4,455
9,857
4,307
4,292
4,341
4,556
10,693
4,1080
13,475
4,327
13,345
1,519
4,168
4,944
4,379
13,534
4,180
4,593
4,551
4,192
4,930
4,182
4,515
13,634
4,356
4,136
4,870
4,1029
13,138
4,586
4,238
4,384
4,567
4,358
13,1081
4,964
4,1061
14,336
4,454
4,753
4,922
4,967
4,541
13,432
4,239
4,896
4,190
4,727
8,616
4,810
4,603
4,253
4,860
20,1064
4,740
13,456
4,438
4,804
4,614
4,314
4,608
13,526
4,872
4,538
4,768
4,416
14,312
4,1006
4,937
14,205
4,220
1,733
4,484
4,851
4,687
4,547
4,735
4,613
4,1015
4,468
13,258
4,795
4,945
9,453
4,887
4,30
4,1045
4,302
13,1066
14,966
14,381
4,989
4,480
4,791
1,975
4,788
4,1057
4,766
4,974
4,935
13,83
4,751
4,221
4,625
20,175
4,955
13,610
4,581
4,962
4,677
4,552
4,171
4,507
4,91
4,874
13,90
4,700
4,600
4,383
4,385
4,883
13,832
14,725
4,196
4,512
4,225
7,615
4,498
4,1087
16,106
4,618
4,443
4,153
4,720
4,649
4,481
4,642
4,444
4,780
13,45
10,548
4,550
4,803
4,79
13,893
4,326
4,835
23,322
4,710
4,885
4,662
4,273
4,537
4,101
13,543
4,1043
4,116
4,669
17,572
13,905
13,910
4,119
4,219
4,655
4,198
4,74
4,981
4,792
4,229
4,1021
4,626
4,948
4,478
13,976
4,181
4,927
9,510
4,1039
4,247
4,569
4,357
4,925
4,1035
13,347
1,1050
13,65
13,565
4,757
4,511
4,457
4,576
4,797
4,1067
4,611
4,936
4,395
9,33
4,334
4,869
4,520
13,145
9,546
4,195
10,950
4,294
4,325
13,892
4,163
4,752
4,743
4,435
4,491
4,789
4,770
4,578
18,984
8,558
4,1049
9,824
14,559
4,493
4,696
13,545
4,318
23,863
4,599
4,281
13,108
4,288
4,830
4,915
4,690
4,815
4,719
4,335
4,595
4,265
4,304
4,280
9,737
4,514
13,160
4,587
4,95
4,231
4,76
4,717
4,367
4,390
4,139
13,111
4,1070
4,809
4,234
4,1019
4,497
13,1028
4,413
4,980
4,597
4,965
4,764
4,638
4,121
4,701
4,1010
4,1033
9,1011
4,673
4,681
4,92
13,487
9,732
4,53
4,555
13,112
4,508
4,848
4,374
4,398
4,566
19,542
13,382
4,991
4,410
13,452
4,284
4,1038
4,51
4,591
4,909
4,724
4,371
4,24
4,868
4,575
18,128
4,931
4,409
4,372
4,1075
13,506
13,1026
4,466
4,895
4,994
4,11
4,94
4,882
4,259
13,672
4,123
9,853
4,328
4,289
4,959
4,19
13,894
4,708
13,212
4,675
4,702
4,462
4,798
13,686
4,27
8,338
4,63
4,746
13,324
8,775
4,778
4,495
4,831
9,430
4,928
4,799
10,393
4,471
4,222
13,563
8,310
4,570
4,176
4,227
4,1046
4,161
4,8
4,100
4,849
4,125
4,912
4,685
4,209
4,129
4,105
4,1090
4,248
13,485
4,218
4,715
13,148
4,353
4,114
4,58
4,349
13,838
4,428
4,867
4,467
4,2
4,762
4,813
4,78
4,1005
4,924
4,990
4,619
3,343
4,433
4,933
10,856
4,663
