74,661
113,1045
76,845
74,943
77,19
85,1007
85,529
85,582
74,245
77,70
47,959
74,917
74,381
36,130
74,220
81,325
77,58
76,212
74,672
81,1051
90,568
74,564
74,1015
68,781
21,1108
76,924
77,448
31,969
74,125
74,1047
77,870
76,332
74,466
74,188
74,1091
74,541
77,153
67,983
80,1113
88,300
74,236
85,352
74,1072
77,532
67,309
74,454
40,645
77,1012
74,1080
74,504
36,1020
77,668
85,389
93,1023
85,221
88,839
74,627
74,98
50,974
74,1096
74,78
76,988
74,259
80,430
32,1018
93,322
85,402
74,772
49,403
74,800
74,74
76,633
74,339
74,1021
74,589
74,906
31,386
74,497
43,1062
74,357
77,767
74,301
67,795
71,796
74,651
74,283
74,306
74,976
76,435
77,416
76,30
74,656
76,975
74,88
74,86
76,1119
85,1041
74,918
76,330
123,686
74,13
76,869
74,955
20,683
74,610
74,216
77,35
19,342
74,262
71,292
77,714
74,272
74,496
76,937
8,565
61,63
10,289
74,328
74,827
77,1057
16,482
74,298
68,499
82,1010
74,29
74,821
81,23
100,36
77,360
74,436
85,569
3,535
74,468
76,741
81,903
77,785
76,296
74,788
64,794
74,982
106,546
80,234
74,539
76,780
74,495
74,590
74,119
74,464
74,542
60,742
74,1087
31,92
74,249
12,673
74,510
74,773
74,106
74,462
74,792
74,1016
77,992
85,160
74,347
24,629
76,1089
85,175
76,443
74,545
77,614
76,145
63,1000
57,952
74,609
74,786
74,358
87,71
76,485
74,494
76,1048
15,769
74,1100
74,604
74,12
85,928
61,498
74,1026
110,933
74,846
59,862
100,797
74,755
2,1044
74,174
74,970
74,782
67,690
76,385
77,812
74,240
6,947
98,225
74,849
59,1076
74,15
74,178
48,193
85,893
74,637
74,1111
26,916
76,689
74,1092
77,371
74,362
85,183
74,603
105,704
106,994
89,995
74,156
74,413
31,359
5,1046
76,543
74,914
59,688
76,68
74,202
71,151
74,138
52,528
74,660
76,133
74,577
77,61
74,675
36,287
36,428
77,1093
74,367
76,980
38,263
74,483
76,380
74,516
124,920
58,1013
85,155
74,885
74,343
76,575
85,22
76,76
74,479
76,843
74,401
81,815
74,404
74,874
77,438
75,653
74,168
74,314
76,808
77,87
74,484
74,440
77,1058
74,967
74,291
71,824
74,9
77,270
76,126
74,787
74,1053
111,60
74,771
85,101
85,320
76,214
77,33
74,470
77,676
74,418
13,818
74,853
77,157
74,1099
74,275
74,267
74,269
74,763
76,195
48,973
74,143
76,80
74,105
76,912
74,444
74,866
22,857
59,647
77,930
67,606
74,682
74,476
15,1088
74,747
74,73
74,75
74,186
93,599
74,285
75,445
74,702
98,311
74,957
77,159
74,748
76,667
74,394
76,613
77,960
74,290
77,829
74,113
74,327
74,602
74,149
20,209
74,353
13,46
76,399
89,945
68,527
76,181
76,396
74,801
40,958
74,208
74,366
74,764
76,446
80,759
76,941
74,997
85,1107
85,749
127,931
76,856
74,392
74,57
58,254
68,579
96,987
74,316
74,687
74,774
74,148
58,266
74,82
80,826
85,895
6,956
74,118
74,85
74,1008
77,41
77,894
74,662
36,789
76,880
92,4
67,1005
11,459
42,256
103,433
77,944
74,642
74,835
76,882
77,517
51,524
74,329
74,566
11,228
85,1106
74,1033
74,730
76,907
74,1098
7,1042
74,761
80,754
74,909
77,913
74,109
74,95
76,410
74,368
74,243
74,50
74,205
74,737
74,1090
74,232
5,278
76,34
74,929
74,1024
69,776
74,507
76,442
76,49
74,140
80,146
74,555
76,318
76,341
29,790
86,513
6,204
77,1049
74,258
85,573
77,805
74,708
74,695
74,457
76,199
36,103
74,94
85,972
74,692
74,891
59,836
74,405
45,522
74,182
77,191
74,585
74,873
74,425
74,276
74,584
85,757
74,230
55,1073
85,576
77,592
85,398
85,848
74,158
77,750
76,1068
74,634
76,1
74,552
103,850
77,758
74,1071
77,966
74,43
85,250
74,406
116,1035
74,112
40,649
74,307
36,493
81,173
36,429
115,1036
81,293
74,503
80,1067
103,703
74,491
77,833
109,1003
74,624
74,390
74,147
74,407
110,163
81,310
11,411
76,768
44,312
74,1040
76,122
74,194
74,694
74,544
74,593
74,538
74,261
74,315
107,550
110,1104
81,431
74,623
74,685
77,852
85,570
74,858
76,896
66,281
74,1056
80,953
76,233
74,678
85,170
21,583
74,571
74,134
77,321
81,939
76,144
54,299
74,99
77,334
74,1011
76,990
76,834
74,709
74,458
74,863
76,657
31,652
74,699
81,727
5,346
74,777
76,536
114,72
75,211
74,631
68,872
74,382
74,530
74,420
73,297
74,3
74,1081
91,842
17,1050
28,556
76,62
77,102
74,253
21,1074
60,337
74,1054
76,400
31,520
32,492
76,559
81,344
36,179
36,197
57,596
74,419
74,89
74,923
80,712
74,901
74,255
76,641
76,323
78,489
74,594
76,294
74,828
74,91
74,373
36,823
74,414
23,525
81,227
74,26
76,167
74,1009
74,696
77,241
1,526
58,717
74,224
74,137
64,165
74,932
73,1022
76,902
67,391
76,716
96,93
82,244
74,274
77,911
85,251
74,1029
74,1014
74,640
60,762
74,512
60,618
77,706
74,926
74,807
77,1094
58,900
74,177
74,409
95,456
71,351
76,1027
76,415
81,632
67,574
97,32
89,264
76,617
74,338
71,96
77,18
74,819
80,1061
74,508
13,655
76,114
76,940
74,783
74,427
13,90
105,239
74,934
38,31
65,480
76,1075
76,644
74,847
81,17
77,273
74,288
81,455
74,81
81,950
74,383
41,235
74,611
76,265
74,304
98,48
76,319
74,1082
76,691
38,936
77,825
74,551
74,169
74,369
34,129
51,1102
102,1001
112,659
74,441
74,27
82,809
20,523
16,875
74,505
74,260
77,892
74,282
74,733
18,1052
76,161
13,424
11,586
85,44
74,626
74,461
84,284
76,451
74,52
74,397
74,379
74,136
74,198
77,518
74,5
85,984
73,213
74,925
76,324
109,37
39,120
76,10
99,938
101,725
74,370
74,608
74,107
36,268
76,740
20,600
74,326
76,897
81,674
49,111
76,463
103,810
74,572
57,888
76,110
76,84
45,229
85,616
36,625
81,271
67,775
83,728
96,1097
77,765
36,64
76,417
70,395
40,820
74,1070
100,567
21,760
77,628
100,39
13,1069
125,1085
74,954
104,142
64,477
77,905
74,746
74,1039
67,948
28,965
89,363
80,511
74,345
74,968
74,908
74,998
94,743
58,38
36,722
74,305
74,375
8,595
74,45
74,620
74,83
80,196
74,1083
76,123
74,540
74,779
70,355
89,336
74,24
74,412
74,591
81,832
74,961
74,139
74,739
74,981
72,831
74,844
76,639
5,509
68,877
74,710
74,851
74,841
76,648
31,581
74,487
74,257
74,560
74,1095
74,899
74,919
40,472
74,135
31,20
74,646
74,643
74,502
74,127
38,533
49,1112
74,817
74,721
88,989
120,876
52,619
74,1101
61,1028
76,986
74,475
77,770
77,951
42,16
74,979
81,519
48,813
74,840
85,669
81,124
74,598
76,860
80,723
74,185
4,806
76,889
74,1006
77,116
74,171
74,868
76,303
74,189
13,437
64,946
64,226
74,203
76,607
74,554
74,605
126,150
84,354
74,752
82,588
81,890
76,612
74,985
64,361
74,247
74,563
77,172
74,715
74,1004
74,962
81,1055
76,348
74,279
3,166
24,252
74,162
74,364
76,450
19,7
82,184
85,55
74,514
76,719
36,861
31,8
74,426
38,816
62,131
74,6
74,878
110,280
76,452
74,349
74,248
77,1002
81,207
81,1066
85,991
45,693
74,465
21,453
74,97
103,506
100,681
74,42
122,1019
36,388
79,434
61,601
58,949
74,67
77,215
74,447
74,1043
74,53
76,422
77,1109
121,838
81,684
76,176
76,335
76,219
74,766
21,745
80,622
74,21
74,1037
80,802
74,40
25,56
76,1059
74,231
74,804
74,1110
33,384
74,664
74,521
74,449
81,547
74,374
119,964
14,460
76,713
74,478
77,883
76,378
18,738
74,1060
74,190
74,734
74,731
76,884
74,128
77,701
13,665
77,654
74,1084
77,1103
76,317
76,201
74,724
35,597
74,356
74,621
74,700
59,313
74,54
80,66
85,751
77,615
81,996
74,141
76,218
80,1030
74,1063
74,1025
74,636
74,217
74,500
74,1038
64,187
56,486
118,871
103,501
80,277
74,697
74,481
80,666
74,2
74,474
46,537
74,864
74,473
74,237
74,14
74,1114
30,720
36,1079
81,705
74,1077
64,978
74,578
74,753
77,471
58,51
81,562
74,372
74,432
81,238
76,887
85,561
74,726
37,993
74,798
74,867
106,242
74,1032
80,638
5,658
74,698
77,791
85,729
74,47
56,340
74,469
61,650
74,942
74,663
76,206
74,1116
76,295
74,814
74,1065
76,1078
74,11
74,439
22,718
74,879
85,971
74,711
74,799
76,69
74,59
74,490
105,79
74,811
76,377
81,803
76,921
106,898
31,886
38,1117
74,467
6,963
74,100
74,736
88,246
108,837
80,350
74,408
74,999
74,534
85,1064
74,778
74,223
74,200
74,1034
74,423
74,365
76,393
74,756
77,115
74,1086
76,117
85,679
76,935
74,630
74,830
88,635
104,286
76,735
74,333
106,680
5,387
48,376
85,488
74,154
74,854
80,132
80,822
74,192
74,587
74,922
76,553
77,881
74,515
36,732
47,904
36,1115
74,25
76,104
77,707
68,670
98,331
80,1017
9,302
74,108
74,859
74,677
74,927
74,580
74,671
74,121
76,548
81,180
74,308
70,152
74,28
74,784
74,1031
81,865
77,557
98,531
76,793
27,77
74,222
74,65
74,558
84,915
53,910
74,1118
81,210
74,164
36,855
21,1105
48,744
117,549
25,421
74,977
