48,13
79,442
43,83
24,295
6,248
54,271
43,92
126,108
106,202
42,63
43,249
42,117
43,504
43,393
43,561
19,321
43,499
43,211
43,156
43,115
43,490
41,180
120,178
176,472
166,562
11,522
54,198
47,389
43,199
42,443
118,146
78,96
43,39
43,125
171,18
30,151
181,290
43,330
43,87
43,33
56,148
53,200
33,195
43,101
155,19
43,560
42,59
176,300
126,568
43,56
43,571
124,564
43,325
54,419
43,15
43,139
48,501
41,174
43,299
47,261
42,528
43,536
43,401
87,279
43,44
54,276
43,143
43,489
43,109
36,418
64,291
26,349
145,386
43,40
42,530
101,238
54,46
43,545
43,467
29,245
117,404
43,244
43,378
43,29
43,67
8,252
43,274
43,574
43,89
122,516
90,293
43,327
42,283
43,533
87,119
43,370
186,458
43,68
54,88
174,465
43,285
43,227
87,331
54,50
172,7
76,237
84,557
43,303
43,317
54,449
53,144
34,339
128,188
43,537
43,413
53,3
43,230
140,166
43,394
154,155
176,20
78,372
43,240
160,366
43,203
38,583
54,513
39,11
177,487
177,258
43,269
70,579
63,322
136,414
54,53
183,152
129,556
176,255
43,131
107,243
31,420
41,368
43,221
43,428
172,553
43,316
169,491
43,278
137,65
34,286
43,55
43,233
43,78
21,215
43,205
43,254
193,409
73,532
133,494
80,69
42,51
143,448
68,423
42,266
45,512
43,567
171,481
30,171
42,326
54,460
43,34
152,228
85,466
43,391
156,430
177,94
177,196
43,14
1,62
43,367
177,85
86,114
2,190
5,297
22,566
54,197
43,492
43,546
53,432
43,17
179,505
164,98
132,153
134,441
43,488
43,426
43,82
43,123
43,523
43,559
157,102
43,577
43,425
104,187
43,485
24,270
42,439
87,495
54,581
190,400
43,476
88,586
165,582
46,515
43,79
13,507
36,236
43,584
16,585
40,410
43,306
91,218
54,304
53,38
88,264
158,578
43,496
43,21
80,74
43,379
41,84
86,315
43,344
135,207
54,61
43,360
43,161
43,540
54,555
43,334
163,453
171,93
43,470
43,422
43,259
37,329
26,445
43,30
43,12
53,47
74,10
43,455
123,575
43,169
43,75
54,164
97,484
43,345
42,314
25,347
43,301
18,373
71,446
43,380
165,570
43,362
54,313
45,294
43,355
43,337
43,231
95,58
20,142
43,440
75,22
43,563
100,569
43,526
43,268
185,165
120,376
65,214
43,28
86,60
43,552
43,424
54,220
177,408
191,57
43,1
43,310
54,309
43,308
41,551
43,403
178,333
43,128
164,451
43,377
43,381
42,421
3,77
43,27
43,209
17,6
43,104
16,371
48,170
48,311
48,267
54,127
71,292
44,256
42,474
43,412
43,186
43,235
138,54
151,398
61,239
43,547
43,99
3,110
96,572
43,287
43,340
43,66
72,223
42,135
43,396
43,41
164,116
39,411
42,438
62,111
111,189
41,541
21,224
43,250
54,42
177,415
162,479
58,549
42,454
42,168
29,36
42,358
137,80
43,346
139,141
173,539
192,406
35,511
187,43
41,217
36,356
168,70
30,246
141,126
42,353
148,529
44,112
161,150
188,343
12,500
43,508
43,335
43,133
102,71
43,282
54,417
43,473
42,320
180,247
167,514
46,72
50,431
43,427
43,405
42,4
50,206
103,260
10,390
9,16
108,273
43,338
119,154
142,185
43,464
19,395
43,475
150,163
43,263
43,312
67,328
55,251
15,158
54,275
178,132
43,565
43,219
159,307
49,305
43,262
28,32
31,122
144,2
48,229
43,160
43,502
53,558
54,573
43,456
43,106
52,26
95,383
60,365
43,216
43,517
43,503
51,397
42,384
43,86
40,534
43,5
43,184
27,435
43,302
147,554
43,323
27,183
43,179
177,64
180,542
4,208
112,103
177,95
53,548
43,225
41,212
43,461
43,91
43,182
175,284
42,232
42,173
148,107
43,531
43,222
149,521
50,518
113,416
42,272
57,324
42,257
77,277
98,525
43,76
183,369
43,480
89,457
115,204
162,382
23,520
43,49
43,8
43,497
172,543
146,527
42,52
121,253
43,23
59,281
54,471
66,90
43,509
153,538
184,137
52,113
99,159
43,193
194,194
110,348
42,149
43,134
109,234
43,318
43,462
43,506
43,580
43,436
43,336
158,452
43,31
43,81
43,387
125,140
189,9
43,385
62,483
43,486
82,350
14,130
43,177
43,341
114,576
43,433
62,129
131,288
144,524
32,181
43,176
43,437
26,399
43,296
43,588
14,544
94,191
170,121
105,48
93,138
43,24
43,434
177,374
100,37
45,535
127,100
43,550
35,444
43,136
92,459
43,478
43,468
7,105
182,145
43,351
43,167
130,35
31,242
42,147
53,357
87,519
125,280
178,298
43,192
43,332
54,342
87,463
52,241
174,363
49,124
40,375
43,25
3,265
42,213
43,226
43,493
81,402
43,201
43,175
43,45
43,120
41,172
43,319
69,477
43,354
43,97
43,364
41,407
44,510
43,73
54,429
83,469
43,447
42,361
177,450
43,392
43,359
43,118
116,388
43,162
43,352
43,289
43,157
43,210
43,498
195,482
178,587
