8,307
8,518
8,190
5,422
5,622
2,230
8,494
5,7
5,371
8,500
8,749
7,497
8,534
8,711
13,19
8,717
5,635
5,627
8,742
8,713
5,203
5,463
8,583
8,747
8,323
8,496
8,723
5,690
8,661
11,670
5,70
5,701
14,639
8,358
5,283
12,399
11,510
13,158
8,609
5,150
8,710
11,391
5,737
5,550
3,188
8,453
8,472
8,567
12,738
13,236
13,529
2,434
8,14
8,593
8,699
8,278
8,235
8,71
8,25
8,605
8,382
13,630
5,46
8,473
14,435
8,603
5,644
8,604
16,172
8,152
8,201
8,153
8,720
8,340
5,741
2,269
2,731
8,298
2,488
3,41
8,378
2,458
2,480
13,743
8,705
5,255
5,576
10,229
5,479
8,396
8,442
8,633
8,383
5,78
8,218
8,548
5,189
8,133
8,261
8,111
13,20
2,267
12,281
8,328
16,678
17,415
5,318
5,142
5,504
8,522
8,681
11,572
5,707
4,259
2,96
8,200
20,3
8,125
13,372
5,695
8,613
2,220
8,694
13,162
8,573
8,72
8,512
8,539
13,73
8,407
13,433
17,179
8,379
16,507
8,698
8,598
3,532
5,315
8,360
8,525
8,338
8,735
15,725
3,226
15,728
2,100
8,553
5,543
13,93
8,74
8,257
8,658
8,537
8,34
12,57
3,493
8,653
8,334
8,126
5,85
5,621
8,600
8,240
8,570
8,198
5,224
8,171
5,417
8,623
8,157
8,136
8,186
9,64
8,716
8,719
8,536
2,364
13,652
8,599
2,47
5,205
8,317
8,183
5,81
5,116
8,509
8,195
8,250
8,165
8,571
3,246
11,151
12,335
13,175
8,498
3,313
3,555
8,620
13,578
8,169
8,24
8,1
8,395
13,61
8,732
8,637
13,446
5,692
13,666
11,629
8,277
8,309
11,23
8,714
5,540
13,523
5,592
8,292
13,381
8,746
13,147
7,703
18,141
8,270
2,615
8,306
5,607
8,297
8,182
8,359
5,410
5,176
5,726
8,202
8,95
8,736
8,228
17,118
5,343
8,730
5,58
8,414
5,471
5,60
13,709
8,486
2,443
3,683
5,11
8,424
13,211
8,291
8,485
1,533
8,404
13,242
8,515
5,680
8,521
5,272
8,481
5,159
8,589
5,568
8,167
2,140
8,110
5,559
8,403
8,342
5,16
8,501
3,139
13,206
13,426
2,405
8,503
8,341
8,27
12,212
8,331
13,686
8,684
12,641
13,631
17,252
7,505
12,344
5,355
8,314
8,447
8,495
5,474
3,624
16,357
13,483
8,398
8,712
5,367
12,98
5,706
3,164
3,2
5,54
5,406
8,347
8,619
3,418
8,420
5,490
13,665
5,632
8,451
8,676
8,352
16,366
8,163
8,370
5,59
13,580
11,237
2,325
8,350
5,502
8,362
2,664
8,90
8,544
2,660
13,26
8,663
5,380
16,327
8,170
8,584
5,130
5,449
8,91
8,421
8,587
8,55
8,389
8,135
8,174
4,154
5,66
8,121
5,265
13,104
8,253
5,48
8,638
12,640
5,279
8,588
5,552
8,92
8,214
8,53
8,39
5,642
8,662
13,187
8,263
5,724
8,601
8,400
13,636
5,466
8,99
8,234
8,13
13,68
5,430
3,439
11,339
11,123
8,393
8,748
8,290
8,56
8,693
8,10
3,29
14,597
5,128
5,127
2,222
8,287
13,12
8,647
3,477
8,594
5,476
8,289
8,354
5,258
8,557
8,394
8,560
5,241
2,35
8,262
8,348
8,148
8,563
8,89
5,590
13,301
8,160
5,94
3,138
5,454
8,530
8,319
9,346
8,546
8,361
14,516
8,271
8,535
8,332
12,239
8,168
13,67
8,437
16,541
5,5
12,387
8,369
5,464
4,657
8,634
8,31
8,113
5,86
5,628
2,750
8,436
3,310
11,667
8,18
8,4
2,669
1,120
8,293
8,161
3,232
8,491
5,654
8,411
13,668
8,616
5,729
5,562
2,462
11,305
8,374
16,208
5,484
12,231
5,595
8,511
5,655
3,227
8,260
13,8
5,97
13,9
13,401
8,547
8,460
8,107
8,21
16,166
5,538
5,554
5,184
8,181
8,564
8,468
3,40
8,185
5,478
8,75
8,87
12,304
8,63
3,397
8,649
5,43
13,428
8,431
8,606
8,336
8,408
8,519
8,574
16,520
8,233
8,22
8,673
8,312
8,109
8,217
2,581
8,386
3,413
8,243
8,733
5,659
8,365
2,215
2,517
8,558
5,687
5,17
8,689
5,299
5,596
8,356
8,455
8,28
2,648
8,44
3,744
13,249
13,108
8,450
5,244
13,324
8,677
8,682
8,650
5,337
8,264
8,268
5,700
8,561
8,674
5,32
13,351
8,651
8,345
13,432
5,114
5,551
8,173
13,416
8,672
4,88
8,444
8,115
5,77
8,82
11,225
5,177
5,514
8,266
5,52
5,276
5,611
5,625
5,79
2,102
3,438
8,180
8,326
12,708
8,524
8,402
8,83
8,645
5,146
11,456
8,565
13,513
8,685
11,76
8,329
5,585
11,6
8,506
8,122
2,388
15,322
8,247
8,445
8,254
5,608
3,375
8,465
8,392
5,591
5,303
5,197
8,308
8,45
8,80
8,508
8,727
13,294
8,702
8,721
8,273
5,137
8,489
3,302
8,144
17,191
2,196
13,482
8,643
13,448
8,566
5,618
13,715
3,384
8,412
8,440
8,156
8,526
8,248
8,722
2,691
13,531
8,452
5,492
8,349
8,363
8,675
8,119
8,368
5,124
8,740
8,274
8,62
8,390
8,612
8,542
8,275
8,216
3,256
8,219
2,549
13,149
5,688
5,577
5,285
5,131
6,425
8,204
8,626
5,528
5,84
11,469
5,51
8,753
5,209
8,296
8,50
8,221
8,245
8,646
8,545
8,671
5,614
5,320
5,467
8,282
13,101
9,194
5,199
5,602
13,207
8,409
5,178
8,129
12,251
8,617
8,527
5,373
8,330
8,38
2,15
8,470
5,311
13,704
5,739
8,49
13,679
8,745
8,103
8,353
8,193
14,288
16,429
8,423
8,300
5,284
8,36
3,487
8,280
13,461
8,569
8,155
8,112
2,718
8,579
8,734
8,37
8,192
8,457
8,210
3,656
8,556
8,376
11,321
8,441
8,42
3,582
3,575
8,30
8,213
8,377
8,33
3,65
8,385
5,419
8,696
8,69
8,333
5,105
11,316
8,475
8,295
8,499
8,697
12,134
13,459
8,427
8,586
8,145
5,143
12,751
8,238
8,610
8,106
8,132
5,286
15,223
19,752
13,117
