10,307
10,518
10,190
7,422
7,622
2,230
10,494
7,7
7,371
10,500
10,749
9,497
10,534
10,711
19,19
10,717
7,635
7,627
10,742
10,713
7,203
7,463
10,583
10,747
10,323
10,496
10,723
7,690
10,661
14,670
7,70
7,701
21,639
10,358
7,283
16,399
15,510
19,158
10,609
7,150
10,710
15,391
7,737
7,550
4,188
10,453
10,472
10,567
17,738
20,236
20,529
2,434
10,14
10,593
10,699
10,278
10,235
10,71
10,25
10,605
10,382
20,630
7,46
10,473
21,435
10,603
7,644
10,604
25,172
10,152
10,201
10,153
10,720
10,340
7,741
2,269
2,731
10,298
2,488
4,41
10,378
2,458
2,480
20,743
10,705
7,255
7,576
13,229
7,479
10,396
10,442
10,633
10,383
7,78
10,218
10,548
7,189
10,133
10,261
10,111
20,20
2,267
17,281
10,328
25,678
26,415
7,318
7,142
7,504
10,522
10,681
15,572
7,707
6,259
2,96
10,200
29,3
10,125
20,372
7,695
10,613
3,220
10,694
20,162
10,573
10,72
11,512
10,539
19,73
10,407
20,433
26,179
10,379
24,507
10,698
10,598
4,532
7,315
10,360
10,525
10,338
10,735
22,725
4,226
22,728
2,100
10,553
7,543
20,93
10,74
10,257
10,658
10,537
10,34
18,57
4,493
10,653
10,334
10,126
7,85
7,621
10,600
10,240
10,570
10,198
7,224
10,171
7,417
10,623
10,157
10,136
10,186
12,64
10,716
10,719
10,536
2,364
19,652
10,599
2,47
7,205
10,317
10,183
7,81
7,116
10,509
10,195
10,250
10,165
10,571
4,246
15,151
17,335
19,175
10,498
4,313
4,555
10,620
19,578
10,169
10,24
10,1
10,395
20,61
10,732
10,637
19,446
7,692
20,666
15,629
10,277
10,309
14,23
10,714
7,540
20,523
7,592
10,292
20,381
10,746
20,147
9,703
27,141
10,270
2,615
10,306
7,607
10,297
10,182
10,359
7,410
7,176
7,726
10,202
10,95
10,736
10,228
26,118
7,343
10,730
7,58
10,414
7,471
7,60
20,709
10,486
3,443
5,683
7,11
10,424
19,211
10,291
10,485
1,533
10,404
20,242
10,515
7,680
10,521
7,272
10,481
7,159
10,589
7,568
10,167
2,140
10,110
7,559
10,403
10,342
7,16
10,501
4,139
20,206
20,426
2,405
10,503
10,341
10,27
18,212
10,331
20,686
10,684
17,641
20,631
26,252
9,505
17,344
7,355
10,314
10,447
10,495
7,474
4,624
25,357
20,483
10,398
10,712
7,367
17,98
7,706
4,164
4,2
7,54
7,406
10,347
10,619
4,418
10,420
7,490
19,665
7,632
10,451
10,676
10,352
25,366
10,163
10,370
7,59
20,580
15,237
3,325
10,350
7,502
10,362
2,664
10,90
10,544
2,660
19,26
10,663
7,380
25,327
10,170
10,584
7,130
7,449
10,91
10,421
10,587
10,55
10,389
10,135
10,174
6,154
7,66
10,121
7,265
20,104
10,253
7,48
10,638
17,640
7,279
10,588
7,552
10,92
10,214
10,53
10,39
7,642
10,662
20,187
10,263
7,724
10,601
10,400
20,636
7,466
10,99
10,234
10,13
19,68
7,430
4,439
15,339
14,123
10,393
10,748
10,290
10,56
10,693
10,10
4,29
21,597
7,128
7,127
3,222
10,287
20,12
10,647
4,477
10,594
7,476
10,289
10,354
7,258
10,557
10,394
10,560
7,241
2,35
10,262
10,348
10,148
10,563
10,89
7,590
19,301
10,160
7,94
4,138
7,454
10,530
10,319
12,346
10,546
10,361
21,516
10,271
10,535
10,332
17,239
10,168
20,67
10,437
24,541
7,5
17,387
10,369
7,464
6,657
10,634
10,31
10,113
7,86
7,628
2,750
10,436
4,310
15,667
10,18
10,4
2,669
1,120
10,293
10,161
4,232
10,491
7,654
10,411
20,668
10,616
7,729
7,562
2,462
15,305
10,374
24,208
7,484
18,231
7,595
10,511
7,655
4,227
10,260
20,8
7,97
20,9
19,401
10,547
10,460
10,107
10,21
25,166
7,538
7,554
7,184
10,181
10,564
10,468
4,40
10,185
7,478
10,75
10,87
16,304
10,63
4,397
10,649
7,43
20,428
10,431
10,606
10,336
10,408
10,519
10,574
25,520
10,233
10,22
10,673
10,312
10,109
10,217
3,581
10,386
4,413
10,243
10,733
7,659
10,365
2,215
2,517
10,558
7,687
7,17
10,689
7,299
7,596
10,356
10,455
10,28
2,648
10,44
5,744
19,249
20,108
10,450
7,244
20,324
10,677
10,682
10,650
7,337
10,264
10,268
7,700
10,561
10,674
7,32
20,351
10,651
10,345
20,432
7,114
7,551
10,173
20,416
10,672
6,88
10,444
10,115
7,77
10,82
15,225
7,177
7,514
10,266
7,52
7,276
7,611
7,625
7,79
2,102
4,438
10,180
10,326
18,708
10,524
10,402
10,83
10,645
7,146
15,456
10,565
20,513
10,685
15,76
10,329
7,585
15,6
10,506
10,122
2,388
22,322
10,247
10,445
10,254
7,608
4,375
10,465
10,392
7,591
7,303
7,197
10,308
10,45
10,80
10,508
10,727
19,294
10,702
10,721
10,273
7,137
10,489
4,302
10,144
26,191
2,196
20,482
10,643
20,448
10,566
7,618
19,715
4,384
10,412
10,440
10,156
10,526
10,248
10,722
2,691
20,531
10,452
7,492
10,349
10,363
10,675
10,119
10,368
7,124
10,740
10,274
10,62
10,390
10,612
10,542
10,275
10,216
4,256
10,219
2,549
20,149
7,688
7,577
7,285
7,131
8,425
10,204
10,626
7,528
7,84
15,469
7,51
10,753
7,209
10,296
10,50
10,221
10,245
10,646
10,545
10,671
7,614
7,320
7,467
10,282
20,101
12,194
7,199
7,602
20,207
10,409
7,178
10,129
17,251
10,617
10,527
7,373
10,330
10,38
2,15
10,470
7,311
20,704
7,739
10,49
20,679
10,745
10,103
10,353
10,193
21,288
25,429
10,423
10,300
7,284
10,36
4,487
10,280
19,461
10,569
10,155
10,112
2,718
10,579
10,734
10,37
10,192
10,457
10,210
4,656
10,556
10,376
15,321
10,441
10,42
4,582
5,575
10,30
10,213
10,377
10,33
4,65
10,385
7,419
10,696
10,69
10,333
7,105
15,316
10,475
10,295
10,499
10,697
17,134
20,459
10,427
10,586
10,145
7,143
17,751
10,238
10,610
10,106
10,132
7,286
23,223
28,752
20,117
