30,661
45,1045
30,845
30,943
30,19
32,1007
32,529
32,582
30,245
30,70
24,959
30,917
30,381
20,130
30,220
30,325
30,58
30,212
30,672
30,1051
35,568
30,564
30,1015
30,781
11,1108
30,924
30,448
17,969
30,125
30,1047
30,870
30,332
30,466
30,188
30,1091
30,541
30,153
30,983
30,1113
34,300
30,236
32,352
30,1072
30,532
30,309
30,454
22,645
30,1012
30,1080
30,504
20,1020
30,668
32,389
38,1023
32,221
34,839
30,627
30,98
25,974
30,1096
30,78
30,988
30,259
30,430
17,1018
38,322
32,402
30,772
25,403
30,800
30,74
30,633
30,339
30,1021
30,589
30,906
17,386
30,497
23,1062
30,357
30,767
30,301
30,795
30,796
30,651
30,283
30,306
30,976
30,435
30,416
30,30
30,656
30,975
30,88
30,86
30,1119
32,1041
30,918
30,330
53,686
30,13
30,869
30,955
11,683
30,610
30,216
30,35
10,342
30,262
30,292
30,714
30,272
30,496
30,937
3,565
29,63
4,289
30,328
30,827
30,1057
9,482
30,298
30,499
30,1010
30,29
30,821
30,23
41,36
30,360
30,436
32,569
2,535
30,468
30,741
30,903
30,785
30,296
30,788
30,794
30,982
43,546
30,234
30,539
30,780
30,495
30,590
30,119
30,464
30,542
28,742
30,1087
17,92
30,249
5,673
30,510
30,773
30,106
30,462
30,792
30,1016
30,992
32,160
30,347
14,629
30,1089
32,175
30,443
30,545
30,614
30,145
29,1000
28,952
30,609
30,786
30,358
33,71
30,485
30,494
30,1048
8,769
30,1100
30,604
30,12
32,928
29,498
30,1026
45,933
30,846
28,862
41,797
30,755
1,1044
30,174
30,970
30,782
30,690
30,385
30,812
30,240
3,947
40,225
30,849
28,1076
30,15
30,178
24,193
32,893
30,637
30,1111
14,916
30,689
30,1092
30,371
30,362
32,183
30,603
43,704
43,994
35,995
30,156
30,413
17,359
3,1046
30,543
30,914
28,688
30,68
30,202
30,151
30,138
26,528
30,660
30,133
30,577
30,61
30,675
20,287
20,428
30,1093
30,367
30,980
21,263
30,483
30,380
30,516
54,920
28,1013
32,155
30,885
30,343
30,575
32,22
30,76
30,479
30,843
30,401
30,815
30,404
30,874
30,438
30,653
30,168
30,314
30,808
30,87
30,484
30,440
30,1058
30,967
30,291
30,824
30,9
30,270
30,126
30,787
30,1053
45,60
30,771
32,101
32,320
30,214
30,33
30,470
30,676
30,418
6,818
30,853
30,157
30,1099
30,275
30,267
30,269
30,763
30,195
24,973
30,143
30,80
30,105
30,912
30,444
30,866
12,857
28,647
30,930
30,606
30,682
30,476
8,1088
30,747
30,73
30,75
30,186
38,599
30,285
30,445
30,702
40,311
30,957
30,159
30,748
30,667
30,394
30,613
30,960
30,290
30,829
30,113
30,327
30,602
30,149
11,209
30,353
6,46
30,399
35,945
30,527
30,181
30,396
30,801
22,958
30,208
30,366
30,764
30,446
30,759
30,941
30,997
32,1107
32,749
56,931
30,856
30,392
30,57
28,254
30,579
40,987
30,316
30,687
30,774
30,148
28,266
30,82
30,826
32,895
3,956
30,118
30,85
30,1008
30,41
30,894
30,662
20,789
30,880
37,4
30,1005
5,459
23,256
42,433
30,944
30,642
30,835
30,882
30,517
26,524
30,329
30,566
5,228
32,1106
30,1033
30,730
30,907
30,1098
3,1042
30,761
30,754
30,909
30,913
30,109
30,95
30,410
30,368
30,243
30,50
30,205
30,737
30,1090
30,232
3,278
30,34
30,929
30,1024
30,776
30,507
30,442
30,49
30,140
30,146
30,555
30,318
30,341
16,790
32,513
3,204
30,1049
30,258
32,573
30,805
30,708
30,695
30,457
30,199
20,103
30,94
32,972
30,692
30,891
28,836
30,405
24,522
30,182
30,191
30,585
30,873
30,425
30,276
30,584
32,757
30,230
27,1073
32,576
30,592
32,398
32,848
30,158
30,750
30,1068
30,634
30,1
30,552
42,850
30,758
30,1071
30,966
30,43
32,250
30,406
47,1035
30,112
22,649
30,307
20,493
30,173
20,429
46,1036
30,293
30,503
30,1067
42,703
30,491
30,833
45,1003
30,624
30,390
30,147
30,407
45,163
30,310
5,411
30,768
23,312
30,1040
30,122
30,194
30,694
30,544
30,593
30,538
30,261
30,315
43,550
45,1104
30,431
30,623
30,685
30,852
32,570
30,858
30,896
30,281
30,1056
30,953
30,233
30,678
32,170
11,583
30,571
30,134
30,321
30,939
30,144
26,299
30,99
30,334
30,1011
30,990
30,834
30,709
30,458
30,863
30,657
17,652
30,699
30,727
3,346
30,777
30,536
46,72
30,211
30,631
30,872
30,382
30,530
30,420
30,297
30,3
30,1081
36,842
9,1050
16,556
30,62
30,102
30,253
11,1074
28,337
30,1054
30,400
17,520
17,492
30,559
30,344
20,179
20,197
28,596
30,419
30,89
30,923
30,712
30,901
30,255
30,641
30,323
30,489
30,594
30,294
30,828
30,91
30,373
20,823
30,414
13,525
30,227
30,26
30,167
30,1009
30,696
30,241
1,526
28,717
30,224
30,137
30,165
30,932
30,1022
30,902
30,391
30,716
40,93
30,244
30,274
30,911
32,251
30,1029
30,1014
30,640
28,762
30,512
28,618
30,706
30,926
30,807
30,1094
28,900
30,177
30,409
39,456
30,351
30,1027
30,415
30,632
30,574
40,32
35,264
30,617
30,338
30,96
30,18
30,819
30,1061
30,508
6,655
30,114
30,940
30,783
30,427
6,90
43,239
30,934
21,31
30,480
30,1075
30,644
30,847
30,17
30,273
30,288
30,455
30,81
30,950
30,383
22,235
30,611
30,265
30,304
40,48
30,319
30,1082
30,691
21,936
30,825
30,551
30,169
30,369
19,129
26,1102
41,1001
45,659
30,441
30,27
30,809
11,523
9,875
30,505
30,260
30,892
30,282
30,733
10,1052
30,161
6,424
5,586
32,44
30,626
30,461
32,284
30,451
30,52
30,397
30,379
30,136
30,198
30,518
30,5
32,984
30,213
30,925
30,324
45,37
21,120
30,10
40,938
41,725
30,370
30,608
30,107
20,268
30,740
11,600
30,326
30,897
30,674
25,111
30,463
42,810
30,572
28,888
30,110
30,84
24,229
32,616
20,625
30,271
30,775
31,728
40,1097
30,765
20,64
30,417
30,395
22,820
30,1070
41,567
11,760
30,628
41,39
6,1069
54,1085
30,954
42,142
30,477
30,905
30,746
30,1039
30,948
16,965
35,363
30,511
30,345
30,968
30,908
30,998
38,743
28,38
20,722
30,305
30,375
3,595
30,45
30,620
30,83
30,196
30,1083
30,123
30,540
30,779
30,355
35,336
30,24
30,412
30,591
30,832
30,961
30,139
30,739
30,981
30,831
30,844
30,639
3,509
30,877
30,710
30,851
30,841
30,648
17,581
30,487
30,257
30,560
30,1095
30,899
30,919
22,472
30,135
17,20
30,646
30,643
30,502
30,127
21,533
25,1112
30,817
30,721
34,989
50,876
26,619
30,1101
29,1028
30,986
30,475
30,770
30,951
23,16
30,979
30,519
24,813
30,840
32,669
30,124
30,598
30,860
30,723
30,185
2,806
30,889
30,1006
30,116
30,171
30,868
30,303
30,189
6,437
30,946
30,226
30,203
30,607
30,554
30,605
55,150
32,354
30,752
30,588
30,890
30,612
30,985
30,361
30,247
30,563
30,172
30,715
30,1004
30,962
30,1055
30,348
30,279
2,166
14,252
30,162
30,364
30,450
10,7
30,184
32,55
30,514
30,719
20,861
17,8
30,426
21,816
29,131
30,6
30,878
45,280
30,452
30,349
30,248
30,1002
30,207
30,1066
32,991
24,693
30,465
11,453
30,97
42,506
41,681
30,42
52,1019
20,388
30,434
29,601
28,949
30,67
30,215
30,447
30,1043
30,53
30,422
30,1109
51,838
30,684
30,176
30,335
30,219
30,766
11,745
30,622
30,21
30,1037
30,802
30,40
14,56
30,1059
30,231
30,804
30,1110
18,384
30,664
30,521
30,449
30,547
30,374
50,964
7,460
30,713
30,478
30,883
30,378
10,738
30,1060
30,190
30,734
30,731
30,884
30,128
30,701
6,665
30,654
30,1084
30,1103
30,317
30,201
30,724
19,597
30,356
30,621
30,700
28,313
30,54
30,66
32,751
30,615
30,996
30,141
30,218
30,1030
30,1063
30,1025
30,636
30,217
30,500
30,1038
30,187
28,486
49,871
42,501
30,277
30,697
30,481
30,666
30,2
30,474
24,537
30,864
30,473
30,237
30,14
30,1114
16,720
20,1079
30,705
30,1077
30,978
30,578
30,753
30,471
28,51
30,562
30,372
30,432
30,238
30,887
32,561
30,726
20,993
30,798
30,867
43,242
30,1032
30,638
3,658
30,698
30,791
32,729
30,47
28,340
30,469
29,650
30,942
30,663
30,206
30,1116
30,295
30,814
30,1065
30,1078
30,11
30,439
12,718
30,879
32,971
30,711
30,799
30,69
30,59
30,490
43,79
30,811
30,377
30,803
30,921
43,898
17,886
21,1117
30,467
3,963
30,100
30,736
34,246
44,837
30,350
30,408
30,999
30,534
32,1064
30,778
30,223
30,200
30,1034
30,423
30,365
30,393
30,756
30,115
30,1086
30,117
32,679
30,935
30,630
30,830
34,635
42,286
30,735
30,333
43,680
3,387
24,376
32,488
30,154
30,854
30,132
30,822
30,192
30,587
30,922
30,553
30,881
30,515
20,732
24,904
20,1115
30,25
30,104
30,707
30,670
40,331
30,1017
3,302
30,108
30,859
30,677
30,927
30,580
30,671
30,121
30,548
30,180
30,308
30,152
30,28
30,784
30,1031
30,865
30,557
40,531
30,793
15,77
30,222
30,65
30,558
32,915
26,910
30,1118
30,210
30,164
20,855
11,1105
24,744
48,549
14,421
30,977
