28,50
42,293
20,579
25,100
18,701
38,607
26,264
44,587
18,525
30,128
16,688
5,545
42,663
26,99
21,245
27,19
19,294
56,574
26,676
26,185
49,308
26,523
26,632
18,239
26,590
30,123
42,356
57,665
66,389
42,130
29,698
17,555
29,639
26,337
17,442
61,320
62,67
26,338
46,23
47,76
26,168
20,227
19,329
20,105
27,679
17,418
61,692
10,388
22,289
26,54
63,146
42,524
5,491
26,385
26,396
22,612
17,154
26,435
20,155
42,699
26,591
26,458
17,381
10,284
43,296
7,554
26,420
37,61
26,498
26,97
26,374
24,642
42,58
40,156
40,530
26,536
15,118
47,459
10,392
27,478
10,474
26,110
42,626
18,553
67,275
18,589
26,397
20,304
26,288
29,428
25,602
28,34
18,666
18,286
26,497
39,7
26,162
69,229
26,522
26,519
37,283
20,425
48,208
68,176
26,278
18,166
18,684
45,125
17,126
26,266
17,473
18,334
26,22
8,623
18,20
22,363
48,38
26,41
46,343
19,492
29,421
42,69
26,453
17,470
26,14
26,82
18,187
26,219
30,494
26,496
37,371
71,313
46,70
68,234
18,189
42,661
46,465
19,350
19,572
18,355
56,159
17,624
2,391
32,596
29,431
26,615
31,89
44,167
50,71
46,62
19,565
10,113
18,311
26,611
26,315
26,25
68,317
42,307
26,55
34,613
20,647
26,490
51,621
26,346
27,508
26,655
26,95
26,387
19,237
69,297
60,449
16,164
10,506
22,680
10,357
26,232
29,594
27,566
42,87
67,592
18,645
42,520
29,4
23,265
26,700
39,556
26,410
46,322
26,694
53,91
46,436
46,196
19,599
32,486
19,345
25,367
17,401
37,316
18,72
12,178
68,548
20,544
19,443
29,165
46,249
20,80
18,390
26,600
42,648
17,16
42,45
42,353
61,603
17,298
42,511
12,468
18,549
19,636
26,593
29,1
42,261
69,259
46,244
17,92
18,177
20,204
26,220
18,33
26,90
42,183
18,416
26,145
6,121
26,31
67,9
20,618
26,617
42,695
26,448
56,135
8,231
41,86
45,383
28,115
26,217
18,228
39,408
71,5
27,207
17,472
19,106
19,609
3,446
20,24
18,483
46,475
32,558
5,669
28,255
19,675
28,580
20,140
61,378
26,181
25,672
26,269
49,439
17,199
18,291
46,323
57,112
69,399
46,505
18,570
26,93
16,335
10,246
26,84
21,450
58,664
46,429
46,94
26,107
26,463
46,649
26,499
62,405
26,127
26,557
17,274
18,562
16,225
26,153
26,460
10,414
26,424
26,627
28,678
54,268
14,197
49,584
60,57
10,224
26,214
42,481
46,109
26,46
26,142
17,454
50,479
26,309
41,512
26,111
17,605
26,502
24,32
26,641
58,375
36,359
26,210
41,124
25,659
18,422
33,364
33,569
42,373
67,441
42,690
26,601
61,488
17,537
11,348
42,559
26,638
18,411
13,250
26,35
26,314
42,290
58,63
42,689
57,331
26,413
22,417
25,361
26,11
9,292
17,276
46,172
26,404
43,252
22,509
27,169
45,151
26,139
26,660
26,120
46,43
17,527
21,466
16,193
48,195
26,682
17,515
37,260
46,218
25,203
8,251
34,138
22,17
26,640
43,487
17,262
26,254
17,59
37,161
52,696
18,44
6,236
43,542
26,202
42,42
18,471
46,226
26,622
20,577
26,88
26,610
26,102
27,206
26,567
26,3
67,386
42,543
49,528
26,685
26,534
21,504
18,691
61,500
25,56
45,116
11,370
16,49
18,625
13,174
46,437
18,352
42,344
25,551
17,631
12,184
17,398
17,279
33,576
29,620
17,634
26,461
46,438
26,15
26,360
17,464
15,257
17,564
26,144
42,194
40,325
26,415
18,324
46,26
26,10
68,129
64,635
57,147
26,646
25,552
22,160
21,369
18,604
68,469
17,477
26,445
27,319
46,175
35,152
18,546
14,173
18,64
26,81
18,48
42,568
46,79
26,295
17,277
59,303
42,216
42,526
26,462
26,200
18,412
21,485
12,550
18,332
32,403
26,347
19,582
45,670
28,517
34,616
26,447
20,300
18,423
26,77
26,336
18,687
5,697
34,406
26,12
17,476
37,541
17,53
37,595
18,258
42,532
12,529
25,368
19,241
17,114
56,66
26,588
26,379
26,233
56,83
26,158
37,484
26,339
26,73
26,382
18,535
22,230
42,122
17,305
37,563
22,221
18,341
26,575
56,136
26,2
19,597
56,394
28,211
17,674
65,215
43,212
19,533
68,52
14,328
55,677
26,656
25,457
46,209
26,13
26,326
26,501
26,60
12,179
19,333
22,662
4,182
26,238
56,578
4,426
42,27
22,456
42,30
26,547
17,451
39,585
46,409
51,321
5,312
20,242
22,514
27,65
26,380
10,637
42,652
27,619
28,651
11,372
22,614
34,608
26,351
26,75
26,74
25,653
18,427
18,96
17,186
56,247
46,538
18,480
42,482
32,68
26,503
26,650
20,131
10,101
17,376
18,495
62,365
26,198
47,583
26,6
42,693
21,243
20,108
42,354
26,467
18,402
56,148
9,8
37,349
17,561
42,430
51,657
26,539
7,444
26,133
26,281
26,273
26,407
28,191
26,384
5,119
26,192
42,282
46,366
25,419
27,39
17,285
26,673
27,598
34,188
17,452
52,270
26,205
43,306
18,521
20,668
26,223
26,137
26,256
43,358
26,150
14,573
18,40
18,78
43,493
21,507
26,240
20,581
26,681
26,489
22,510
26,531
17,18
73,560
53,141
68,434
22,342
26,28
68,271
21,318
30,340
28,280
43,455
17,163
26,540
19,586
17,310
26,149
61,654
64,190
25,629
34,299
26,606
27,377
18,518
37,667
43,395
43,301
40,267
50,21
26,683
42,362
46,117
70,103
17,400
19,213
26,330
42,263
26,36
18,643
26,47
26,171
49,302
46,37
18,571
9,287
72,51
18,686
46,432
42,157
18,134
26,440
42,201
17,104
26,630
26,516
56,633
19,272
49,170
26,98
22,222
63,658
13,180
26,85
17,393
17,235
22,327
26,644
45,433
25,703
18,513
20,29
13,628
26,671
26,132
25,248
26,143
1,702
64,253
