4,564
9,532
9,151
9,452
9,372
8,475
5,422
9,539
8,476
18,88
18,593
9,210
9,507
9,78
4,596
9,65
9,509
15,220
8,99
8,165
9,279
9,84
9,196
9,310
18,406
9,521
18,296
9,12
9,79
9,407
9,16
10,303
9,558
9,23
9,625
4,392
8,340
18,4
9,216
18,365
1,209
3,515
9,56
9,437
9,562
9,234
18,120
5,546
18,627
5,351
9,495
9,371
9,529
5,344
5,395
9,439
9,145
9,149
3,277
4,519
4,482
4,161
8,300
15,366
9,110
9,584
9,606
9,187
9,350
10,294
8,308
4,53
4,347
9,283
9,43
14,213
18,607
9,360
9,173
10,223
9,465
9,45
9,585
9,413
9,536
8,218
3,158
9,321
9,200
8,621
4,569
9,81
10,224
15,111
10,66
10,493
9,114
16,46
9,178
18,212
10,113
15,487
5,469
9,89
8,115
16,13
10,135
9,333
18,8
9,500
9,597
8,97
9,555
9,228
9,592
9,44
9,280
9,622
7,603
9,5
1,259
18,570
5,57
5,619
4,22
14,17
9,510
10,3
9,561
14,69
10,324
4,260
5,553
7,383
9,281
9,291
9,82
4,26
4,479
1,602
10,342
18,315
4,85
5,363
9,236
10,30
3,498
16,29
9,225
9,524
9,313
3,468
5,573
19,198
10,626
9,444
9,580
9,238
10,335
9,533
9,289
7,176
9,586
4,245
9,591
4,249
9,471
9,599
1,168
1,620
4,33
9,528
9,282
5,401
4,192
9,269
11,35
9,51
18,2
5,298
8,136
5,214
9,385
8,560
7,359
4,292
9,615
6,484
4,550
15,257
5,480
9,429
10,556
5,92
3,425
9,117
4,409
9,322
9,554
9,472
4,450
9,445
4,514
18,325
5,263
9,217
10,527
9,68
9,604
9,440
8,14
9,160
9,104
9,587
9,577
9,456
9,108
9,631
18,448
9,629
11,618
10,301
9,581
9,39
9,497
8,58
4,364
9,397
8,163
1,424
9,458
4,339
5,382
9,150
4,361
9,31
4,457
9,540
8,582
16,567
2,172
8,490
5,434
1,83
9,253
5,346
8,415
8,129
9,511
10,52
1,594
1,167
9,202
8,34
4,137
1,605
9,231
7,127
9,600
9,537
9,410
11,544
9,288
10,116
7,305
8,183
12,215
4,595
9,338
7,156
10,508
10,157
4,21
8,118
8,461
3,67
9,75
8,624
9,24
9,428
9,199
9,208
9,206
16,502
8,28
10,261
8,74
9,278
9,19
10,247
9,394
9,90
5,20
9,473
7,9
9,489
3,275
9,37
8,226
9,357
9,6
18,229
9,266
4,248
9,86
10,504
16,105
9,571
18,242
9,112
8,417
10,311
9,299
7,254
9,274
18,535
4,181
3,464
8,211
1,71
9,370
9,393
4,513
9,408
9,389
4,486
2,334
16,287
3,239
17,427
4,184
1,285
9,319
8,63
9,566
16,387
16,551
9,542
9,270
9,447
5,531
9,314
4,265
9,185
3,119
9,134
9,549
16,380
16,295
9,258
9,162
1,193
19,250
4,286
4,430
4,93
8,572
5,222
9,95
9,377
9,271
3,155
9,412
9,264
9,272
9,462
5,557
5,159
1,131
8,312
9,80
9,32
3,290
4,390
10,579
3,306
10,375
1,608
18,388
7,496
5,146
9,107
9,399
4,207
9,518
1,70
8,96
10,101
8,559
10,128
5,141
9,177
8,221
8,262
9,609
15,474
9,267
5,483
10,543
3,188
9,354
1,491
4,1
13,268
5,189
9,326
9,416
8,598
9,197
9,73
18,235
10,125
9,203
4,435
9,227
4,494
8,61
4,91
4,355
16,304
4,530
9,545
5,421
9,526
9,132
16,432
8,588
9,139
9,610
10,523
14,438
4,171
5,481
9,419
4,166
5,384
9,317
4,62
9,175
9,60
5,232
18,630
5,343
9,454
9,418
15,449
7,164
9,186
4,138
9,520
19,201
9,331
18,72
4,143
3,403
9,255
9,576
9,237
5,517
18,36
9,273
10,356
14,616
8,323
9,15
18,374
16,485
9,601
9,613
1,414
9,362
9,318
8,522
12,455
9,329
9,297
3,506
14,512
9,400
9,59
4,477
9,345
12,501
9,568
4,152
8,195
9,376
1,147
8,276
9,42
4,373
18,87
9,628
4,293
9,534
10,525
9,611
9,552
5,405
9,590
3,182
9,436
5,441
8,443
1,503
3,433
9,398
9,368
9,55
9,459
9,233
3,103
8,617
9,124
9,538
2,153
4,499
10,205
9,180
4,194
9,50
3,341
4,54
9,381
5,423
4,243
9,548
9,174
9,246
4,7
7,358
9,133
9,123
5,144
8,367
9,191
9,391
5,48
9,505
9,332
18,488
7,121
6,386
9,320
4,170
9,252
16,589
5,256
7,378
9,470
7,244
5,402
9,251
9,352
9,169
9,230
10,632
9,369
10,41
9,140
9,612
9,327
18,241
9,516
18,49
8,122
9,563
3,541
9,492
9,316
8,302
10,411
9,11
13,442
18,623
4,575
9,109
18,219
10,614
9,204
9,100
9,179
16,38
9,460
9,25
9,466
9,309
4,47
1,10
5,578
9,633
9,40
9,379
9,453
9,142
9,77
9,565
4,27
9,353
9,451
4,154
9,148
9,420
9,328
9,106
9,467
9,349
10,240
11,426
4,547
5,583
1,307
4,337
18,348
9,284
4,98
5,336
9,330
9,94
9,396
9,446
9,190
18,64
9,102
9,18
9,126
9,463
3,478
9,76
4,130
9,431
1,404
18,574
