4,421
5,411
1,17
1,207
4,476
1,513
4,681
4,700
4,279
4,147
3,149
4,428
1,636
1,327
1,187
4,585
4,440
4,441
4,638
4,60
4,677
4,416
4,240
4,113
4,384
4,132
1,110
1,152
3,604
4,321
1,399
1,610
4,169
4,219
1,594
4,20
4,77
4,5
4,64
4,204
4,400
4,339
1,503
4,167
4,622
1,499
4,362
4,473
4,103
1,527
4,508
1,635
1,666
4,216
1,7
1,612
4,454
1,232
4,260
4,693
1,526
3,497
1,252
4,439
4,262
4,221
4,511
4,16
1,229
4,41
4,280
3,698
4,554
4,128
1,540
4,114
4,494
1,561
4,304
4,154
4,684
4,39
4,600
4,261
1,40
1,184
4,97
1,354
4,423
4,76
1,139
3,21
1,530
1,437
4,597
4,118
4,356
4,290
1,544
1,386
1,65
4,697
4,583
4,688
1,195
3,501
1,200
4,73
4,82
4,611
4,89
3,317
4,571
4,448
4,49
1,133
4,430
4,98
4,276
4,521
3,319
1,447
4,663
4,183
1,263
3,312
3,54
4,71
4,696
4,202
4,690
4,102
4,652
3,628
3,302
4,655
4,538
1,496
4,672
1,461
1,433
4,178
1,123
1,575
4,648
1,584
4,590
4,479
4,617
4,182
4,664
4,609
4,602
4,514
3,436
1,486
4,488
4,190
4,640
4,326
4,413
4,268
4,369
1,676
4,57
4,649
4,593
4,83
4,429
4,485
4,298
4,553
3,425
4,30
4,287
4,160
4,460
4,517
4,644
1,542
3,328
4,373
4,87
4,365
1,558
3,667
4,157
1,408
4,380
4,427
1,42
4,581
4,468
1,464
4,224
4,104
4,596
4,25
4,606
4,38
4,237
4,34
4,492
4,574
1,475
3,36
4,174
1,306
1,407
1,406
1,415
1,142
4,153
4,417
4,375
4,355
4,493
4,599
4,136
1,539
4,342
1,569
4,96
4,310
4,59
4,536
1,598
1,168
4,370
4,226
4,177
4,145
4,463
4,565
1,213
4,686
4,699
4,196
4,389
4,469
1,378
1,311
1,404
1,238
1,10
5,608
4,284
5,336
4,165
1,466
4,297
4,22
4,682
4,452
4,158
4,247
1,673
4,502
4,481
4,434
4,351
4,577
4,591
1,374
4,67
4,545
4,692
4,381
4,19
4,403
1,573
4,172
1,74
1,665
1,507
4,314
4,45
4,119
4,265
4,451
4,296
1,225
1,151
4,193
4,159
1,18
4,490
4,680
4,131
4,201
4,528
1,236
1,579
3,658
4,394
4,632
4,376
4,117
4,689
1,446
4,385
4,519
4,95
4,124
1,391
4,197
3,350
5,641
4,345
4,214
4,148
4,26
1,251
4,582
1,605
4,529
4,161
1,624
4,668
1,661
4,24
1,509
4,555
4,309
4,472
4,218
4,359
4,379
4,215
1,477
4,163
1,230
4,533
1,111
4,150
4,66
1,419
1,33
4,397
4,639
4,601
4,387
4,267
1,551
4,289
3,683
1,675
1,171
3,516
4,199
4,120
1,410
4,643
4,162
4,44
4,239
1,458
1,637
4,694
5,37
1,691
4,409
1,371
1,631
4,115
1,48
1,512
3,303
4,130
4,524
4,343
4,325
4,234
4,198
4,272
4,630
1,398
4,295
4,324
4,233
4,570
1,642
4,462
4,618
4,438
4,68
4,266
1,192
4,8
4,456
4,443
4,84
1,109
4,12
1,51
1,255
4,495
4,47
4,634
4,249
3,179
1,175
4,270
4,90
1,299
4,619
4,253
4,281
4,79
4,483
4,607
4,80
4,23
4,285
4,189
4,383
4,301
1,705
4,203
4,258
4,70
3,701
4,166
1,562
4,505
3,170
4,323
4,335
4,654
4,414
3,316
1,412
4,278
4,651
1,331
4,471
4,329
4,259
4,392
4,254
4,223
1,515
4,678
1,137
4,550
4,620
4,9
4,341
4,81
1,288
4,269
4,623
1,687
4,445
1,340
4,467
2,674
4,420
3,552
4,578
4,372
4,353
4,129
4,390
1,470
4,449
4,277
4,629
4,108
4,333
4,217
4,256
4,176
1,556
4,291
4,231
4,1
1,566
4,588
1,520
4,2
3,248
4,626
1,360
4,679
4,670
1,246
4,308
1,589
4,349
1,346
4,206
4,422
4,426
4,62
4,173
4,11
1,557
4,564
1,671
4,307
4,532
4,135
1,126
4,580
1,535
4,134
4,72
4,368
1,29
4,703
4,294
4,181
4,704
4,186
4,482
4,155
1,112
4,401
5,121
4,106
1,702
1,431
4,534
1,459
4,92
4,127
4,257
4,361
4,334
1,510
3,53
4,337
3,548
3,85
4,78
1,650
4,522
4,480
4,320
1,344
4,322
1,366
4,275
4,621
1,498
1,271
1,4
1,241
4,567
4,563
4,180
4,465
4,242
4,364
4,633
3,367
4,27
1,537
1,487
4,377
4,191
1,292
3,282
4,525
4,50
1,101
1,86
4,61
4,592
4,660
1,559
4,543
4,208
4,143
1,243
4,405
4,474
4,15
3,245
4,695
4,283
4,659
4,613
4,442
1,3
1,116
4,546
5,52
4,250
4,315
1,35
4,627
4,586
1,227
4,393
4,347
4,305
4,156
4,146
4,576
4,185
1,547
4,13
4,332
4,489
4,99
4,657
4,188
4,32
4,164
4,395
1,194
1,14
1,424
1,662
4,435
4,549
4,264
4,58
1,500
4,228
4,274
4,656
1,273
5,138
1,352
4,685
4,141
4,572
4,244
4,220
1,122
4,432
4,348
4,595
4,444
4,63
4,91
4,43
4,330
4,6
4,55
4,402
1,358
1,293
1,614
4,531
4,105
1,93
4,455
4,69
1,31
4,212
4,396
1,140
1,388
4,313
1,560
1,625
4,222
1,209
4,484
4,646
4,450
4,616
4,56
4,615
1,144
5,107
3,28
4,363
4,210
4,645
4,587
4,75
4,647
4,100
5,125
4,418
4,669
4,235
4,541
4,506
1,603
4,491
4,300
4,94
4,88
4,518
4,286
4,382
4,318
4,504
1,46
4,478
4,453
4,338
4,357
4,523
4,568
3,205
3,211
3,653
4,457
