10,876
51,323
10,808
10,836
10,109
10,992
10,40
27,214
10,320
10,216
35,554
10,32
10,434
10,68
10,447
10,117
10,957
10,664
36,645
10,1032
10,427
10,668
10,340
34,888
10,505
10,342
40,170
10,360
10,330
10,891
10,287
10,1063
34,278
10,970
10,913
10,682
10,972
10,654
10,243
10,419
10,266
10,141
10,739
10,828
1,319
10,380
10,501
10,916
10,293
10,908
34,968
10,364
34,1076
10,658
10,730
10,47
10,306
29,571
10,722
10,296
10,871
10,446
40,387
10,77
19,963
10,366
10,1056
10,1089
10,173
10,971
10,846
10,678
10,897
24,816
10,1017
34,939
10,308
47,561
1,921
10,202
10,748
10,17
10,583
10,70
10,404
10,529
10,1009
10,852
10,787
11,1000
9,414
34,85
10,494
35,98
34,814
10,585
10,378
10,185
10,488
27,254
22,316
10,261
10,1012
10,149
27,745
14,262
10,524
34,268
10,270
10,448
34,339
34,207
10,646
30,450
10,934
22,178
10,684
10,399
22,28
10,99
34,917
10,246
35,784
10,1027
27,406
10,424
10,652
34,482
27,914
10,1030
10,826
10,827
10,245
10,12
10,299
10,562
10,423
10,283
34,203
10,525
10,769
10,979
10,647
10,159
34,783
10,998
10,679
26,29
10,721
10,73
10,560
10,800
3,744
10,749
10,142
10,81
10,1052
10,1072
10,703
34,490
27,620
10,631
34,1037
10,956
10,1008
10,1071
10,162
10,210
10,523
10,305
9,38
10,499
10,535
10,55
10,1069
42,747
10,1088
10,1082
10,929
10,1
21,742
10,23
10,536
10,579
10,187
10,297
10,750
10,39
10,157
10,215
10,115
10,756
10,665
10,978
34,983
12,773
10,75
23,1059
10,697
10,41
10,303
10,568
10,1002
10,941
10,660
10,731
10,107
10,417
27,875
10,186
10,1084
36,1020
10,411
10,812
10,223
10,97
10,96
26,442
22,588
10,355
10,151
41,251
10,344
10,405
4,902
10,1014
27,623
10,946
24,779
10,233
34,926
10,767
10,5
34,509
10,774
10,889
10,644
10,72
10,666
10,880
10,272
10,648
10,489
10,843
10,612
10,1004
20,782
26,291
10,179
10,589
10,503
10,1053
10,729
10,34
10,943
10,763
10,858
10,363
35,346
10,250
10,418
10,596
10,952
10,977
34,496
10,553
10,847
10,1054
10,211
10,694
10,59
10,240
22,1041
10,985
10,361
10,960
10,260
10,539
10,771
34,1085
34,50
10,1083
10,918
34,996
10,518
10,1077
10,415
34,236
36,298
10,1060
10,574
10,691
10,903
34,274
10,362
10,436
10,840
10,878
10,777
10,801
10,522
10,60
10,237
34,313
10,1003
10,1013
10,899
10,639
10,217
32,877
10,630
10,1044
10,166
10,923
10,1023
10,391
10,822
34,607
10,35
10,208
10,549
22,760
10,988
40,622
34,656
15,605
10,942
35,147
10,230
10,636
10,540
10,425
10,56
34,629
34,3
10,235
10,172
40,1022
10,348
10,124
10,311
10,904
53,420
10,354
10,794
10,394
20,527
10,781
43,189
10,200
10,825
10,1016
28,174
10,820
10,659
10,728
20,716
10,22
10,228
10,866
10,441
10,993
10,920
10,21
10,66
10,86
34,445
10,437
10,621
10,7
34,10
35,528
10,573
34,375
10,786
10,359
10,37
10,755
10,707
10,110
10,388
34,500
7,864
10,184
7,837
10,1078
10,671
10,403
10,127
34,557
10,947
10,146
41,845
10,422
34,241
10,392
10,197
34,862
10,52
10,674
10,628
10,282
10,102
10,62
10,351
10,155
10,949
10,807
34,958
34,1058
10,961
10,13
34,604
10,440
10,932
10,276
10,14
10,477
10,704
10,705
10,582
10,861
10,317
10,772
10,255
10,472
10,651
44,26
10,758
38,898
10,713
10,617
55,580
10,257
34,504
10,712
10,42
10,400
10,759
10,113
10,865
10,643
3,1048
1,4
10,633
10,594
10,87
10,754
10,873
10,80
10,20
34,206
10,1051
10,134
10,765
10,641
17,271
10,36
10,802
10,275
10,82
37,57
10,132
10,842
10,397
35,806
52,133
10,692
10,429
10,137
41,1074
10,1086
10,193
10,256
10,793
10,44
10,726
24,269
10,369
10,156
1,483
10,699
10,451
10,401
26,188
10,833
34,104
10,1031
10,1034
10,15
34,969
10,461
34,279
10,819
38,408
10,46
34,890
5,689
10,796
10,667
10,103
10,199
10,736
10,811
10,154
35,650
9,285
34,201
10,995
25,999
17,592
13,329
10,460
34,635
10,695
10,204
10,986
10,120
10,1042
34,884
10,601
10,1040
10,723
10,164
10,332
10,126
10,881
10,412
10,473
10,67
10,1036
10,224
10,158
10,517
10,761
10,407
22,521
10,43
10,426
10,476
10,140
34,590
22,1018
10,513
34,295
34,277
10,855
1,718
10,711
1,242
10,373
9,183
10,1001
10,900
34,1062
10,776
10,365
34,938
34,829
10,680
10,544
10,1047
41,474
10,627
19,331
34,785
10,69
10,421
20,396
31,676
10,973
22,31
10,226
10,1025
34,859
18,470
10,131
34,49
10,1055
10,386
9,459
10,300
10,135
10,177
10,449
10,1024
34,152
10,834
10,653
10,18
34,465
10,530
10,167
10,602
34,901
10,818
34,951
10,854
34,61
7,844
10,301
10,502
10,657
10,850
10,714
10,191
10,823
10,286
10,531
10,683
34,911
10,267
10,584
10,624
4,143
10,6
10,516
3,130
54,290
10,486
10,194
10,609
10,661
10,606
10,88
24,333
10,839
10,315
10,464
10,577
10,376
10,886
10,48
10,54
10,706
10,688
10,431
34,1073
10,479
10,389
10,841
1,738
10,1079
10,940
10,492
10,598
10,118
10,321
1,377
10,309
10,350
10,1068
10,439
10,907
22,463
10,122
10,1091
10,987
10,232
10,709
10,640
22,64
58,144
10,637
10,9
10,790
10,997
10,252
22,982
10,84
10,817
35,244
34,93
10,370
33,1007
10,25
9,532
10,89
10,337
10,150
34,169
10,953
10,213
10,402
27,734
40,249
10,469
10,264
10,670
34,879
10,165
10,919
10,741
10,821
10,458
34,263
10,564
10,632
10,1065
7,71
34,698
33,906
10,368
10,16
10,533
10,954
10,805
36,352
10,455
22,857
10,307
10,292
10,341
10,556
26,693
10,1080
34,475
10,327
34,345
1,519
10,168
10,944
10,379
34,534
12,180
10,593
10,551
10,192
10,930
10,182
10,515
34,634
10,356
10,136
10,870
10,1029
34,138
10,586
10,238
10,384
10,567
10,358
34,1081
10,964
10,1061
40,336
10,454
10,753
10,922
10,967
10,541
34,432
10,239
10,896
10,190
10,727
17,616
10,810
10,603
10,253
10,860
50,1064
10,740
34,456
10,438
10,804
10,614
10,314
10,608
34,526
10,872
10,538
10,768
10,416
38,312
10,1006
10,937
38,205
10,220
1,733
10,484
10,851
10,687
10,547
10,735
10,613
10,1015
10,468
34,258
10,795
10,945
24,453
10,887
10,30
10,1045
10,302
34,1066
40,966
41,381
10,989
10,480
10,791
1,975
10,788
10,1057
10,766
10,974
10,935
34,83
10,751
10,221
10,625
50,175
10,955
34,610
10,581
10,962
10,677
10,552
10,171
10,507
10,91
10,874
34,90
10,700
10,600
10,383
10,385
10,883
34,832
38,725
8,196
10,512
10,225
16,615
10,498
10,1087
43,106
10,618
10,443
10,153
10,720
10,649
10,481
10,642
10,444
10,780
34,45
27,548
10,550
10,803
10,79
35,893
10,326
10,835
56,322
10,710
10,885
10,662
10,273
10,537
10,101
34,543
10,1043
10,116
10,669
45,572
34,905
34,910
10,119
10,219
10,655
10,198
9,74
10,981
10,792
10,229
10,1021
10,626
10,948
10,478
35,976
7,181
10,927
22,510
10,1039
10,247
10,569
10,357
10,925
10,1035
34,347
2,1050
36,65
35,565
10,757
10,511
10,457
10,576
10,797
10,1067
10,611
10,936
10,395
22,33
10,334
10,869
10,520
34,145
22,546
10,195
27,950
10,294
10,325
34,892
10,163
10,752
10,743
10,435
10,491
10,789
10,770
10,578
48,984
20,558
10,1049
25,824
39,559
10,493
10,696
34,545
10,318
57,863
10,599
10,281
34,108
10,288
10,830
10,915
10,690
10,815
10,719
10,335
10,595
10,265
10,304
10,280
24,737
10,514
34,160
10,587
10,95
10,231
10,76
10,717
10,367
10,390
10,139
36,111
10,1070
10,809
9,234
10,1019
10,497
34,1028
10,413
10,980
10,597
10,965
10,764
10,638
10,121
10,701
10,1010
10,1033
21,1011
10,673
10,681
10,92
34,487
24,732
10,53
10,555
34,112
10,508
10,848
10,374
10,398
10,566
49,542
34,382
10,991
10,410
35,452
10,284
10,1038
10,51
10,591
10,909
10,724
10,371
10,24
10,868
10,575
46,128
10,931
10,409
10,372
10,1075
34,506
34,1026
10,466
10,895
10,994
10,11
10,94
10,882
10,259
34,672
10,123
24,853
10,328
10,289
10,959
10,19
35,894
10,708
34,212
10,675
10,702
10,462
10,798
34,686
10,27
20,338
10,63
10,746
34,324
20,775
10,778
10,495
10,831
22,430
10,928
10,799
27,393
10,471
10,222
34,563
20,310
10,570
10,176
10,227
10,1046
10,161
10,8
10,100
10,849
10,125
10,912
10,685
10,209
10,129
10,105
10,1090
10,248
34,485
10,218
10,715
34,148
10,353
10,114
10,58
10,349
35,838
10,428
10,867
10,467
10,2
10,762
10,813
10,78
10,1005
10,924
10,990
10,619
6,343
10,433
10,933
26,856
10,663
