3,13
4,442
3,83
3,295
1,248
3,271
3,92
12,108
8,202
3,63
3,249
3,117
3,504
3,393
3,561
3,321
3,499
3,211
3,156
3,115
3,490
3,180
12,178
19,472
19,562
1,522
3,198
3,389
3,199
3,443
11,146
4,96
3,39
3,125
19,18
3,151
19,290
3,330
3,87
3,33
3,148
3,200
3,195
3,101
19,19
3,560
3,59
19,300
12,568
3,56
3,571
12,564
3,325
3,419
3,15
3,139
3,501
3,174
3,299
3,261
3,528
3,536
3,401
5,279
3,44
3,276
3,143
3,489
3,109
3,418
3,291
3,349
18,386
3,40
3,530
7,238
3,46
3,545
3,467
3,245
11,404
3,244
3,378
3,29
3,67
1,252
3,274
3,574
3,89
12,516
5,293
3,327
3,283
3,533
5,119
3,370
20,458
3,68
3,88
19,465
3,285
3,227
5,331
3,50
19,7
4,237
5,557
3,303
3,317
3,449
3,144
3,339
13,188
3,537
3,413
3,3
3,230
16,166
3,394
19,155
19,20
4,372
3,240
19,366
3,203
3,583
3,513
3,11
19,487
19,258
3,269
3,579
3,322
14,414
3,53
19,152
13,556
19,255
3,131
8,243
3,420
3,368
3,221
3,428
19,553
3,316
19,491
3,278
14,65
3,286
3,55
3,233
3,78
3,215
3,205
3,254
22,409
3,532
13,494
4,69
3,51
17,448
3,423
3,266
3,512
3,567
19,481
3,171
3,326
3,460
3,34
19,228
5,466
3,391
19,430
19,94
19,196
3,14
1,62
3,367
19,85
5,114
1,190
1,297
3,566
3,197
3,492
3,546
3,432
3,17
19,505
19,98
13,153
13,441
3,488
3,426
3,82
3,123
3,523
3,559
19,102
3,577
3,425
7,187
3,485
3,270
3,439
5,495
3,581
21,400
3,476
5,586
19,582
3,515
3,79
1,507
3,236
3,584
2,585
3,410
3,306
6,218
3,304
3,38
5,264
19,578
3,496
3,21
4,74
3,379
3,84
5,315
3,344
14,207
3,61
3,360
3,161
3,540
3,555
3,334
19,453
19,93
3,470
3,422
3,259
3,329
3,445
3,30
3,12
3,47
3,10
3,455
12,575
3,169
3,75
3,164
6,484
3,345
3,314
3,347
3,301
2,373
3,446
3,380
19,570
3,362
3,313
3,294
3,355
3,337
3,231
6,58
3,142
3,440
3,22
3,563
7,569
3,526
3,268
19,165
12,376
3,214
3,28
5,60
3,552
3,424
3,220
19,408
22,57
3,1
3,310
3,309
3,308
3,551
3,403
19,333
3,128
19,451
3,377
3,381
3,421
1,77
3,27
3,209
2,6
3,104
2,371
3,170
3,311
3,267
3,127
3,292
3,256
3,474
3,412
3,186
3,235
14,54
19,398
3,239
3,547
3,99
1,110
6,572
3,287
3,340
3,66
3,223
3,135
3,396
3,41
19,116
3,411
3,438
3,111
10,189
3,541
3,224
3,250
3,42
19,415
19,479
3,549
3,454
3,168
3,36
3,358
14,80
3,346
15,141
19,539
22,406
3,511
20,43
3,217
3,356
19,70
3,246
16,126
3,353
18,529
3,112
19,150
20,343
1,500
3,508
3,335
3,133
7,71
3,282
3,417
3,473
3,320
19,247
19,514
3,72
3,431
3,427
3,405
3,4
3,206
7,260
1,390
1,16
8,273
3,338
11,154
16,185
3,464
3,395
3,475
18,163
3,263
3,312
3,328
3,251
1,158
3,275
19,132
3,565
3,219
19,307
3,305
3,262
3,32
3,122
18,2
3,229
3,160
3,502
3,558
3,573
3,456
3,106
3,26
6,383
3,365
3,216
3,517
3,503
3,397
3,384
3,86
3,534
3,5
3,184
3,435
3,302
18,554
3,323
3,183
3,179
19,64
19,542
1,208
10,103
19,95
3,548
3,225
3,212
3,461
3,91
3,182
19,284
3,232
3,173
18,107
3,531
3,222
18,521
3,518
10,416
3,272
3,324
3,257
4,277
7,525
3,76
19,369
3,480
5,457
10,204
19,382
3,520
3,49
3,8
3,497
19,543
18,527
3,52
12,253
3,23
3,281
3,471
3,90
3,509
19,538
19,137
3,113
7,159
3,193
23,194
9,348
3,149
3,134
9,234
3,318
3,462
3,506
3,580
3,436
3,336
19,452
3,31
3,81
3,387
12,140
21,9
3,385
3,483
3,486
4,350
1,130
3,177
3,341
10,576
3,433
3,129
13,288
18,524
3,181
3,176
3,437
3,399
3,296
3,588
1,544
6,191
19,121
7,48
6,138
3,24
3,434
19,374
7,37
3,535
12,100
3,550
3,444
3,136
6,459
3,478
3,468
1,105
19,145
3,351
3,167
13,35
3,242
3,147
3,357
5,519
12,280
19,298
3,192
3,332
3,342
5,463
3,241
19,363
3,124
3,375
3,25
1,265
3,213
3,226
3,493
4,402
3,201
3,175
3,45
3,120
3,172
3,319
3,477
3,354
3,97
3,364
3,407
3,510
3,73
3,429
4,469
3,447
3,361
19,450
3,392
3,359
3,118
10,388
3,162
3,352
3,289
3,157
3,210
3,498
24,482
19,587
