34,421
36,411
6,17
6,207
28,476
6,513
28,681
28,700
26,279
28,147
19,149
28,428
6,636
6,327
6,187
28,585
28,440
28,441
28,638
28,60
28,677
28,416
28,240
28,113
28,384
28,132
6,110
6,152
19,604
28,321
6,399
6,610
28,169
28,219
6,594
28,20
28,77
28,5
28,64
28,204
28,400
28,339
6,503
28,167
28,622
10,499
28,362
28,473
28,103
6,527
28,508
6,635
6,666
28,216
6,7
6,612
28,454
6,232
28,260
28,693
6,526
19,497
6,252
28,439
28,262
28,221
28,511
28,16
6,229
28,41
28,280
19,698
28,554
28,128
4,540
28,114
28,494
6,561
28,304
28,154
26,684
28,39
28,600
28,261
6,40
6,184
28,97
11,354
28,423
28,76
6,139
17,21
6,530
11,437
28,597
28,118
28,356
28,290
6,544
3,386
6,65
28,697
28,583
28,688
6,195
18,501
6,200
22,73
28,82
28,611
28,89
19,317
28,571
28,448
28,49
6,133
28,430
28,98
28,276
28,521
18,319
6,447
28,663
28,183
3,263
19,312
17,54
28,71
26,696
28,202
28,690
28,102
28,652
19,628
19,302
28,655
26,538
6,496
28,672
6,461
6,433
28,178
6,123
6,575
28,648
6,584
28,590
28,479
28,617
28,182
28,664
28,609
28,602
28,514
19,436
6,486
28,488
28,190
28,640
28,326
28,413
28,268
28,369
6,676
28,57
28,649
28,593
28,83
28,429
28,485
28,298
28,553
19,425
28,30
28,287
24,160
28,460
28,517
28,644
6,542
19,328
28,373
28,87
28,365
6,558
19,667
28,157
6,408
28,380
28,427
6,42
28,581
28,468
6,464
28,224
28,104
28,596
28,25
28,606
28,38
28,237
28,34
28,492
28,574
1,475
19,36
28,174
6,306
6,407
5,406
15,415
6,142
28,153
28,417
28,375
28,355
22,493
28,599
28,136
6,539
28,342
6,569
30,96
28,310
28,59
28,536
6,598
6,168
28,370
28,226
21,177
28,145
28,463
28,565
11,213
28,686
28,699
28,196
28,389
28,469
6,378
6,311
6,404
6,238
6,10
39,608
28,284
36,336
28,165
6,466
28,297
28,22
28,682
30,452
28,158
23,247
6,673
28,502
27,481
28,434
28,351
28,577
28,591
6,374
28,67
28,545
28,692
28,381
26,19
28,403
6,573
28,172
6,74
6,665
6,507
28,314
31,45
28,119
28,265
28,451
28,296
6,225
6,151
28,193
28,159
9,18
28,490
26,680
28,131
28,201
21,528
6,236
6,579
19,658
28,394
28,632
28,376
28,117
28,689
11,446
28,385
28,519
28,95
28,124
6,391
28,197
19,350
39,641
28,345
28,214
28,148
28,26
6,251
28,582
6,605
28,529
28,161
9,624
28,668
6,661
28,24
6,509
28,555
28,309
28,472
28,218
28,359
28,379
27,215
6,477
28,163
6,230
22,533
6,111
28,150
28,66
6,419
13,33
28,397
26,639
26,601
28,387
28,267
6,551
28,289
19,683
6,675
6,171
19,516
28,199
28,120
6,410
26,643
28,162
28,44
28,239
12,458
6,637
28,694
36,37
6,691
28,409
5,371
6,631
28,115
6,48
6,512
19,303
28,130
28,524
28,343
26,325
28,234
28,198
28,272
28,630
6,398
28,295
28,324
28,233
28,570
9,642
28,462
28,618
28,438
28,68
28,266
6,192
28,8
31,456
28,443
29,84
6,109
28,12
6,51
6,255
28,495
28,47
28,634
28,249
18,179
6,175
28,270
28,90
6,299
28,619
28,253
28,281
28,79
28,483
28,607
28,80
28,23
28,285
28,189
28,383
28,301
3,705
28,203
26,258
28,70
19,701
28,166
6,562
28,505
19,170
28,323
28,335
28,654
28,414
18,316
6,412
28,278
28,651
6,331
28,471
28,329
28,259
28,392
28,254
28,223
6,515
28,678
6,137
26,550
28,620
28,9
28,341
31,81
6,288
28,269
28,623
10,687
28,445
6,340
28,467
16,674
28,420
17,552
28,578
28,372
28,353
28,129
28,390
6,470
28,449
26,277
28,629
28,108
31,333
28,217
28,256
28,176
6,556
28,291
28,231
28,1
10,566
28,588
6,520
28,2
19,248
28,626
6,360
28,679
28,670
6,246
28,308
6,589
28,349
11,346
28,206
28,422
28,426
28,62
28,173
28,11
6,557
28,564
6,671
28,307
28,532
28,135
9,126
28,580
11,535
28,134
28,72
28,368
6,29
28,703
28,294
28,181
28,704
30,186
28,482
28,155
11,112
28,401
36,121
28,106
6,702
14,431
28,534
6,459
28,92
28,127
28,257
28,361
28,334
6,510
19,53
28,337
20,548
19,85
28,78
6,650
28,522
28,480
28,320
11,344
28,322
6,366
28,275
28,621
6,498
6,271
6,4
6,241
26,567
28,563
26,180
28,465
28,242
28,364
25,633
19,367
28,27
6,537
6,487
28,377
28,191
6,292
19,282
28,525
33,50
6,101
2,86
28,61
28,592
28,660
6,559
28,543
28,208
28,143
6,243
28,405
26,474
28,15
19,245
28,695
28,283
28,659
28,613
28,442
6,3
7,116
35,546
40,52
28,250
28,315
6,35
28,627
28,586
6,227
28,393
28,347
28,305
28,156
28,146
28,576
28,185
11,547
28,13
28,332
28,489
28,99
28,657
28,188
28,32
28,164
28,395
6,194
6,14
6,424
6,662
28,435
28,549
28,264
26,58
6,500
28,228
26,274
28,656
6,273
36,138
6,352
28,685
32,141
28,572
28,244
28,220
6,122
28,432
28,348
28,595
28,444
28,63
28,91
28,43
28,330
28,6
28,55
28,402
7,358
6,293
4,614
28,531
28,105
6,93
28,455
28,69
15,31
28,212
28,396
6,140
6,388
28,313
6,560
6,625
28,222
6,209
28,484
28,646
28,450
28,616
28,56
28,615
8,144
38,107
19,28
28,363
28,210
26,645
28,587
28,75
28,647
30,100
37,125
28,418
28,669
28,235
28,541
28,506
6,603
28,491
26,300
28,94
28,88
28,518
28,286
28,382
28,318
28,504
6,46
28,478
28,453
28,338
28,357
28,523
28,568
18,205
19,211
19,653
28,457
