35,564
141,532
141,151
141,452
141,372
99,475
60,422
141,539
103,476
203,88
212,593
141,210
141,507
136,78
47,596
141,65
141,509
191,220
102,99
103,165
118,279
141,84
141,196
113,310
205,406
141,521
202,296
148,12
141,79
141,407
134,16
157,303
141,558
145,23
141,625
32,392
104,340
208,4
128,216
221,365
8,209
13,515
141,56
141,437
141,562
141,234
203,120
56,546
214,627
58,351
141,495
132,371
141,529
58,344
76,395
141,439
141,145
130,149
25,277
37,519
36,482
39,161
108,300
188,366
141,110
141,584
116,606
137,187
141,350
171,294
93,308
30,53
35,347
149,283
112,43
186,213
201,607
141,360
141,173
157,223
141,465
141,45
135,585
141,413
141,536
100,218
15,158
141,321
141,200
102,621
36,569
141,81
154,224
189,111
155,66
172,493
141,114
199,46
141,178
206,212
167,113
188,487
75,469
129,89
101,115
194,13
165,135
129,333
211,8
141,500
141,597
97,97
141,555
141,228
141,592
121,44
141,280
119,622
87,603
141,5
3,259
214,570
52,57
64,619
35,22
183,17
145,510
168,3
131,561
185,69
160,324
38,260
52,553
88,383
141,281
141,291
145,82
42,26
38,479
7,602
169,342
218,315
30,85
52,363
141,236
165,30
14,498
195,29
141,225
134,524
141,313
18,468
66,573
223,198
152,626
147,444
118,580
141,238
160,335
138,533
141,289
92,176
127,586
41,245
141,591
39,249
145,471
141,599
1,168
3,620
38,33
133,528
141,282
59,401
39,192
141,269
176,35
141,51
207,2
63,298
93,136
72,214
122,385
109,560
87,359
42,292
141,615
79,484
35,550
190,257
55,480
141,429
154,556
62,92
14,425
141,117
35,409
141,322
111,554
141,472
28,450
145,445
35,514
206,325
78,263
115,217
170,527
114,68
141,604
141,440
93,14
141,160
141,104
141,587
124,577
141,456
144,108
141,631
210,448
141,629
175,618
154,301
141,581
141,39
141,497
104,58
36,364
141,397
99,163
2,424
145,458
37,339
75,382
141,150
35,361
141,31
31,457
141,540
107,582
193,567
10,172
97,490
57,434
4,83
141,253
60,346
102,415
99,129
141,511
154,52
1,594
3,167
131,202
106,34
26,137
3,605
141,231
91,127
141,600
141,537
148,410
174,544
143,288
153,116
87,305
99,183
177,215
35,595
141,338
85,156
156,508
160,157
43,21
105,118
104,461
14,67
141,75
102,624
141,24
141,428
141,199
141,208
141,206
199,502
109,28
154,261
95,74
146,278
141,19
158,247
141,394
141,90
73,20
141,473
90,9
141,489
20,275
141,37
98,226
141,357
128,6
216,229
141,266
33,248
120,86
151,504
198,105
141,571
204,242
141,112
96,417
160,311
141,299
86,254
141,274
213,535
39,181
21,464
110,211
3,71
141,370
141,393
45,513
141,408
143,389
35,486
11,334
194,287
19,239
200,427
29,184
3,285
141,319
95,63
141,566
199,387
197,551
125,542
126,270
141,447
58,531
141,314
40,265
141,185
16,119
131,134
141,549
197,380
193,295
141,258
141,162
1,193
222,250
35,286
36,430
43,93
104,572
61,222
141,95
141,377
134,271
21,155
141,412
127,264
141,272
141,462
53,557
76,159
9,131
93,312
141,80
141,32
13,290
46,390
150,579
14,306
156,375
4,608
217,388
90,496
58,146
126,107
141,399
39,207
141,518
3,70
108,96
162,101
95,559
159,128
54,141
141,177
94,221
102,262
141,609
189,474
127,267
68,483
166,543
24,188
141,354
1,491
26,1
181,268
72,189
141,326
141,416
94,598
141,197
145,73
216,235
152,125
141,203
51,435
131,227
35,494
96,61
40,91
39,355
195,304
33,530
141,545
57,421
127,526
141,132
192,432
109,588
111,139
141,610
154,523
187,438
38,171
69,481
133,419
36,166
74,384
141,317
38,62
141,175
136,60
74,232
212,630
71,343
141,454
140,418
189,449
82,164
129,186
40,138
142,520
222,201
141,331
217,72
40,143
19,403
129,255
134,576
126,237
77,517
205,36
117,273
160,356
182,616
93,323
141,15
204,374
196,485
141,601
141,613
4,414
141,362
142,318
103,522
178,455
141,329
141,297
25,506
184,512
141,400
141,59
39,477
141,345
179,501
141,568
48,152
95,195
141,376
3,147
104,276
133,42
35,373
213,87
141,628
36,293
141,534
164,525
128,611
141,552
67,405
141,590
16,182
148,436
70,441
101,443
3,503
23,433
141,398
147,368
141,55
141,459
132,233
23,103
94,617
139,124
141,538
12,153
32,499
170,205
141,180
28,194
141,50
22,341
38,54
141,381
73,423
34,243
137,548
141,174
141,246
33,7
81,358
141,133
141,123
73,144
93,367
141,191
145,391
65,48
141,505
134,332
213,488
83,121
80,386
145,320
33,170
141,252
192,589
57,256
89,378
141,470
84,244
73,402
141,251
141,352
141,169
141,230
160,632
141,369
167,41
141,140
141,612
141,327
215,241
141,516
201,49
108,122
134,563
17,541
141,492
141,316
97,302
154,411
141,11
180,442
211,623
27,575
129,109
220,219
161,614
141,204
128,100
134,179
198,38
141,460
141,25
141,466
129,309
38,47
3,10
72,578
141,633
141,40
141,379
132,453
123,142
141,77
141,565
35,27
141,353
145,451
50,154
141,148
141,420
137,328
145,106
141,467
141,349
163,240
173,426
38,547
73,583
6,307
49,337
209,348
141,284
44,98
64,336
128,330
141,94
141,396
141,446
141,190
211,64
112,102
141,18
141,126
141,463
15,478
129,76
37,130
129,431
5,404
219,574
