12,564
37,532
37,151
37,452
37,372
29,475
19,422
37,539
29,476
63,88
64,593
37,210
37,507
37,78
14,596
37,65
37,509
56,220
29,99
29,165
35,279
37,84
37,196
32,310
63,406
37,521
62,296
40,12
37,79
37,407
37,16
42,303
37,558
38,23
37,625
12,392
29,340
63,4
37,216
66,365
4,209
8,515
37,56
37,437
37,562
37,234
63,120
18,546
64,627
19,351
37,495
37,371
37,529
19,344
21,395
37,439
37,145
37,149
11,277
12,519
12,482
12,161
31,300
55,366
37,110
37,584
35,606
37,187
37,350
46,294
29,308
12,53
12,347
40,283
32,43
53,213
62,607
37,360
37,173
42,223
37,465
37,45
37,585
37,413
37,536
29,218
8,158
37,321
37,200
29,621
12,569
37,81
42,224
55,111
42,66
46,493
37,114
60,46
37,178
63,212
45,113
55,487
21,469
37,89
29,115
58,13
44,135
37,333
64,8
37,500
37,597
29,97
37,555
37,228
37,592
36,44
37,280
35,622
27,603
37,5
1,259
64,570
16,57
21,619
12,22
51,17
38,510
45,3
37,561
53,69
42,324
12,260
16,553
27,383
37,281
37,291
38,82
12,26
12,479
3,602
45,342
65,315
12,85
16,363
37,236
44,30
8,498
58,29
37,225
37,524
37,313
9,468
21,573
67,198
42,626
39,444
35,580
37,238
42,335
37,533
37,289
28,176
37,586
12,245
37,591
12,249
38,471
37,599
1,168
1,620
12,33
37,528
37,282
19,401
12,192
37,269
47,35
37,51
63,2
20,298
29,136
21,214
36,385
31,560
27,359
12,292
37,615
23,484
12,550
55,257
17,480
37,429
42,556
20,92
8,425
37,117
12,409
37,322
32,554
37,472
12,450
38,445
12,514
63,325
22,263
34,217
46,527
33,68
37,604
37,440
29,14
37,160
37,104
37,587
36,577
37,456
37,108
37,631
64,448
37,629
47,618
42,301
37,581
37,39
37,497
29,58
12,364
37,397
29,163
1,424
38,458
12,339
21,382
37,150
12,361
37,31
12,457
37,540
30,582
57,567
5,172
29,490
19,434
1,83
37,253
19,346
29,415
29,129
37,511
42,52
1,594
1,167
37,202
29,34
12,137
1,605
37,231
28,127
37,600
37,537
40,410
47,544
37,288
42,116
27,305
29,183
48,215
12,595
37,338
25,156
42,508
42,157
13,21
29,118
29,461
8,67
37,75
29,624
37,24
37,428
37,199
37,208
37,206
60,502
31,28
42,261
29,74
38,278
37,19
42,247
37,394
37,90
21,20
37,473
28,9
37,489
10,275
37,37
29,226
37,357
37,6
64,229
37,266
12,248
36,86
41,504
60,105
37,571
63,242
37,112
29,417
42,311
37,299
26,254
37,274
64,535
12,181
10,464
31,211
1,71
37,370
37,393
13,513
37,408
37,389
12,486
6,334
58,287
10,239
61,427
12,184
1,285
37,319
29,63
37,566
60,387
60,551
36,542
37,270
37,447
19,531
37,314
12,265
37,185
9,119
37,134
37,549
60,380
57,295
37,258
37,162
1,193
67,250
12,286
12,430
13,93
29,572
19,222
37,95
37,377
37,271
10,155
37,412
37,264
37,272
37,462
16,557
21,159
4,131
29,312
37,80
37,32
8,290
14,390
41,579
8,306
42,375
1,608
65,388
28,496
19,146
37,107
37,399
12,207
37,518
1,70
31,96
43,101
29,559
42,128
17,141
37,177
29,221
29,262
37,609
55,474
37,267
21,483
44,543
11,188
37,354
1,491
12,1
50,268
21,189
37,326
37,416
29,598
37,197
38,73
64,235
42,125
37,203
15,435
37,227
12,494
29,61
12,91
12,355
58,304
12,530
37,545
19,421
37,526
37,132
57,432
31,588
32,139
37,610
42,523
54,438
12,171
21,481
37,419
12,166
21,384
37,317
12,62
37,175
37,60
21,232
64,630
21,343
37,454
37,418
55,449
25,164
37,186
12,138
37,520
67,201
37,331
65,72
12,143
10,403
37,255
37,576
37,237
21,517
63,36
35,273
42,356
51,616
29,323
37,15
63,374
59,485
37,601
37,613
1,414
37,362
37,318
29,522
48,455
37,329
37,297
11,506
52,512
37,400
37,59
12,477
37,345
48,501
37,568
14,152
29,195
37,376
1,147
29,276
37,42
12,373
64,87
37,628
12,293
37,534
43,525
37,611
37,552
21,405
37,590
9,182
40,436
21,441
29,443
1,503
11,433
37,398
39,368
37,55
37,459
37,233
11,103
29,617
37,124
37,538
7,153
12,499
46,205
37,180
12,194
37,50
10,341
12,54
37,381
21,423
12,243
37,548
37,174
37,246
12,7
25,358
37,133
37,123
21,144
29,367
37,191
38,391
21,48
37,505
37,332
64,488
25,121
24,386
38,320
12,170
37,252
57,589
19,256
27,378
37,470
25,244
21,402
37,251
37,352
37,169
37,230
42,632
37,369
45,41
37,140
37,612
37,327
64,241
37,516
62,49
31,122
37,563
9,541
37,492
37,316
29,302
42,411
37,11
49,442
64,623
12,575
37,109
66,219
42,614
37,204
37,100
37,179
60,38
37,460
37,25
37,466
37,309
12,47
1,10
21,578
37,633
37,40
37,379
37,453
36,142
37,77
37,565
12,27
37,353
38,451
15,154
37,148
37,420
37,328
38,106
37,467
37,349
43,240
47,426
12,547
21,583
3,307
15,337
64,348
37,284
13,98
21,336
37,330
37,94
37,396
37,446
37,190
64,64
32,102
37,18
37,126
37,463
8,478
37,76
12,130
37,431
2,404
66,574
