8,876
43,323
8,808
8,836
8,109
8,992
8,40
22,214
8,320
8,216
29,554
8,32
8,434
8,68
8,447
8,117
8,957
8,664
29,645
8,1032
8,427
8,668
8,340
28,888
8,505
8,342
33,170
8,360
8,330
8,891
8,287
8,1063
28,278
8,970
8,913
8,682
8,972
8,654
8,243
8,419
8,266
8,141
8,739
8,828
1,319
8,380
8,501
8,916
8,293
8,908
28,968
8,364
28,1076
8,658
8,730
8,47
8,306
24,571
8,722
8,296
8,871
8,446
33,387
8,77
16,963
8,366
8,1056
8,1089
8,173
8,971
8,846
8,678
8,897
20,816
8,1017
28,939
8,308
39,561
1,921
8,202
8,748
8,17
8,583
8,70
8,404
8,529
8,1009
8,852
8,787
9,1000
8,414
28,85
8,494
29,98
28,814
8,585
8,378
8,185
8,488
22,254
19,316
8,261
8,1012
8,149
22,745
12,262
8,524
28,268
8,270
8,448
28,339
28,207
8,646
25,450
8,934
19,178
8,684
8,399
19,28
8,99
28,917
8,246
29,784
8,1027
22,406
8,424
8,652
28,482
22,914
8,1030
8,826
8,827
8,245
8,12
8,299
8,562
8,423
8,283
28,203
8,525
8,769
8,979
8,647
8,159
28,783
8,998
8,679
22,29
8,721
8,73
8,560
8,800
3,744
8,749
8,142
8,81
8,1052
8,1072
8,703
28,490
22,620
8,631
28,1037
8,956
8,1008
8,1071
8,162
8,210
8,523
8,305
8,38
8,499
8,535
8,55
8,1069
35,747
8,1088
8,1082
8,929
8,1
18,742
8,23
8,536
8,579
8,187
8,297
8,750
8,39
8,157
8,215
8,115
8,756
8,665
8,978
28,983
10,773
8,75
19,1059
8,697
8,41
8,303
8,568
8,1002
8,941
8,660
8,731
8,107
8,417
22,875
8,186
8,1084
29,1020
8,411
8,812
8,223
8,97
8,96
22,442
19,588
8,355
8,151
34,251
8,344
8,405
4,902
8,1014
22,623
8,946
20,779
8,233
28,926
8,767
8,5
28,509
8,774
8,889
8,644
8,72
8,666
8,880
8,272
8,648
8,489
8,843
8,612
8,1004
17,782
22,291
8,179
8,589
8,503
8,1053
8,729
8,34
8,943
8,763
8,858
8,363
29,346
8,250
8,418
8,596
8,952
8,977
28,496
8,553
8,847
8,1054
8,211
8,694
8,59
8,240
19,1041
8,985
8,361
8,960
8,260
8,539
8,771
28,1085
28,50
8,1083
8,918
28,996
8,518
8,1077
8,415
28,236
29,298
8,1060
8,574
8,691
8,903
28,274
8,362
8,436
8,840
8,878
8,777
8,801
8,522
8,60
8,237
28,313
8,1003
8,1013
8,899
8,639
8,217
26,877
8,630
8,1044
8,166
8,923
8,1023
8,391
8,822
28,607
8,35
8,208
8,549
19,760
8,988
33,622
28,656
13,605
8,942
29,147
8,230
8,636
8,540
8,425
8,56
28,629
28,3
8,235
8,172
33,1022
8,348
8,124
8,311
8,904
45,420
8,354
8,794
8,394
17,527
8,781
36,189
8,200
8,825
8,1016
23,174
8,820
8,659
8,728
17,716
8,22
8,228
8,866
8,441
8,993
8,920
8,21
8,66
8,86
28,445
8,437
8,621
8,7
28,10
29,528
8,573
28,375
8,786
8,359
8,37
8,755
8,707
8,110
8,388
28,500
7,864
8,184
7,837
8,1078
8,671
8,403
8,127
28,557
8,947
8,146
34,845
8,422
28,241
8,392
8,197
28,862
8,52
8,674
8,628
8,282
8,102
8,62
8,351
8,155
8,949
8,807
28,958
28,1058
8,961
8,13
28,604
8,440
8,932
8,276
8,14
8,477
8,704
8,705
8,582
8,861
8,317
8,772
8,255
8,472
8,651
37,26
8,758
31,898
8,713
8,617
47,580
8,257
28,504
8,712
8,42
8,400
8,759
8,113
8,865
8,643
3,1048
1,4
8,633
8,594
8,87
8,754
8,873
8,80
8,20
28,206
8,1051
8,134
8,765
8,641
15,271
8,36
8,802
8,275
8,82
30,57
8,132
8,842
8,397
29,806
44,133
8,692
8,429
8,137
34,1074
8,1086
8,193
8,256
8,793
8,44
8,726
20,269
8,369
8,156
1,483
8,699
8,451
8,401
22,188
8,833
28,104
8,1031
8,1034
8,15
28,969
8,461
28,279
8,819
31,408
8,46
28,890
5,689
8,796
8,667
8,103
8,199
8,736
8,811
8,154
29,650
8,285
28,201
8,995
21,999
15,592
11,329
8,460
28,635
8,695
8,204
8,986
8,120
8,1042
28,884
8,601
8,1040
8,723
8,164
8,332
8,126
8,881
8,412
8,473
8,67
8,1036
8,224
8,158
8,517
8,761
8,407
19,521
8,43
8,426
8,476
8,140
28,590
19,1018
8,513
28,295
28,277
8,855
1,718
8,711
1,242
8,373
8,183
8,1001
8,900
28,1062
8,776
8,365
28,938
28,829
8,680
8,544
8,1047
34,474
8,627
16,331
28,785
8,69
8,421
17,396
26,676
8,973
19,31
8,226
8,1025
28,859
15,470
8,131
28,49
8,1055
8,386
8,459
8,300
8,135
8,177
8,449
8,1024
28,152
8,834
8,653
8,18
28,465
8,530
8,167
8,602
28,901
8,818
28,951
8,854
28,61
7,844
8,301
8,502
8,657
8,850
8,714
8,191
8,823
8,286
8,531
8,683
28,911
8,267
8,584
8,624
4,143
8,6
8,516
3,130
46,290
8,486
8,194
8,609
8,661
8,606
8,88
20,333
8,839
8,315
8,464
8,577
8,376
8,886
8,48
8,54
8,706
8,688
8,431
28,1073
8,479
8,389
8,841
1,738
8,1079
8,940
8,492
8,598
8,118
8,321
1,377
8,309
8,350
8,1068
8,439
8,907
19,463
8,122
8,1091
8,987
8,232
8,709
8,640
19,64
50,144
8,637
8,9
8,790
8,997
8,252
19,982
8,84
8,817
29,244
28,93
8,370
27,1007
8,25
8,532
8,89
8,337
8,150
28,169
8,953
8,213
8,402
22,734
33,249
8,469
8,264
8,670
28,879
8,165
8,919
8,741
8,821
8,458
28,263
8,564
8,632
8,1065
7,71
28,698
27,906
8,368
8,16
8,533
8,954
8,805
29,352
8,455
19,857
8,307
8,292
8,341
8,556
22,693
8,1080
28,475
8,327
28,345
1,519
8,168
8,944
8,379
28,534
10,180
8,593
8,551
8,192
8,930
8,182
8,515
28,634
8,356
8,136
8,870
8,1029
28,138
8,586
8,238
8,384
8,567
8,358
28,1081
8,964
8,1061
33,336
8,454
8,753
8,922
8,967
8,541
28,432
8,239
8,896
8,190
8,727
15,616
8,810
8,603
8,253
8,860
42,1064
8,740
28,456
8,438
8,804
8,614
8,314
8,608
28,526
8,872
8,538
8,768
8,416
31,312
8,1006
8,937
31,205
8,220
1,733
8,484
8,851
8,687
8,547
8,735
8,613
8,1015
8,468
28,258
8,795
8,945
20,453
8,887
8,30
8,1045
8,302
28,1066
33,966
34,381
8,989
8,480
8,791
1,975
8,788
8,1057
8,766
8,974
8,935
28,83
8,751
8,221
8,625
42,175
8,955
28,610
8,581
8,962
8,677
8,552
8,171
8,507
8,91
8,874
28,90
8,700
8,600
8,383
8,385
8,883
28,832
31,725
7,196
8,512
8,225
14,615
8,498
8,1087
36,106
8,618
8,443
8,153
8,720
8,649
8,481
8,642
8,444
8,780
28,45
22,548
8,550
8,803
8,79
29,893
8,326
8,835
48,322
8,710
8,885
8,662
8,273
8,537
8,101
28,543
8,1043
8,116
8,669
38,572
28,905
28,910
8,119
8,219
8,655
8,198
8,74
8,981
8,792
8,229
8,1021
8,626
8,948
8,478
29,976
7,181
8,927
19,510
8,1039
8,247
8,569
8,357
8,925
8,1035
28,347
2,1050
29,65
29,565
8,757
8,511
8,457
8,576
8,797
8,1067
8,611
8,936
8,395
19,33
8,334
8,869
8,520
28,145
19,546
8,195
22,950
8,294
8,325
28,892
8,163
8,752
8,743
8,435
8,491
8,789
8,770
8,578
40,984
17,558
8,1049
21,824
32,559
8,493
8,696
28,545
8,318
49,863
8,599
8,281
28,108
8,288
8,830
8,915
8,690
8,815
8,719
8,335
8,595
8,265
8,304
8,280
20,737
8,514
28,160
8,587
8,95
8,231
8,76
8,717
8,367
8,390
8,139
29,111
8,1070
8,809
8,234
8,1019
8,497
28,1028
8,413
8,980
8,597
8,965
8,764
8,638
8,121
8,701
8,1010
8,1033
18,1011
8,673
8,681
8,92
28,487
20,732
8,53
8,555
28,112
8,508
8,848
8,374
8,398
8,566
41,542
28,382
8,991
8,410
29,452
8,284
8,1038
8,51
8,591
8,909
8,724
8,371
8,24
8,868
8,575
39,128
8,931
8,409
8,372
8,1075
28,506
28,1026
8,466
8,895
8,994
8,11
8,94
8,882
8,259
28,672
8,123
20,853
8,328
8,289
8,959
8,19
29,894
8,708
28,212
8,675
8,702
8,462
8,798
28,686
8,27
17,338
8,63
8,746
28,324
17,775
8,778
8,495
8,831
19,430
8,928
8,799
22,393
8,471
8,222
28,563
17,310
8,570
8,176
8,227
8,1046
8,161
8,8
8,100
8,849
8,125
8,912
8,685
8,209
8,129
8,105
8,1090
8,248
28,485
8,218
8,715
28,148
8,353
8,114
8,58
8,349
29,838
8,428
8,867
8,467
8,2
8,762
8,813
8,78
8,1005
8,924
8,990
8,619
6,343
8,433
8,933
22,856
8,663
