39,13
65,442
36,83
20,295
5,248
44,271
36,92
109,108
89,202
36,63
36,249
36,117
36,504
36,393
36,561
16,321
36,499
36,211
36,156
36,115
36,490
36,180
103,178
154,472
146,562
8,522
44,198
38,389
36,199
36,443
101,146
65,96
36,39
36,125
151,18
26,151
156,290
36,330
36,87
36,33
45,148
43,200
29,195
36,101
136,19
36,560
36,59
154,300
109,568
36,56
36,571
107,564
36,325
44,419
36,15
36,139
39,501
36,174
36,299
38,261
36,528
36,536
36,401
72,279
36,44
44,276
36,143
36,489
36,109
32,418
52,291
22,349
127,386
36,40
36,530
85,238
44,46
36,545
36,467
25,245
100,404
36,244
36,378
36,29
36,67
6,252
36,274
36,574
36,89
105,516
74,293
36,327
36,283
36,533
72,119
36,370
161,458
36,68
44,88
153,465
36,285
36,227
72,331
44,50
152,7
63,237
69,557
36,303
36,317
44,449
43,144
30,339
111,188
36,537
36,413
43,3
36,230
122,166
36,394
135,155
154,20
65,372
36,240
141,366
36,203
33,583
44,513
34,11
155,487
155,258
36,269
58,579
51,322
118,414
44,53
158,152
112,556
154,255
36,131
90,243
27,420
36,368
36,221
36,428
152,553
36,316
149,491
36,278
119,65
30,286
36,55
36,233
36,78
17,215
36,205
36,254
168,409
60,532
115,494
66,69
36,51
125,448
56,423
36,266
37,512
36,567
151,481
26,171
36,326
44,460
36,34
133,228
70,466
36,391
137,430
155,94
155,196
36,14
1,62
36,367
155,85
71,114
2,190
4,297
18,566
44,197
36,492
36,546
43,432
36,17
155,505
144,98
114,153
116,441
36,488
36,426
36,82
36,123
36,523
36,559
138,102
36,577
36,425
87,187
36,485
20,270
36,439
72,495
44,581
165,400
36,476
73,586
145,582
37,515
36,79
10,507
32,236
36,584
13,585
35,410
36,306
75,218
44,304
43,38
73,264
139,578
36,496
36,21
66,74
36,379
36,84
71,315
36,344
117,207
44,61
36,360
36,161
36,540
44,555
36,334
143,453
151,93
36,470
36,422
36,259
32,329
22,445
36,30
36,12
43,47
61,10
36,455
106,575
36,169
36,75
44,164
81,484
36,345
36,314
21,347
36,301
15,373
59,446
36,380
145,570
36,362
44,313
37,294
36,355
36,337
36,231
79,58
16,142
36,440
62,22
36,563
84,569
36,526
36,268
160,165
103,376
53,214
36,28
71,60
36,552
36,424
44,220
155,408
166,57
36,1
36,310
44,309
36,308
36,551
36,403
155,333
36,128
144,451
36,377
36,381
36,421
3,77
36,27
36,209
14,6
36,104
13,371
39,170
39,311
39,267
44,127
59,292
36,256
36,474
36,412
36,186
36,235
120,54
132,398
50,239
36,547
36,99
3,110
80,572
36,287
36,340
36,66
59,223
36,135
36,396
36,41
144,116
34,411
36,438
51,111
94,189
36,541
17,224
36,250
44,42
155,415
142,479
47,549
36,454
36,168
25,36
36,358
119,80
36,346
121,141
152,539
167,406
31,511
162,43
36,217
32,356
148,70
26,246
123,126
36,353
129,529
36,112
141,150
163,343
9,500
36,508
36,335
36,133
86,71
36,282
44,417
36,473
36,320
156,247
147,514
37,72
41,431
36,427
36,405
36,4
41,206
87,260
8,390
7,16
91,273
36,338
102,154
124,185
36,464
16,395
36,475
131,163
36,263
36,312
55,328
44,251
12,158
44,275
155,132
36,565
36,219
140,307
40,305
36,262
24,32
27,122
126,2
39,229
36,160
36,502
43,558
44,573
36,456
36,106
42,26
79,383
49,365
36,216
36,517
36,503
41,397
36,384
36,86
35,534
36,5
36,184
23,435
36,302
128,554
36,323
23,183
36,179
155,64
156,542
4,208
95,103
155,95
43,548
36,225
36,212
36,461
36,91
36,182
153,284
36,232
36,173
129,107
36,531
36,222
130,521
41,518
96,416
36,272
46,324
36,257
64,277
82,525
36,76
158,369
36,480
73,457
98,204
142,382
19,520
36,49
36,8
36,497
152,543
128,527
36,52
104,253
36,23
48,281
44,471
54,90
36,509
134,538
159,137
42,113
83,159
36,193
169,194
93,348
36,149
36,134
92,234
36,318
36,462
36,506
36,580
36,436
36,336
139,452
36,31
36,81
36,387
108,140
164,9
36,385
51,483
36,486
67,350
11,130
36,177
36,341
97,576
36,433
51,129
113,288
126,524
28,181
36,176
36,437
22,399
36,296
36,588
11,544
78,191
150,121
88,48
77,138
36,24
36,434
155,374
84,37
37,535
110,100
36,550
31,444
36,136
76,459
36,478
36,468
5,105
157,145
36,351
36,167
113,35
27,242
36,147
43,357
72,519
108,280
155,298
36,192
36,332
44,342
72,463
42,241
153,363
40,124
35,375
36,25
3,265
36,213
36,226
36,493
67,402
36,201
36,175
36,45
36,120
36,172
36,319
57,477
36,354
36,97
36,364
36,407
36,510
36,73
44,429
68,469
36,447
36,361
155,450
36,392
36,359
36,118
99,388
36,162
36,352
36,289
36,157
36,210
36,498
170,482
155,587
