39,564
159,532
159,151
159,452
159,372
111,475
68,422
159,539
115,476
223,88
232,593
159,210
159,507
153,78
53,596
159,65
159,509
209,220
114,99
115,165
132,279
159,84
159,196
127,310
225,406
159,521
222,296
166,12
159,79
159,407
151,16
175,303
159,558
163,23
159,625
35,392
116,340
228,4
144,216
241,365
8,209
13,515
159,56
159,437
159,562
159,234
223,120
63,546
234,627
65,351
159,495
149,371
159,529
65,344
86,395
159,439
159,145
146,149
28,277
41,519
40,482
45,161
120,300
206,366
159,110
159,584
130,606
154,187
159,350
189,294
105,308
33,53
39,347
167,283
126,43
204,213
221,607
159,360
159,173
175,223
159,465
159,45
152,585
159,413
159,536
112,218
17,158
159,321
159,200
114,621
40,569
159,81
172,224
207,111
173,66
190,493
159,114
218,46
159,178
226,212
185,113
206,487
85,469
145,89
113,115
213,13
183,135
145,333
231,8
159,500
159,597
109,97
159,555
159,228
159,592
136,44
158,280
134,622
98,603
159,5
3,259
234,570
58,57
72,619
39,22
201,17
163,510
186,3
148,561
203,69
178,324
43,260
58,553
99,383
159,281
159,291
163,82
48,26
43,479
7,602
187,342
238,315
33,85
59,363
159,236
183,30
14,498
214,29
159,225
151,524
159,313
20,468
75,573
243,198
170,626
165,444
133,580
159,238
178,335
155,533
159,289
104,176
143,586
47,245
159,591
44,249
163,471
159,599
1,168
3,620
43,33
150,528
159,282
67,401
45,192
159,269
194,35
159,51
227,2
71,298
105,136
81,214
137,385
122,560
97,359
48,292
159,615
89,484
39,550
208,257
62,480
159,429
172,556
70,92
15,425
159,117
39,409
159,322
124,554
159,472
31,450
163,445
39,514
226,325
88,263
129,217
188,527
128,68
159,604
159,440
105,14
159,160
159,104
159,587
139,577
159,456
162,108
159,631
230,448
159,629
193,618
172,301
159,581
159,39
159,497
116,58
40,364
159,397
111,163
2,424
163,458
41,339
85,382
159,150
39,361
159,31
34,457
159,540
119,582
212,567
10,172
109,490
64,434
4,83
159,253
68,346
114,415
111,129
159,511
172,52
1,594
3,167
147,202
118,34
29,137
3,605
159,231
103,127
159,600
159,537
166,410
192,544
161,288
171,116
97,305
111,183
195,215
39,595
159,338
95,156
174,508
178,157
49,21
117,118
116,461
14,67
159,75
114,624
159,24
159,428
159,199
159,208
159,206
218,502
122,28
172,261
107,74
164,278
159,19
176,247
159,394
159,90
82,20
159,473
101,9
159,489
22,275
159,37
110,226
159,357
144,6
236,229
159,266
36,248
135,86
169,504
217,105
159,571
224,242
159,112
108,417
178,311
159,299
96,254
159,274
233,535
44,181
23,464
123,211
3,71
159,370
158,393
51,513
159,408
161,389
39,486
11,334
213,287
21,239
220,427
32,184
3,285
159,319
107,63
159,566
219,387
216,551
140,542
141,270
159,447
65,531
159,314
46,265
159,185
18,119
147,134
159,549
216,380
212,295
159,258
159,162
1,193
242,250
39,286
40,430
49,93
116,572
69,222
159,95
159,377
151,271
23,155
159,412
143,264
159,272
159,462
60,557
86,159
9,131
105,312
159,80
159,32
13,290
52,390
168,579
15,306
174,375
4,608
237,388
102,496
66,146
142,107
159,399
44,207
159,518
3,70
121,96
180,101
107,559
177,128
61,141
159,177
106,221
114,262
159,609
207,474
143,267
77,483
184,543
26,188
159,354
1,491
29,1
199,268
81,189
159,326
159,416
106,598
158,197
163,73
236,235
170,125
159,203
57,435
147,227
39,494
108,61
46,91
44,355
214,304
37,530
159,545
64,421
143,526
159,132
211,432
122,588
125,139
159,610
172,523
205,438
43,171
78,481
150,419
40,166
84,384
159,317
43,62
159,175
153,60
84,232
232,630
80,343
159,454
157,418
207,449
92,164
145,186
46,138
160,520
242,201
159,331
237,72
46,143
21,403
145,255
151,576
141,237
87,517
225,36
131,273
178,356
200,616
105,323
159,15
224,374
215,485
159,601
159,613
4,414
159,362
160,318
115,522
196,455
159,329
159,297
27,506
202,512
159,400
159,59
44,477
159,345
197,501
159,568
54,152
107,195
159,376
3,147
116,276
150,42
39,373
233,87
159,628
40,293
159,534
182,525
144,611
159,552
76,405
159,590
18,182
166,436
79,441
113,443
3,503
25,433
159,398
165,368
159,55
159,459
149,233
25,103
106,617
156,124
159,538
12,153
35,499
188,205
159,180
31,194
159,50
24,341
43,54
159,381
82,423
38,243
154,548
159,174
159,246
36,7
91,358
159,133
159,123
82,144
105,367
159,191
163,391
74,48
159,505
151,332
233,488
93,121
90,386
163,320
36,170
159,252
210,589
64,256
100,378
159,470
94,244
83,402
159,251
158,352
159,169
159,230
178,632
159,369
185,41
159,140
159,612
159,327
235,241
159,516
221,49
120,122
151,563
19,541
159,492
159,316
109,302
172,411
159,11
198,442
231,623
30,575
145,109
240,219
179,614
159,204
144,100
151,179
217,38
159,460
159,25
159,466
145,309
43,47
3,10
81,578
159,633
159,40
159,379
149,453
138,142
159,77
159,565
39,27
159,353
163,451
56,154
159,148
159,420
154,328
163,106
159,467
159,349
181,240
191,426
43,547
82,583
6,307
55,337
229,348
159,284
50,98
73,336
144,330
159,94
159,396
159,446
159,190
231,64
126,102
159,18
159,126
159,463
16,478
145,76
42,130
145,431
5,404
239,574
