21,798
21,410
16,575
21,901
9,705
21,80
21,580
21,884
21,29
21,451
21,572
21,85
21,22
2,985
21,547
21,816
21,161
2,914
21,234
25,927
21,204
21,242
2,296
21,301
2,1036
21,746
21,1074
21,656
21,393
24,883
25,512
21,791
2,802
21,843
2,254
23,356
21,114
21,1014
21,544
21,413
21,961
21,730
21,594
21,69
21,817
21,428
2,767
21,1065
21,850
2,76
21,760
21,935
21,644
21,374
21,881
21,576
21,989
21,754
21,68
21,229
21,695
8,239
5,1018
21,943
2,632
21,260
2,1062
21,861
21,655
21,1063
21,972
21,1081
21,498
21,951
21,763
21,991
21,846
19,782
15,723
21,444
21,625
21,494
11,419
2,72
21,115
2,677
21,24
21,209
2,238
21,837
21,476
21,178
21,380
21,1000
6,1075
21,939
21,287
21,667
21,578
21,27
21,262
21,762
21,128
24,790
21,528
21,1033
21,364
2,622
21,740
21,557
21,771
21,758
24,345
21,327
21,593
21,968
21,471
21,425
21,437
2,32
21,608
21,495
21,944
21,1048
21,360
21,98
24,43
21,252
21,922
21,71
21,744
21,707
21,688
21,661
2,282
5,866
21,328
21,863
21,905
21,423
25,375
21,320
21,138
21,45
21,454
25,1071
21,830
21,398
21,196
21,946
2,506
21,774
21,959
21,882
21,155
21,603
21,911
21,10
21,501
21,394
21,118
21,776
21,783
21,1020
21,106
1,480
21,674
21,1029
21,1061
21,854
21,497
21,979
21,162
21,713
21,827
21,847
21,696
21,1017
21,1013
21,650
21,8
21,250
21,399
21,913
21,187
21,335
21,152
21,909
21,182
21,39
2,230
2,122
21,245
21,490
21,317
21,452
21,6
21,321
24,134
21,848
21,435
21,1050
2,964
21,1021
21,348
21,651
2,469
21,525
21,875
24,334
21,443
21,460
21,933
2,940
21,565
6,589
1,1042
21,606
21,7
21,404
21,967
24,1077
24,676
21,34
21,163
23,395
2,521
21,958
21,315
21,897
21,896
21,121
2,353
21,279
21,825
21,396
21,388
21,426
21,996
21,742
21,1022
21,90
21,862
21,669
21,73
21,639
21,401
21,188
24,636
21,948
21,144
21,379
21,206
21,212
21,418
2,251
21,954
21,1047
21,201
21,607
21,167
21,824
21,546
21,835
21,947
21,489
21,869
21,125
21,44
21,259
21,941
5,778
21,132
24,145
21,801
21,183
21,59
19,965
21,293
21,716
21,482
21,635
21,366
2,37
21,851
21,793
21,343
24,175
21,450
2,342
21,765
21,173
21,785
21,277
21,720
21,936
21,690
24,659
6,826
21,246
21,4
21,446
5,809
21,302
21,524
21,448
21,432
21,1010
21,916
21,478
21,496
2,97
21,1034
21,995
21,624
21,605
21,683
21,743
21,484
21,441
21,769
12,852
26,468
2,717
24,642
21,1044
21,945
21,48
21,314
21,646
2,463
2,149
21,545
21,714
21,235
21,590
2,92
21,810
2,54
2,626
21,858
21,592
21,1002
21,813
21,554
21,285
6,1009
21,596
21,617
25,409
21,295
21,1058
21,955
20,523
5,671
21,1060
2,1043
21,581
21,703
21,849
1,224
21,853
21,819
21,618
24,179
21,459
2,520
2,583
21,892
21,726
21,1027
21,281
21,595
21,534
21,58
21,770
25,363
25,57
21,615
21,530
21,840
2,877
21,267
21,406
21,369
21,103
21,719
21,159
19,263
5,807
2,795
21,329
21,215
21,445
21,70
21,491
21,283
21,96
21,436
21,893
21,91
1,225
21,449
21,220
21,153
21,918
21,833
21,508
21,112
21,535
21,814
21,99
21,156
21,1032
21,258
21,976
21,424
21,300
21,888
2,1041
5,341
21,143
21,573
21,13
21,371
21,297
21,993
21,66
21,680
2,682
21,1008
21,1056
21,292
21,202
21,732
21,868
21,1028
21,307
21,319
21,666
21,427
21,81
21,42
21,313
21,461
21,243
19,376
21,19
21,75
21,1007
21,241
21,597
21,310
21,147
21,195
21,473
21,929
2,555
21,74
21,1003
21,221
21,502
21,176
21,291
21,124
21,942
21,53
21,172
21,55
21,756
21,867
21,169
21,109
19,2
20,160
21,381
21,988
21,872
24,697
21,370
21,1066
21,586
21,174
21,815
21,963
21,526
5,540
21,962
21,982
21,969
21,462
2,731
21,515
21,17
21,519
21,588
21,569
21,1052
2,417
21,483
21,51
21,384
2,477
21,999
25,1030
21,784
2,433
21,591
24,336
21,392
2,834
21,40
21,548
2,908
21,289
25,702
3,1069
21,467
21,558
21,653
21,986
21,701
21,957
21,131
21,386
21,93
21,383
21,704
24,937
21,60
2,749
21,248
21,992
21,998
21,275
24,488
21,823
21,748
2,930
21,974
21,414
25,1070
19,637
21,148
21,518
21,1083
21,11
21,692
21,829
2,745
21,77
21,165
21,208
21,582
21,1076
21,407
21,268
21,910
2,629
2,538
2,100
21,41
2,500
24,1053
21,902
21,403
21,271
25,777
21,422
2,318
21,647
21,752
21,627
2,116
21,21
21,665
21,197
21,878
21,26
21,266
21,184
21,228
21,130
21,796
21,442
21,198
25,158
21,859
21,193
21,686
21,983
21,755
21,549
21,338
21,634
21,111
21,567
21,264
21,200
2,984
7,280
21,465
21,724
2,133
21,373
21,779
21,429
21,455
21,738
2,129
25,753
24,658
2,1049
2,269
21,657
21,678
21,137
21,94
25,1051
21,180
2,973
21,923
17,168
21,82
21,672
21,1072
21,831
20,464
21,856
24,880
21,305
21,1045
21,64
21,747
21,126
21,344
21,185
5,52
21,602
21,537
21,49
21,211
21,949
21,640
24,257
21,938
21,800
2,1067
25,308
21,276
21,150
24,551
21,255
2,270
21,855
21,599
21,541
21,190
21,247
24,781
21,1078
2,351
2,294
21,231
21,950
21,38
21,710
2,1019
21,15
7,359
21,358
21,773
21,527
21,16
2,170
21,140
21,123
21,101
2,177
21,171
21,362
21,400
21,1057
21,533
21,934
21,470
2,1079
21,750
13,387
21,352
21,466
21,522
2,620
5,46
21,194
21,416
21,891
21,504
22,1035
24,1068
21,681
21,553
21,485
21,253
21,456
24,1055
21,566
21,61
20,1054
21,1024
1,142
2,797
21,994
21,664
5,926
21,408
21,330
2,899
21,727
21,735
2,864
21,439
21,997
21,431
2,405
21,218
21,457
21,1037
21,1
21,273
21,139
21,412
21,481
2,56
21,236
21,237
2,552
21,513
25,691
21,306
2,205
21,309
21,87
21,88
21,1011
21,598
21,873
21,286
21,1039
21,219
24,510
21,453
21,186
21,240
21,349
21,438
20,385
21,631
2,736
21,440
2,768
21,493
21,316
21,584
21,346
21,698
21,894
21,102
21,189
21,772
21,1073
21,571
21,107
21,643
2,641
21,472
21,105
21,486
21,684
2,154
21,722
21,213
21,885
21,556
21,562
21,434
2,1031
19,585
6,326
21,244
21,609
7,924
21,903
19,12
21,164
21,577
21,633
21,1004
18,981
21,261
21,119
21,708
2,895
2,766
24,532
2,729
21,311
20,415
21,117
21,733
25,181
16,304
21,786
21,265
21,990
21,1064
21,411
2,232
21,28
2,110
2,728
25,1026
21,157
21,397
21,966
21,9
21,616
25,579
21,764
21,685
21,372
25,673
21,333
21,757
21,915
2,876
21,808
2,628
24,709
21,354
2,475
24,917
21,699
2,78
2,919
21,890
21,389
21,932
21,474
21,447
21,794
21,278
21,543
21,788
21,887
21,223
25,210
21,564
21,274
2,325
21,1001
21,842
21,199
21,660
2,706
21,127
21,612
21,652
21,805
6,1040
2,529
21,839
21,113
25,536
21,645
20,249
21,479
21,298
1,751
21,288
21,30
21,222
21,365
21,509
21,104
2,700
19,630
21,822
2,141
19,828
21,587
21,505
21,619
21,977
21,378
21,832
21,811
2,611
21,874
25,568
21,146
21,920
21,542
2,350
21,857
23,516
2,1059
21,900
21,20
21,649
21,31
1,931
21,739
21,377
20,906
21,1046
20,226
21,36
19,928
25,323
2,970
21,83
21,322
21,689
2,79
21,1015
21,799
23,623
21,812
21,3
25,956
19,5
21,514
21,820
21,980
21,610
21,721
21,761
21,860
21,550
21,33
21,560
21,780
21,718
21,1023
21,1080
21,836
21,675
21,382
21,663
21,886
2,18
2,391
21,337
21,987
10,492
21,821
21,1006
21,865
2,804
21,203
21,838
21,725
21,1038
21,613
21,67
21,1025
21,889
21,507
11,65
5,207
21,531
21,357
21,662
2,25
21,693
25,559
2,898
21,499
2,368
21,47
21,654
21,14
21,50
21,539
21,84
2,503
21,904
21,570
21,679
21,759
21,1005
21,324
21,430
21,648
21,561
21,135
21,191
21,563
21,340
24,960
21,806
21,621
21,1012
2,687
2,953
21,952
21,284
21,458
21,89
21,331
2,737
21,604
21,290
14,233
4,23
21,120
21,339
21,35
21,978
21,367
21,775
2,420
21,841
2,668
21,574
21,818
21,511
21,925
21,332
21,151
21,256
21,871
21,907
21,844
21,741
21,734
2,712
21,312
24,803
21,600
21,845
21,227
21,787
21,86
23,108
21,975
21,192
21,214
21,614
21,921
21,517
21,1016
21,402
21,912
21,217
21,166
21,1082
25,879
21,361
21,711
21,303
21,390
21,715
21,272
21,638
21,487
21,694
21,355
21,421
21,136
21,971
21,63
21,347
21,299
21,789
21,870
21,95
21,216
2,601
21,670
1,792
21,62
