27,661
37,1045
27,845
27,943
27,19
28,1007
28,529
28,582
27,245
27,70
22,959
27,917
27,381
18,130
27,220
27,325
27,58
27,212
27,672
27,1051
30,568
27,564
27,1015
27,781
11,1108
27,924
27,448
15,969
27,125
27,1047
27,870
27,332
27,466
27,188
27,1091
27,541
27,153
27,983
27,1113
30,300
27,236
28,352
27,1072
27,532
27,309
27,454
20,645
27,1012
27,1080
27,504
18,1020
27,668
28,389
33,1023
28,221
30,839
27,627
27,98
23,974
27,1096
27,78
27,988
27,259
27,430
15,1018
33,322
28,402
27,772
23,403
27,800
27,74
27,633
27,339
27,1021
27,589
27,906
15,386
27,497
21,1062
27,357
27,767
27,301
27,795
27,796
27,651
27,283
27,306
27,976
27,435
27,416
27,30
27,656
27,975
27,88
27,86
27,1119
28,1041
27,918
27,330
45,686
27,13
27,869
27,955
11,683
27,610
27,216
27,35
10,342
27,262
27,292
27,714
27,272
27,496
27,937
3,565
27,63
4,289
27,328
27,827
27,1057
9,482
27,298
27,499
27,1010
27,29
27,821
27,23
35,36
27,360
27,436
28,569
2,535
27,468
27,741
27,903
27,785
27,296
27,788
27,794
27,982
36,546
27,234
27,539
27,780
27,495
27,590
27,119
27,464
27,542
26,742
27,1087
15,92
27,249
5,673
27,510
27,773
27,106
27,462
27,792
27,1016
27,992
28,160
27,347
13,629
27,1089
28,175
27,443
27,545
27,614
27,145
27,1000
26,952
27,609
27,786
27,358
29,71
27,485
27,494
27,1048
8,769
27,1100
27,604
27,12
28,928
27,498
27,1026
37,933
27,846
26,862
35,797
27,755
1,1044
27,174
27,970
27,782
27,690
27,385
27,812
27,240
3,947
34,225
27,849
26,1076
27,15
27,178
22,193
28,893
27,637
27,1111
13,916
27,689
27,1092
27,371
27,362
28,183
27,603
36,704
36,994
30,995
27,156
27,413
15,359
3,1046
27,543
27,914
26,688
27,68
27,202
27,151
27,138
24,528
27,660
27,133
27,577
27,61
27,675
18,287
18,428
27,1093
27,367
27,980
19,263
27,483
27,380
27,516
46,920
26,1013
28,155
27,885
27,343
27,575
28,22
27,76
27,479
27,843
27,401
27,815
27,404
27,874
27,438
27,653
27,168
27,314
27,808
27,87
27,484
27,440
27,1058
27,967
27,291
27,824
27,9
27,270
27,126
27,787
27,1053
37,60
27,771
28,101
28,320
27,214
27,33
27,470
27,676
27,418
6,818
27,853
27,157
27,1099
27,275
27,267
27,269
27,763
27,195
22,973
27,143
27,80
27,105
27,912
27,444
27,866
11,857
26,647
27,930
27,606
27,682
27,476
8,1088
27,747
27,73
27,75
27,186
33,599
27,285
27,445
27,702
34,311
27,957
27,159
27,748
27,667
27,394
27,613
27,960
27,290
27,829
27,113
27,327
27,602
27,149
11,209
27,353
6,46
27,399
30,945
27,527
27,181
27,396
27,801
20,958
27,208
27,366
27,764
27,446
27,759
27,941
27,997
28,1107
28,749
48,931
27,856
27,392
27,57
26,254
27,579
34,987
27,316
27,687
27,774
27,148
26,266
27,82
27,826
28,895
3,956
27,118
27,85
27,1008
27,41
27,894
27,662
18,789
27,880
32,4
27,1005
5,459
21,256
35,433
27,944
27,642
27,835
27,882
27,517
24,524
27,329
27,566
5,228
28,1106
27,1033
27,730
27,907
27,1098
3,1042
27,761
27,754
27,909
27,913
27,109
27,95
27,410
27,368
27,243
27,50
27,205
27,737
27,1090
27,232
3,278
27,34
27,929
27,1024
27,776
27,507
27,442
27,49
27,140
27,146
27,555
27,318
27,341
14,790
28,513
3,204
27,1049
27,258
28,573
27,805
27,708
27,695
27,457
27,199
18,103
27,94
28,972
27,692
27,891
26,836
27,405
22,522
27,182
27,191
27,585
27,873
27,425
27,276
27,584
28,757
27,230
25,1073
28,576
27,592
28,398
28,848
27,158
27,750
27,1068
27,634
27,1
27,552
35,850
27,758
27,1071
27,966
27,43
28,250
27,406
39,1035
27,112
20,649
27,307
18,493
27,173
18,429
38,1036
27,293
27,503
27,1067
35,703
27,491
27,833
37,1003
27,624
27,390
27,147
27,407
37,163
27,310
5,411
27,768
21,312
27,1040
27,122
27,194
27,694
27,544
27,593
27,538
27,261
27,315
36,550
37,1104
27,431
27,623
27,685
27,852
28,570
27,858
27,896
27,281
27,1056
27,953
27,233
27,678
28,170
11,583
27,571
27,134
27,321
27,939
27,144
24,299
27,99
27,334
27,1011
27,990
27,834
27,709
27,458
27,863
27,657
15,652
27,699
27,727
3,346
27,777
27,536
38,72
27,211
27,631
27,872
27,382
27,530
27,420
27,297
27,3
27,1081
31,842
9,1050
14,556
27,62
27,102
27,253
11,1074
26,337
27,1054
27,400
15,520
15,492
27,559
27,344
18,179
18,197
26,596
27,419
27,89
27,923
27,712
27,901
27,255
27,641
27,323
27,489
27,594
27,294
27,828
27,91
27,373
18,823
27,414
12,525
27,227
27,26
27,167
27,1009
27,696
27,241
1,526
26,717
27,224
27,137
27,165
27,932
27,1022
27,902
27,391
27,716
34,93
27,244
27,274
27,911
28,251
27,1029
27,1014
27,640
26,762
27,512
26,618
27,706
27,926
27,807
27,1094
26,900
27,177
27,409
33,456
27,351
27,1027
27,415
27,632
27,574
34,32
30,264
27,617
27,338
27,96
27,18
27,819
27,1061
27,508
6,655
27,114
27,940
27,783
27,427
6,90
36,239
27,934
19,31
27,480
27,1075
27,644
27,847
27,17
27,273
27,288
27,455
27,81
27,950
27,383
20,235
27,611
27,265
27,304
34,48
27,319
27,1082
27,691
19,936
27,825
27,551
27,169
27,369
17,129
24,1102
35,1001
37,659
27,441
27,27
27,809
11,523
9,875
27,505
27,260
27,892
27,282
27,733
10,1052
27,161
6,424
5,586
28,44
27,626
27,461
28,284
27,451
27,52
27,397
27,379
27,136
27,198
27,518
27,5
28,984
27,213
27,925
27,324
37,37
19,120
27,10
34,938
35,725
27,370
27,608
27,107
18,268
27,740
11,600
27,326
27,897
27,674
23,111
27,463
35,810
27,572
26,888
27,110
27,84
22,229
28,616
18,625
27,271
27,775
27,728
34,1097
27,765
18,64
27,417
27,395
20,820
27,1070
35,567
11,760
27,628
35,39
6,1069
46,1085
27,954
35,142
27,477
27,905
27,746
27,1039
27,948
14,965
30,363
27,511
27,345
27,968
27,908
27,998
33,743
26,38
18,722
27,305
27,375
3,595
27,45
27,620
27,83
27,196
27,1083
27,123
27,540
27,779
27,355
30,336
27,24
27,412
27,591
27,832
27,961
27,139
27,739
27,981
27,831
27,844
27,639
3,509
27,877
27,710
27,851
27,841
27,648
15,581
27,487
27,257
27,560
27,1095
27,899
27,919
20,472
27,135
15,20
27,646
27,643
27,502
27,127
19,533
23,1112
27,817
27,721
30,989
42,876
24,619
27,1101
27,1028
27,986
27,475
27,770
27,951
21,16
27,979
27,519
22,813
27,840
28,669
27,124
27,598
27,860
27,723
27,185
2,806
27,889
27,1006
27,116
27,171
27,868
27,303
27,189
6,437
27,946
27,226
27,203
27,607
27,554
27,605
47,150
28,354
27,752
27,588
27,890
27,612
27,985
27,361
27,247
27,563
27,172
27,715
27,1004
27,962
27,1055
27,348
27,279
2,166
13,252
27,162
27,364
27,450
10,7
27,184
28,55
27,514
27,719
18,861
15,8
27,426
19,816
27,131
27,6
27,878
37,280
27,452
27,349
27,248
27,1002
27,207
27,1066
28,991
22,693
27,465
11,453
27,97
35,506
35,681
27,42
44,1019
18,388
27,434
27,601
26,949
27,67
27,215
27,447
27,1043
27,53
27,422
27,1109
43,838
27,684
27,176
27,335
27,219
27,766
11,745
27,622
27,21
27,1037
27,802
27,40
13,56
27,1059
27,231
27,804
27,1110
16,384
27,664
27,521
27,449
27,547
27,374
42,964
7,460
27,713
27,478
27,883
27,378
10,738
27,1060
27,190
27,734
27,731
27,884
27,128
27,701
6,665
27,654
27,1084
27,1103
27,317
27,201
27,724
17,597
27,356
27,621
27,700
26,313
27,54
27,66
28,751
27,615
27,996
27,141
27,218
27,1030
27,1063
27,1025
27,636
27,217
27,500
27,1038
27,187
26,486
41,871
35,501
27,277
27,697
27,481
27,666
27,2
27,474
22,537
27,864
27,473
27,237
27,14
27,1114
14,720
18,1079
27,705
27,1077
27,978
27,578
27,753
27,471
26,51
27,562
27,372
27,432
27,238
27,887
28,561
27,726
18,993
27,798
27,867
36,242
27,1032
27,638
3,658
27,698
27,791
28,729
27,47
26,340
27,469
27,650
27,942
27,663
27,206
27,1116
27,295
27,814
27,1065
27,1078
27,11
27,439
11,718
27,879
28,971
27,711
27,799
27,69
27,59
27,490
36,79
27,811
27,377
27,803
27,921
36,898
15,886
19,1117
27,467
3,963
27,100
27,736
30,246
36,837
27,350
27,408
27,999
27,534
28,1064
27,778
27,223
27,200
27,1034
27,423
27,365
27,393
27,756
27,115
27,1086
27,117
28,679
27,935
27,630
27,830
30,635
35,286
27,735
27,333
36,680
3,387
22,376
28,488
27,154
27,854
27,132
27,822
27,192
27,587
27,922
27,553
27,881
27,515
18,732
22,904
18,1115
27,25
27,104
27,707
27,670
34,331
27,1017
3,302
27,108
27,859
27,677
27,927
27,580
27,671
27,121
27,548
27,180
27,308
27,152
27,28
27,784
27,1031
27,865
27,557
34,531
27,793
13,77
27,222
27,65
27,558
28,915
24,910
27,1118
27,210
27,164
18,855
11,1105
22,744
40,549
13,421
27,977
