16,798
16,410
12,575
16,901
6,705
16,80
16,580
16,884
16,29
16,451
16,572
16,85
16,22
2,985
16,547
16,816
16,161
2,914
16,234
18,927
16,204
16,242
2,296
16,301
2,1036
16,746
16,1074
16,656
16,393
18,883
18,512
16,791
2,802
16,843
2,254
18,356
16,114
16,1014
16,544
16,413
16,961
16,730
16,594
16,69
16,817
16,428
2,767
16,1065
16,850
2,76
16,760
16,935
16,644
16,374
16,881
16,576
16,989
16,754
16,68
16,229
16,695
5,239
3,1018
16,943
2,632
16,260
2,1062
16,861
16,655
16,1063
16,972
16,1081
16,498
16,951
16,763
16,991
16,846
15,782
11,723
16,444
16,625
16,494
8,419
2,72
16,115
2,677
16,24
16,209
2,238
16,837
16,476
16,178
16,380
16,1000
3,1075
16,939
16,287
16,667
16,578
16,27
16,262
16,762
16,128
18,790
16,528
16,1033
16,364
2,622
16,740
16,557
16,771
16,758
18,345
16,327
16,593
16,968
16,471
16,425
16,437
2,32
16,608
16,495
16,944
16,1048
16,360
16,98
18,43
16,252
16,922
16,71
16,744
16,707
16,688
16,661
2,282
3,866
16,328
16,863
16,905
16,423
18,375
16,320
16,138
16,45
16,454
18,1071
16,830
16,398
16,196
16,946
2,506
16,774
16,959
16,882
16,155
16,603
16,911
16,10
16,501
16,394
16,118
16,776
16,783
16,1020
16,106
1,480
16,674
16,1029
16,1061
16,854
16,497
16,979
16,162
16,713
16,827
16,847
16,696
16,1017
16,1013
16,650
16,8
16,250
16,399
16,913
16,187
16,335
16,152
16,909
16,182
16,39
2,230
2,122
16,245
16,490
16,317
16,452
16,6
16,321
18,134
16,848
16,435
16,1050
2,964
16,1021
16,348
16,651
2,469
16,525
16,875
18,334
16,443
16,460
16,933
2,940
16,565
3,589
1,1042
16,606
16,7
16,404
16,967
18,1077
18,676
16,34
16,163
18,395
2,521
16,958
16,315
16,897
16,896
16,121
2,353
16,279
16,825
16,396
16,388
16,426
16,996
16,742
16,1022
16,90
16,862
16,669
16,73
16,639
16,401
16,188
18,636
16,948
16,144
16,379
16,206
16,212
16,418
2,251
16,954
16,1047
16,201
16,607
16,167
16,824
16,546
16,835
16,947
16,489
16,869
16,125
16,44
16,259
16,941
3,778
16,132
18,145
16,801
16,183
16,59
15,965
16,293
16,716
16,482
16,635
16,366
2,37
16,851
16,793
16,343
18,175
16,450
2,342
16,765
16,173
16,785
16,277
16,720
16,936
16,690
18,659
3,826
16,246
16,4
16,446
3,809
16,302
16,524
16,448
16,432
16,1010
16,916
16,478
16,496
2,97
16,1034
16,995
16,624
16,605
16,683
16,743
16,484
16,441
16,769
8,852
19,468
2,717
18,642
16,1044
16,945
16,48
16,314
16,646
2,463
2,149
16,545
16,714
16,235
16,590
2,92
16,810
2,54
2,626
16,858
16,592
16,1002
16,813
16,554
16,285
3,1009
16,596
16,617
18,409
16,295
16,1058
16,955
16,523
3,671
16,1060
2,1043
16,581
16,703
16,849
1,224
16,853
16,819
16,618
18,179
16,459
2,520
2,583
16,892
16,726
16,1027
16,281
16,595
16,534
16,58
16,770
18,363
18,57
16,615
16,530
16,840
2,877
16,267
16,406
16,369
16,103
16,719
16,159
15,263
3,807
2,795
16,329
16,215
16,445
16,70
16,491
16,283
16,96
16,436
16,893
16,91
1,225
16,449
16,220
16,153
16,918
16,833
16,508
16,112
16,535
16,814
16,99
16,156
16,1032
16,258
16,976
16,424
16,300
16,888
2,1041
3,341
16,143
16,573
16,13
16,371
16,297
16,993
16,66
16,680
2,682
16,1008
16,1056
16,292
16,202
16,732
16,868
16,1028
16,307
16,319
16,666
16,427
16,81
16,42
16,313
16,461
16,243
15,376
16,19
16,75
16,1007
16,241
16,597
16,310
16,147
16,195
16,473
16,929
2,555
16,74
16,1003
16,221
16,502
16,176
16,291
16,124
16,942
16,53
16,172
16,55
16,756
16,867
16,169
16,109
15,2
16,160
16,381
16,988
16,872
18,697
16,370
16,1066
16,586
16,174
16,815
16,963
16,526
3,540
16,962
16,982
16,969
16,462
2,731
16,515
16,17
16,519
16,588
16,569
16,1052
2,417
16,483
16,51
16,384
2,477
16,999
18,1030
16,784
2,433
16,591
18,336
16,392
2,834
16,40
16,548
2,908
16,289
18,702
2,1069
16,467
16,558
16,653
16,986
16,701
16,957
16,131
16,386
16,93
16,383
16,704
18,937
16,60
2,749
16,248
16,992
16,998
16,275
18,488
16,823
16,748
2,930
16,974
16,414
18,1070
15,637
16,148
16,518
16,1083
16,11
16,692
16,829
2,745
16,77
16,165
16,208
16,582
16,1076
16,407
16,268
16,910
2,629
2,538
2,100
16,41
2,500
18,1053
16,902
16,403
16,271
18,777
16,422
2,318
16,647
16,752
16,627
2,116
16,21
16,665
16,197
16,878
16,26
16,266
16,184
16,228
16,130
16,796
16,442
16,198
18,158
16,859
16,193
16,686
16,983
16,755
16,549
16,338
16,634
16,111
16,567
16,264
16,200
2,984
4,280
16,465
16,724
2,133
16,373
16,779
16,429
16,455
16,738
2,129
18,753
18,658
2,1049
2,269
16,657
16,678
16,137
16,94
18,1051
16,180
2,973
16,923
13,168
16,82
16,672
16,1072
16,831
16,464
16,856
18,880
16,305
16,1045
16,64
16,747
16,126
16,344
16,185
3,52
16,602
16,537
16,49
16,211
16,949
16,640
18,257
16,938
16,800
2,1067
18,308
16,276
16,150
18,551
16,255
2,270
16,855
16,599
16,541
16,190
16,247
18,781
16,1078
2,351
2,294
16,231
16,950
16,38
16,710
2,1019
16,15
4,359
16,358
16,773
16,527
16,16
2,170
16,140
16,123
16,101
2,177
16,171
16,362
16,400
16,1057
16,533
16,934
16,470
2,1079
16,750
9,387
16,352
16,466
16,522
2,620
3,46
16,194
16,416
16,891
16,504
17,1035
18,1068
16,681
16,553
16,485
16,253
16,456
18,1055
16,566
16,61
16,1054
16,1024
1,142
2,797
16,994
16,664
3,926
16,408
16,330
2,899
16,727
16,735
2,864
16,439
16,997
16,431
2,405
16,218
16,457
16,1037
16,1
16,273
16,139
16,412
16,481
2,56
16,236
16,237
2,552
16,513
18,691
16,306
2,205
16,309
16,87
16,88
16,1011
16,598
16,873
16,286
16,1039
16,219
18,510
16,453
16,186
16,240
16,349
16,438
16,385
16,631
2,736
16,440
2,768
16,493
16,316
16,584
16,346
16,698
16,894
16,102
16,189
16,772
16,1073
16,571
16,107
16,643
2,641
16,472
16,105
16,486
16,684
2,154
16,722
16,213
16,885
16,556
16,562
16,434
2,1031
15,585
3,326
16,244
16,609
4,924
16,903
15,12
16,164
16,577
16,633
16,1004
14,981
16,261
16,119
16,708
2,895
2,766
18,532
2,729
16,311
16,415
16,117
16,733
18,181
12,304
16,786
16,265
16,990
16,1064
16,411
2,232
16,28
2,110
2,728
18,1026
16,157
16,397
16,966
16,9
16,616
18,579
16,764
16,685
16,372
18,673
16,333
16,757
16,915
2,876
16,808
2,628
18,709
16,354
2,475
18,917
16,699
2,78
2,919
16,890
16,389
16,932
16,474
16,447
16,794
16,278
16,543
16,788
16,887
16,223
18,210
16,564
16,274
2,325
16,1001
16,842
16,199
16,660
2,706
16,127
16,612
16,652
16,805
3,1040
2,529
16,839
16,113
18,536
16,645
16,249
16,479
16,298
1,751
16,288
16,30
16,222
16,365
16,509
16,104
2,700
15,630
16,822
2,141
15,828
16,587
16,505
16,619
16,977
16,378
16,832
16,811
2,611
16,874
18,568
16,146
16,920
16,542
2,350
16,857
18,516
2,1059
16,900
16,20
16,649
16,31
1,931
16,739
16,377
16,906
16,1046
16,226
16,36
15,928
18,323
2,970
16,83
16,322
16,689
2,79
16,1015
16,799
18,623
16,812
16,3
18,956
15,5
16,514
16,820
16,980
16,610
16,721
16,761
16,860
16,550
16,33
16,560
16,780
16,718
16,1023
16,1080
16,836
16,675
16,382
16,663
16,886
2,18
2,391
16,337
16,987
7,492
16,821
16,1006
16,865
2,804
16,203
16,838
16,725
16,1038
16,613
16,67
16,1025
16,889
16,507
8,65
3,207
16,531
16,357
16,662
2,25
16,693
18,559
2,898
16,499
2,368
16,47
16,654
16,14
16,50
16,539
16,84
2,503
16,904
16,570
16,679
16,759
16,1005
16,324
16,430
16,648
16,561
16,135
16,191
16,563
16,340
18,960
16,806
16,621
16,1012
2,687
2,953
16,952
16,284
16,458
16,89
16,331
2,737
16,604
16,290
10,233
2,23
16,120
16,339
16,35
16,978
16,367
16,775
2,420
16,841
2,668
16,574
16,818
16,511
16,925
16,332
16,151
16,256
16,871
16,907
16,844
16,741
16,734
2,712
16,312
18,803
16,600
16,845
16,227
16,787
16,86
18,108
16,975
16,192
16,214
16,614
16,921
16,517
16,1016
16,402
16,912
16,217
16,166
16,1082
18,879
16,361
16,711
16,303
16,390
16,715
16,272
16,638
16,487
16,694
16,355
16,421
16,136
16,971
16,63
16,347
16,299
16,789
16,870
16,95
16,216
2,601
16,670
1,792
16,62
