12,13
20,442
12,83
11,295
2,248
12,271
12,92
42,108
31,202
12,63
12,249
12,117
12,504
12,393
12,561
10,321
12,499
12,211
12,156
12,115
12,490
12,180
39,178
63,472
61,562
5,522
12,198
12,389
12,199
12,443
37,146
20,96
12,39
12,125
62,18
12,151
63,290
12,330
12,87
12,33
12,148
12,200
12,195
12,101
56,19
12,560
12,59
63,300
42,568
12,56
12,571
41,564
12,325
12,419
12,15
12,139
12,501
12,174
12,299
12,261
12,528
12,536
12,401
23,279
12,44
12,276
12,143
12,489
12,109
12,418
13,291
11,349
52,386
12,40
12,530
29,238
12,46
12,545
12,467
12,245
37,404
12,244
12,378
12,29
12,67
3,252
12,274
12,574
12,89
40,516
23,293
12,327
12,283
12,533
23,119
12,370
65,458
12,68
12,88
63,465
12,285
12,227
23,331
12,50
62,7
19,237
21,557
12,303
12,317
12,449
12,144
12,339
43,188
12,537
12,413
12,3
12,230
50,166
12,394
56,155
63,20
20,372
12,240
59,366
12,203
12,583
12,513
12,11
63,487
63,258
12,269
16,579
13,322
47,414
12,53
63,152
43,556
63,255
12,131
31,243
12,420
12,368
12,221
12,428
62,553
12,316
62,491
12,278
47,65
12,286
12,55
12,233
12,78
10,215
12,205
12,254
69,409
17,532
45,494
20,69
12,51
51,448
15,423
12,266
12,512
12,567
62,481
12,171
12,326
12,460
12,34
54,228
21,466
12,391
57,430
63,94
63,196
12,14
1,62
12,367
63,85
22,114
1,190
2,297
10,566
12,197
12,492
12,546
12,432
12,17
63,505
60,98
45,153
46,441
12,488
12,426
12,82
12,123
12,523
12,559
57,102
12,577
12,425
30,187
12,485
11,270
12,439
23,495
12,581
67,400
12,476
23,586
61,582
12,515
12,79
5,507
12,236
12,584
7,585
12,410
12,306
24,218
12,304
12,38
23,264
58,578
12,496
12,21
20,74
12,379
12,84
22,315
12,344
47,207
12,61
12,360
12,161
12,540
12,555
12,334
60,453
62,93
12,470
12,422
12,259
12,329
11,445
12,30
12,12
12,47
17,10
12,455
41,575
12,169
12,75
12,164
27,484
12,345
12,314
11,347
12,301
9,373
17,446
12,380
61,570
12,362
12,313
12,294
12,355
12,337
12,231
25,58
10,142
12,440
18,22
12,563
29,569
12,526
12,268
64,165
39,376
13,214
12,28
22,60
12,552
12,424
12,220
63,408
68,57
12,1
12,310
12,309
12,308
12,551
12,403
63,333
12,128
60,451
12,377
12,381
12,421
2,77
12,27
12,209
8,6
12,104
7,371
12,170
12,311
12,267
12,127
17,292
12,256
12,474
12,412
12,186
12,235
48,54
54,398
13,239
12,547
12,99
2,110
26,572
12,287
12,340
12,66
17,223
12,135
12,396
12,41
60,116
12,411
12,438
13,111
34,189
12,541
10,224
12,250
12,42
63,415
60,479
12,549
12,454
12,168
12,36
12,358
47,80
12,346
49,141
62,539
68,406
12,511
65,43
12,217
12,356
62,70
12,246
50,126
12,353
53,529
12,112
59,150
65,343
5,500
12,508
12,335
12,133
29,71
12,282
12,417
12,473
12,320
63,247
61,514
12,72
12,431
12,427
12,405
12,4
12,206
30,260
5,390
4,16
32,273
12,338
38,154
50,185
12,464
10,395
12,475
53,163
12,263
12,312
14,328
12,251
6,158
12,275
63,132
12,565
12,219
58,307
12,305
12,262
11,32
12,122
52,2
12,229
12,160
12,502
12,558
12,573
12,456
12,106
12,26
25,383
13,365
12,216
12,517
12,503
12,397
12,384
12,86
12,534
12,5
12,184
11,435
12,302
52,554
12,323
11,183
12,179
63,64
63,542
2,208
34,103
63,95
12,548
12,225
12,212
12,461
12,91
12,182
63,284
12,232
12,173
53,107
12,531
12,222
53,521
12,518
34,416
12,272
12,324
12,257
19,277
28,525
12,76
63,369
12,480
23,457
35,204
60,382
10,520
12,49
12,8
12,497
62,543
52,527
12,52
39,253
12,23
13,281
12,471
14,90
12,509
55,538
63,137
12,113
28,159
12,193
70,194
33,348
12,149
12,134
33,234
12,318
12,462
12,506
12,580
12,436
12,336
58,452
12,31
12,81
12,387
42,140
66,9
12,385
13,483
12,486
20,350
6,130
12,177
12,341
35,576
12,433
13,129
44,288
52,524
12,181
12,176
12,437
11,399
12,296
12,588
6,544
24,191
62,121
30,48
24,138
12,24
12,434
63,374
29,37
12,535
42,100
12,550
12,444
12,136
24,459
12,478
12,468
2,105
63,145
12,351
12,167
44,35
12,242
12,147
12,357
23,519
42,280
63,298
12,192
12,332
12,342
23,463
12,241
63,363
12,124
12,375
12,25
2,265
12,213
12,226
12,493
20,402
12,201
12,175
12,45
12,120
12,172
12,319
16,477
12,354
12,97
12,364
12,407
12,510
12,73
12,429
20,469
12,447
12,361
63,450
12,392
12,359
12,118
36,388
12,162
12,352
12,289
12,157
12,210
12,498
71,482
63,587
