22,661
30,1045
22,845
22,943
22,19
23,1007
23,529
23,582
22,245
22,70
18,959
22,917
22,381
15,130
22,220
22,325
22,58
22,212
22,672
22,1051
24,568
22,564
22,1015
22,781
8,1108
22,924
22,448
12,969
22,125
22,1047
22,870
22,332
22,466
22,188
22,1091
22,541
22,153
22,983
22,1113
24,300
22,236
23,352
22,1072
22,532
22,309
22,454
16,645
22,1012
22,1080
22,504
15,1020
22,668
23,389
27,1023
23,221
24,839
22,627
22,98
19,974
22,1096
22,78
22,988
22,259
22,430
12,1018
27,322
23,402
22,772
19,403
22,800
22,74
22,633
22,339
22,1021
22,589
22,906
12,386
22,497
17,1062
22,357
22,767
22,301
22,795
22,796
22,651
22,283
22,306
22,976
22,435
22,416
22,30
22,656
22,975
22,88
22,86
22,1119
23,1041
22,918
22,330
38,686
22,13
22,869
22,955
8,683
22,610
22,216
22,35
8,342
22,262
22,292
22,714
22,272
22,496
22,937
3,565
22,63
4,289
22,328
22,827
22,1057
7,482
22,298
22,499
22,1010
22,29
22,821
22,23
29,36
22,360
22,436
23,569
2,535
22,468
22,741
22,903
22,785
22,296
22,788
22,794
22,982
30,546
22,234
22,539
22,780
22,495
22,590
22,119
22,464
22,542
21,742
22,1087
12,92
22,249
5,673
22,510
22,773
22,106
22,462
22,792
22,1016
22,992
23,160
22,347
10,629
22,1089
23,175
22,443
22,545
22,614
22,145
22,1000
21,952
22,609
22,786
22,358
23,71
22,485
22,494
22,1048
7,769
22,1100
22,604
22,12
23,928
22,498
22,1026
30,933
22,846
21,862
29,797
22,755
1,1044
22,174
22,970
22,782
22,690
22,385
22,812
22,240
3,947
28,225
22,849
21,1076
22,15
22,178
18,193
23,893
22,637
22,1111
10,916
22,689
22,1092
22,371
22,362
23,183
22,603
30,704
30,994
24,995
22,156
22,413
12,359
3,1046
22,543
22,914
21,688
22,68
22,202
22,151
22,138
20,528
22,660
22,133
22,577
22,61
22,675
15,287
15,428
22,1093
22,367
22,980
15,263
22,483
22,380
22,516
39,920
21,1013
23,155
22,885
22,343
22,575
23,22
22,76
22,479
22,843
22,401
22,815
22,404
22,874
22,438
22,653
22,168
22,314
22,808
22,87
22,484
22,440
22,1058
22,967
22,291
22,824
22,9
22,270
22,126
22,787
22,1053
30,60
22,771
23,101
23,320
22,214
22,33
22,470
22,676
22,418
5,818
22,853
22,157
22,1099
22,275
22,267
22,269
22,763
22,195
18,973
22,143
22,80
22,105
22,912
22,444
22,866
8,857
21,647
22,930
22,606
22,682
22,476
7,1088
22,747
22,73
22,75
22,186
27,599
22,285
22,445
22,702
28,311
22,957
22,159
22,748
22,667
22,394
22,613
22,960
22,290
22,829
22,113
22,327
22,602
22,149
8,209
22,353
5,46
22,399
24,945
22,527
22,181
22,396
22,801
16,958
22,208
22,366
22,764
22,446
22,759
22,941
22,997
23,1107
23,749
41,931
22,856
22,392
22,57
21,254
22,579
28,987
22,316
22,687
22,774
22,148
21,266
22,82
22,826
23,895
3,956
22,118
22,85
22,1008
22,41
22,894
22,662
15,789
22,880
26,4
22,1005
5,459
17,256
29,433
22,944
22,642
22,835
22,882
22,517
20,524
22,329
22,566
5,228
23,1106
22,1033
22,730
22,907
22,1098
3,1042
22,761
22,754
22,909
22,913
22,109
22,95
22,410
22,368
22,243
22,50
22,205
22,737
22,1090
22,232
3,278
22,34
22,929
22,1024
22,776
22,507
22,442
22,49
22,140
22,146
22,555
22,318
22,341
11,790
23,513
3,204
22,1049
22,258
23,573
22,805
22,708
22,695
22,457
22,199
15,103
22,94
23,972
22,692
22,891
21,836
22,405
18,522
22,182
22,191
22,585
22,873
22,425
22,276
22,584
23,757
22,230
20,1073
23,576
22,592
23,398
23,848
22,158
22,750
22,1068
22,634
22,1
22,552
29,850
22,758
22,1071
22,966
22,43
23,250
22,406
32,1035
22,112
16,649
22,307
15,493
22,173
15,429
31,1036
22,293
22,503
22,1067
29,703
22,491
22,833
30,1003
22,624
22,390
22,147
22,407
30,163
22,310
5,411
22,768
17,312
22,1040
22,122
22,194
22,694
22,544
22,593
22,538
22,261
22,315
30,550
30,1104
22,431
22,623
22,685
22,852
23,570
22,858
22,896
22,281
22,1056
22,953
22,233
22,678
23,170
8,583
22,571
22,134
22,321
22,939
22,144
20,299
22,99
22,334
22,1011
22,990
22,834
22,709
22,458
22,863
22,657
12,652
22,699
22,727
3,346
22,777
22,536
31,72
22,211
22,631
22,872
22,382
22,530
22,420
22,297
22,3
22,1081
25,842
7,1050
11,556
22,62
22,102
22,253
8,1074
21,337
22,1054
22,400
12,520
12,492
22,559
22,344
15,179
15,197
21,596
22,419
22,89
22,923
22,712
22,901
22,255
22,641
22,323
22,489
22,594
22,294
22,828
22,91
22,373
15,823
22,414
9,525
22,227
22,26
22,167
22,1009
22,696
22,241
1,526
21,717
22,224
22,137
22,165
22,932
22,1022
22,902
22,391
22,716
28,93
22,244
22,274
22,911
23,251
22,1029
22,1014
22,640
21,762
22,512
21,618
22,706
22,926
22,807
22,1094
21,900
22,177
22,409
27,456
22,351
22,1027
22,415
22,632
22,574
28,32
24,264
22,617
22,338
22,96
22,18
22,819
22,1061
22,508
5,655
22,114
22,940
22,783
22,427
5,90
30,239
22,934
15,31
22,480
22,1075
22,644
22,847
22,17
22,273
22,288
22,455
22,81
22,950
22,383
16,235
22,611
22,265
22,304
28,48
22,319
22,1082
22,691
15,936
22,825
22,551
22,169
22,369
14,129
20,1102
29,1001
30,659
22,441
22,27
22,809
8,523
7,875
22,505
22,260
22,892
22,282
22,733
8,1052
22,161
5,424
5,586
23,44
22,626
22,461
23,284
22,451
22,52
22,397
22,379
22,136
22,198
22,518
22,5
23,984
22,213
22,925
22,324
30,37
15,120
22,10
28,938
29,725
22,370
22,608
22,107
15,268
22,740
8,600
22,326
22,897
22,674
19,111
22,463
29,810
22,572
21,888
22,110
22,84
18,229
23,616
15,625
22,271
22,775
22,728
28,1097
22,765
15,64
22,417
22,395
16,820
22,1070
29,567
8,760
22,628
29,39
5,1069
39,1085
22,954
29,142
22,477
22,905
22,746
22,1039
22,948
11,965
24,363
22,511
22,345
22,968
22,908
22,998
27,743
21,38
15,722
22,305
22,375
3,595
22,45
22,620
22,83
22,196
22,1083
22,123
22,540
22,779
22,355
24,336
22,24
22,412
22,591
22,832
22,961
22,139
22,739
22,981
22,831
22,844
22,639
3,509
22,877
22,710
22,851
22,841
22,648
12,581
22,487
22,257
22,560
22,1095
22,899
22,919
16,472
22,135
12,20
22,646
22,643
22,502
22,127
15,533
19,1112
22,817
22,721
24,989
35,876
20,619
22,1101
22,1028
22,986
22,475
22,770
22,951
17,16
22,979
22,519
18,813
22,840
23,669
22,124
22,598
22,860
22,723
22,185
2,806
22,889
22,1006
22,116
22,171
22,868
22,303
22,189
5,437
22,946
22,226
22,203
22,607
22,554
22,605
40,150
23,354
22,752
22,588
22,890
22,612
22,985
22,361
22,247
22,563
22,172
22,715
22,1004
22,962
22,1055
22,348
22,279
2,166
10,252
22,162
22,364
22,450
8,7
22,184
23,55
22,514
22,719
15,861
12,8
22,426
15,816
22,131
22,6
22,878
30,280
22,452
22,349
22,248
22,1002
22,207
22,1066
23,991
18,693
22,465
8,453
22,97
29,506
29,681
22,42
37,1019
15,388
22,434
22,601
21,949
22,67
22,215
22,447
22,1043
22,53
22,422
22,1109
36,838
22,684
22,176
22,335
22,219
22,766
8,745
22,622
22,21
22,1037
22,802
22,40
10,56
22,1059
22,231
22,804
22,1110
13,384
22,664
22,521
22,449
22,547
22,374
35,964
6,460
22,713
22,478
22,883
22,378
8,738
22,1060
22,190
22,734
22,731
22,884
22,128
22,701
5,665
22,654
22,1084
22,1103
22,317
22,201
22,724
14,597
22,356
22,621
22,700
21,313
22,54
22,66
23,751
22,615
22,996
22,141
22,218
22,1030
22,1063
22,1025
22,636
22,217
22,500
22,1038
22,187
21,486
34,871
29,501
22,277
22,697
22,481
22,666
22,2
22,474
18,537
22,864
22,473
22,237
22,14
22,1114
11,720
15,1079
22,705
22,1077
22,978
22,578
22,753
22,471
21,51
22,562
22,372
22,432
22,238
22,887
23,561
22,726
15,993
22,798
22,867
30,242
22,1032
22,638
3,658
22,698
22,791
23,729
22,47
21,340
22,469
22,650
22,942
22,663
22,206
22,1116
22,295
22,814
22,1065
22,1078
22,11
22,439
8,718
22,879
23,971
22,711
22,799
22,69
22,59
22,490
30,79
22,811
22,377
22,803
22,921
30,898
12,886
15,1117
22,467
3,963
22,100
22,736
24,246
30,837
22,350
22,408
22,999
22,534
23,1064
22,778
22,223
22,200
22,1034
22,423
22,365
22,393
22,756
22,115
22,1086
22,117
23,679
22,935
22,630
22,830
24,635
29,286
22,735
22,333
30,680
3,387
18,376
23,488
22,154
22,854
22,132
22,822
22,192
22,587
22,922
22,553
22,881
22,515
15,732
18,904
15,1115
22,25
22,104
22,707
22,670
28,331
22,1017
3,302
22,108
22,859
22,677
22,927
22,580
22,671
22,121
22,548
22,180
22,308
22,152
22,28
22,784
22,1031
22,865
22,557
28,531
22,793
10,77
22,222
22,65
22,558
23,915
20,910
22,1118
22,210
22,164
15,855
8,1105
18,744
33,549
10,421
22,977
