2,50
3,293
2,579
2,100
2,701
3,607
2,264
3,587
2,525
2,128
2,688
2,545
3,663
2,99
2,245
2,19
2,294
4,574
2,676
2,185
4,308
2,523
2,632
2,239
2,590
2,123
3,356
4,665
4,389
3,130
2,698
2,555
2,639
2,337
2,442
4,320
4,67
2,338
3,23
3,76
2,168
2,227
2,329
2,105
2,679
2,418
4,692
2,388
2,289
2,54
4,146
3,524
2,491
2,385
2,396
2,612
2,154
2,435
2,155
3,699
2,591
2,458
2,381
2,284
3,296
2,554
2,420
3,61
2,498
2,97
2,374
2,642
3,58
3,156
3,530
2,536
2,118
3,459
2,392
2,478
2,474
2,110
3,626
2,553
4,275
2,589
2,397
2,304
2,288
2,428
2,602
2,34
2,666
2,286
2,497
3,7
2,162
4,229
2,522
2,519
3,283
2,425
4,208
4,176
2,278
2,166
2,684
3,125
2,126
2,266
2,473
2,334
2,22
2,623
2,20
2,363
4,38
2,41
3,343
2,492
2,421
3,69
2,453
2,470
2,14
2,82
2,187
2,219
2,494
2,496
3,371
4,313
3,70
4,234
2,189
3,661
3,465
2,350
2,572
2,355
4,159
2,624
1,391
2,596
2,431
2,615
2,89
3,167
4,71
3,62
2,565
2,113
2,311
2,611
2,315
2,25
4,317
3,307
2,55
2,613
2,647
2,490
4,621
2,346
2,508
2,655
2,95
2,387
2,237
4,297
4,449
2,164
2,506
2,680
2,357
2,232
2,594
2,566
3,87
4,592
2,645
3,520
2,4
2,265
2,700
3,556
2,410
3,322
2,694
4,91
3,436
3,196
2,599
2,486
2,345
2,367
2,401
3,316
2,72
2,178
4,548
2,544
2,443
2,165
3,249
2,80
2,390
2,600
3,648
2,16
3,45
3,353
4,603
2,298
3,511
2,468
2,549
2,636
2,593
2,1
3,261
4,259
3,244
2,92
2,177
2,204
2,220
2,33
2,90
3,183
2,416
2,145
2,121
2,31
4,9
2,618
2,617
3,695
2,448
4,135
2,231
3,86
3,383
2,115
2,217
2,228
3,408
4,5
2,207
2,472
2,106
2,609
1,446
2,24
2,483
3,475
2,558
2,669
2,255
2,675
2,580
2,140
4,378
2,181
2,672
2,269
4,439
2,199
2,291
3,323
4,112
4,399
3,505
2,570
2,93
2,335
2,246
2,84
2,450
4,664
3,429
3,94
2,107
2,463
3,649
2,499
4,405
2,127
2,557
2,274
2,562
2,225
2,153
2,460
2,414
2,424
2,627
2,678
4,268
2,197
4,584
4,57
2,224
2,214
3,481
3,109
2,46
2,142
2,454
4,479
2,309
3,512
2,111
2,605
2,502
2,32
2,641
4,375
2,359
2,210
3,124
2,659
2,422
2,364
2,569
3,373
4,441
3,690
2,601
4,488
2,537
2,348
3,559
2,638
2,411
2,250
2,35
2,314
3,290
4,63
3,689
4,331
2,413
2,417
2,361
2,11
2,292
2,276
3,172
2,404
3,252
2,509
2,169
3,151
2,139
2,660
2,120
3,43
2,527
2,466
2,193
4,195
2,682
2,515
3,260
3,218
2,203
2,251
2,138
2,17
2,640
3,487
2,262
2,254
2,59
3,161
4,696
2,44
2,236
3,542
2,202
3,42
2,471
3,226
2,622
2,577
2,88
2,610
2,102
2,206
2,567
2,3
4,386
3,543
4,528
2,685
2,534
2,504
2,691
4,500
2,56
3,116
2,370
2,49
2,625
2,174
3,437
2,352
3,344
2,551
2,631
2,184
2,398
2,279
2,576
2,620
2,634
2,461
3,438
2,15
2,360
2,464
2,257
2,564
2,144
3,194
3,325
2,415
2,324
3,26
2,10
4,129
4,635
4,147
2,646
2,552
2,160
2,369
2,604
4,469
2,477
2,445
2,319
3,175
2,152
2,546
2,173
2,64
2,81
2,48
3,568
3,79
2,295
2,277
4,303
3,216
3,526
2,462
2,200
2,412
2,485
2,550
2,332
2,403
2,347
2,582
3,670
2,517
2,616
2,447
2,300
2,423
2,77
2,336
2,687
2,697
2,406
2,12
2,476
3,541
2,53
3,595
2,258
3,532
2,529
2,368
2,241
2,114
4,66
2,588
2,379
2,233
4,83
2,158
3,484
2,339
2,73
2,382
2,535
2,230
3,122
2,305
3,563
2,221
2,341
2,575
4,136
2,2
2,597
4,394
2,211
2,674
4,215
3,212
2,533
4,52
2,328
4,677
2,656
2,457
3,209
2,13
2,326
2,501
2,60
2,179
2,333
2,662
2,182
2,238
4,578
2,426
3,27
2,456
3,30
2,547
2,451
3,585
3,409
4,321
2,312
2,242
2,514
2,65
2,380
2,637
3,652
2,619
2,651
2,372
2,614
2,608
2,351
2,75
2,74
2,653
2,427
2,96
2,186
4,247
3,538
2,480
3,482
2,68
2,503
2,650
2,131
2,101
2,376
2,495
4,365
2,198
3,583
2,6
3,693
2,243
2,108
3,354
2,467
2,402
4,148
2,8
3,349
2,561
3,430
4,657
2,539
2,444
2,133
2,281
2,273
2,407
2,191
2,384
2,119
2,192
3,282
3,366
2,419
2,39
2,285
2,673
2,598
2,188
2,452
4,270
2,205
3,306
2,521
2,668
2,223
2,137
2,256
3,358
2,150
2,573
2,40
2,78
3,493
2,507
2,240
2,581
2,681
2,489
2,510
2,531
2,18
4,560
4,141
4,434
2,342
2,28
4,271
2,318
2,340
2,280
3,455
2,163
2,540
2,586
2,310
2,149
4,654
4,190
2,629
2,299
2,606
2,377
2,518
3,667
3,395
3,301
3,267
4,21
2,683
3,362
3,117
4,103
2,400
2,213
2,330
3,263
2,36
2,643
2,47
2,171
4,302
3,37
2,571
2,287
4,51
2,686
3,432
3,157
2,134
2,440
3,201
2,104
2,630
2,516
4,633
2,272
4,170
2,98
2,222
4,658
2,180
2,85
2,393
2,235
2,327
2,644
3,433
2,703
2,513
2,29
2,628
2,671
2,132
2,248
2,143
1,702
4,253
