40,13
66,442
37,83
20,295
5,248
45,271
37,92
111,108
91,202
37,63
37,249
37,117
37,504
37,393
37,561
16,321
37,499
37,211
37,156
37,115
37,490
36,180
105,178
158,472
149,562
8,522
45,198
39,389
37,199
37,443
103,146
66,96
37,39
37,125
154,18
26,151
162,290
37,330
37,87
37,33
46,148
44,200
29,195
37,101
139,19
37,560
37,59
158,300
111,568
37,56
37,571
109,564
37,325
45,419
37,15
37,139
40,501
36,174
37,299
39,261
37,528
37,536
37,401
73,279
37,44
45,276
37,143
37,489
37,109
32,418
53,291
22,349
129,386
37,40
37,530
87,238
45,46
37,545
37,467
25,245
102,404
37,244
37,378
37,29
37,67
6,252
37,274
37,574
37,89
107,516
76,293
37,327
37,283
37,533
73,119
37,370
167,458
37,68
45,88
157,465
37,285
37,227
73,331
45,50
155,7
64,237
70,557
37,303
37,317
45,449
44,144
30,339
113,188
37,537
37,413
44,3
37,230
124,166
37,394
138,155
158,20
66,372
37,240
144,366
37,203
33,583
45,513
34,11
159,487
159,258
37,269
59,579
52,322
120,414
45,53
164,152
114,556
158,255
37,131
92,243
27,420
36,368
37,221
37,428
155,553
37,316
152,491
37,278
121,65
30,286
37,55
37,233
37,78
17,215
37,205
37,254
174,409
61,532
117,494
67,69
37,51
127,448
57,423
37,266
38,512
37,567
154,481
26,171
37,326
45,460
37,34
136,228
71,466
37,391
140,430
159,94
159,196
37,14
1,62
37,367
159,85
72,114
2,190
4,297
18,566
45,197
37,492
37,546
44,432
37,17
160,505
147,98
116,153
118,441
37,488
37,426
37,82
37,123
37,523
37,559
141,102
37,577
37,425
89,187
37,485
20,270
37,439
73,495
45,581
171,400
37,476
74,586
148,582
38,515
37,79
10,507
32,236
37,584
13,585
35,410
37,306
77,218
45,304
44,38
74,264
142,578
37,496
37,21
67,74
37,379
36,84
72,315
37,344
119,207
45,61
37,360
37,161
37,540
45,555
37,334
146,453
154,93
37,470
37,422
37,259
32,329
22,445
37,30
37,12
44,47
62,10
37,455
108,575
37,169
37,75
45,164
83,484
37,345
37,314
21,347
37,301
15,373
60,446
37,380
148,570
37,362
45,313
38,294
37,355
37,337
37,231
81,58
16,142
37,440
63,22
37,563
86,569
37,526
37,268
166,165
105,376
54,214
37,28
72,60
37,552
37,424
45,220
159,408
172,57
37,1
37,310
45,309
37,308
36,551
37,403
159,333
37,128
147,451
37,377
37,381
37,421
3,77
37,27
37,209
14,6
37,104
13,371
40,170
40,311
40,267
45,127
60,292
37,256
37,474
37,412
37,186
37,235
122,54
135,398
51,239
37,547
37,99
3,110
82,572
37,287
37,340
37,66
60,223
37,135
37,396
37,41
147,116
34,411
37,438
52,111
96,189
36,541
17,224
37,250
45,42
159,415
145,479
48,549
37,454
37,168
25,36
37,358
121,80
37,346
123,141
156,539
173,406
31,511
168,43
36,217
32,356
151,70
26,246
125,126
37,353
132,529
37,112
144,150
169,343
9,500
37,508
37,335
37,133
88,71
37,282
45,417
37,473
37,320
161,247
150,514
38,72
42,431
37,427
37,405
37,4
42,206
89,260
8,390
7,16
93,273
37,338
104,154
126,185
37,464
16,395
37,475
134,163
37,263
37,312
56,328
45,251
12,158
45,275
159,132
37,565
37,219
143,307
41,305
37,262
24,32
27,122
128,2
40,229
37,160
37,502
44,558
45,573
37,456
37,106
43,26
81,383
50,365
37,216
37,517
37,503
42,397
37,384
37,86
35,534
37,5
37,184
23,435
37,302
131,554
37,323
23,183
37,179
159,64
161,542
4,208
97,103
159,95
44,548
37,225
36,212
37,461
37,91
37,182
157,284
37,232
37,173
132,107
37,531
37,222
133,521
42,518
98,416
37,272
47,324
37,257
65,277
84,525
37,76
164,369
37,480
75,457
100,204
145,382
19,520
37,49
37,8
37,497
155,543
130,527
37,52
106,253
37,23
49,281
45,471
55,90
37,509
137,538
165,137
43,113
85,159
37,193
175,194
95,348
37,149
37,134
94,234
37,318
37,462
37,506
37,580
37,436
37,336
142,452
37,31
37,81
37,387
110,140
170,9
37,385
52,483
37,486
68,350
11,130
37,177
37,341
99,576
37,433
52,129
115,288
128,524
28,181
37,176
37,437
22,399
37,296
37,588
11,544
80,191
153,121
90,48
79,138
37,24
37,434
159,374
86,37
38,535
112,100
37,550
31,444
37,136
78,459
37,478
37,468
5,105
163,145
37,351
37,167
115,35
27,242
37,147
44,357
73,519
110,280
159,298
37,192
37,332
45,342
73,463
43,241
157,363
41,124
35,375
37,25
3,265
37,213
37,226
37,493
68,402
37,201
37,175
37,45
37,120
36,172
37,319
58,477
37,354
37,97
37,364
36,407
37,510
37,73
45,429
69,469
37,447
37,361
159,450
37,392
37,359
37,118
101,388
37,162
37,352
37,289
37,157
37,210
37,498
176,482
159,587
