14,50
22,293
10,579
13,100
10,701
20,607
13,264
23,587
10,525
16,128
10,688
4,545
22,663
13,99
11,245
14,19
10,294
31,574
13,676
13,185
27,308
13,523
13,632
10,239
13,590
16,123
22,356
31,665
39,389
22,130
15,698
10,555
15,639
13,337
10,442
35,320
36,67
13,338
25,23
26,76
13,168
10,227
10,329
10,105
14,679
10,418
35,692
7,388
12,289
13,54
37,146
22,524
4,491
13,385
13,396
12,612
10,154
13,435
10,155
22,699
13,591
13,458
10,381
7,284
22,296
5,554
13,420
20,61
13,498
13,97
13,374
13,642
22,58
21,156
21,530
13,536
9,118
26,459
7,392
14,478
7,474
13,110
22,626
10,553
40,275
10,589
13,397
10,304
13,288
15,428
13,602
14,34
10,666
10,286
13,497
21,7
13,162
42,229
13,522
13,519
20,283
10,425
27,208
41,176
13,278
10,166
10,684
24,125
10,126
13,266
10,473
10,334
13,22
5,623
10,20
12,363
27,38
13,41
25,343
10,492
15,421
22,69
13,453
10,470
13,14
13,82
10,187
13,219
16,494
13,496
20,371
43,313
25,70
41,234
10,189
22,661
25,465
10,350
10,572
10,355
31,159
10,624
2,391
17,596
15,431
13,615
16,89
23,167
28,71
25,62
10,565
7,113
10,311
13,611
13,315
13,25
41,317
22,307
13,55
18,613
10,647
13,490
28,621
13,346
14,508
13,655
13,95
13,387
10,237
42,297
34,449
10,164
7,506
12,680
7,357
13,232
15,594
14,566
22,87
40,592
10,645
22,520
15,4
12,265
13,700
21,556
13,410
25,322
13,694
29,91
25,436
25,196
10,599
17,486
10,345
13,367
10,401
20,316
10,72
7,178
41,548
10,544
10,443
15,165
25,249
10,80
10,390
13,600
22,648
10,16
22,45
22,353
35,603
10,298
22,511
7,468
10,549
10,636
13,593
15,1
22,261
42,259
25,244
10,92
10,177
10,204
13,220
10,33
13,90
22,183
10,416
13,145
5,121
13,31
40,9
10,618
13,617
22,695
13,448
31,135
5,231
22,86
24,383
14,115
13,217
10,228
21,408
43,5
14,207
10,472
10,106
10,609
3,446
10,24
10,483
25,475
17,558
4,669
14,255
10,675
14,580
10,140
35,378
13,181
13,672
13,269
27,439
10,199
10,291
25,323
31,112
42,399
25,505
10,570
13,93
10,335
7,246
13,84
11,450
32,664
25,429
25,94
13,107
13,463
25,649
13,499
36,405
13,127
13,557
10,274
10,562
10,225
13,153
13,460
7,414
13,424
13,627
14,678
29,268
9,197
27,584
34,57
7,224
13,214
22,481
25,109
13,46
13,142
10,454
28,479
13,309
22,512
13,111
10,605
13,502
13,32
13,641
32,375
19,359
13,210
22,124
13,659
10,422
17,364
17,569
22,373
40,441
22,690
13,601
35,488
10,537
7,348
22,559
13,638
10,411
8,250
13,35
13,314
22,290
32,63
22,689
31,331
13,413
12,417
13,361
13,11
6,292
10,276
25,172
13,404
22,252
12,509
14,169
24,151
13,139
13,660
13,120
25,43
10,527
11,466
10,193
27,195
13,682
10,515
20,260
25,218
13,203
5,251
18,138
12,17
13,640
22,487
10,262
13,254
10,59
20,161
29,696
10,44
5,236
22,542
13,202
22,42
10,471
25,226
13,622
10,577
13,88
13,610
13,102
14,206
13,567
13,3
40,386
22,543
27,528
13,685
13,534
11,504
10,691
35,500
13,56
24,116
7,370
10,49
10,625
8,174
25,437
10,352
22,344
13,551
10,631
7,184
10,398
10,279
17,576
15,620
10,634
13,461
25,438
13,15
13,360
10,464
9,257
10,564
13,144
22,194
21,325
13,415
10,324
25,26
13,10
41,129
38,635
31,147
13,646
13,552
12,160
11,369
10,604
41,469
10,477
13,445
14,319
25,175
18,152
10,546
9,173
10,64
13,81
10,48
22,568
25,79
13,295
10,277
33,303
22,216
22,526
13,462
13,200
10,412
11,485
7,550
10,332
17,403
13,347
10,582
24,670
14,517
18,616
13,447
10,300
10,423
13,77
13,336
10,687
4,697
18,406
13,12
10,476
20,541
10,53
20,595
10,258
22,532
7,529
13,368
10,241
10,114
31,66
13,588
13,379
13,233
31,83
13,158
20,484
13,339
13,73
13,382
10,535
12,230
22,122
10,305
20,563
12,221
10,341
13,575
31,136
13,2
10,597
31,394
14,211
10,674
38,215
22,212
10,533
41,52
9,328
30,677
13,656
13,457
25,209
13,13
13,326
13,501
13,60
7,179
10,333
12,662
4,182
13,238
31,578
4,426
22,27
12,456
22,30
13,547
10,451
21,585
25,409
28,321
4,312
10,242
12,514
14,65
13,380
7,637
22,652
14,619
14,651
7,372
12,614
18,608
13,351
13,75
13,74
13,653
10,427
10,96
10,186
31,247
25,538
10,480
22,482
17,68
13,503
13,650
10,131
7,101
10,376
10,495
36,365
13,198
26,583
13,6
22,693
11,243
10,108
22,354
13,467
10,402
31,148
6,8
20,349
10,561
22,430
28,657
13,539
5,444
13,133
13,281
13,273
13,407
14,191
13,384
4,119
13,192
22,282
25,366
13,419
14,39
10,285
13,673
14,598
18,188
10,452
29,270
13,205
22,306
10,521
10,668
13,223
13,137
13,256
22,358
13,150
9,573
10,40
10,78
22,493
11,507
13,240
10,581
13,681
13,489
12,510
13,531
10,18
44,560
29,141
41,434
12,342
13,28
41,271
11,318
16,340
14,280
22,455
10,163
13,540
10,586
10,310
13,149
35,654
38,190
13,629
18,299
13,606
14,377
10,518
20,667
22,395
22,301
21,267
28,21
13,683
22,362
25,117
42,103
10,400
10,213
13,330
22,263
13,36
10,643
13,47
13,171
27,302
25,37
10,571
6,287
44,51
10,686
25,432
22,157
10,134
13,440
22,201
10,104
13,630
13,516
31,633
10,272
27,170
13,98
12,222
37,658
8,180
13,85
10,393
10,235
12,327
13,644
24,433
13,703
10,513
10,29
8,628
13,671
13,132
13,248
13,143
1,702
38,253
