1,307
1,518
1,190
1,422
1,622
1,230
1,494
1,7
1,371
1,500
1,749
1,497
1,534
1,711
2,19
1,717
1,635
1,627
1,742
1,713
1,203
1,463
1,583
1,747
1,323
1,496
1,723
1,690
1,661
2,670
1,70
1,701
2,639
1,358
1,283
2,399
2,510
2,158
1,609
1,150
1,710
2,391
1,737
1,550
1,188
1,453
1,472
1,567
2,738
2,236
2,529
1,434
1,14
1,593
1,699
1,278
1,235
1,71
1,25
1,605
1,382
2,630
1,46
1,473
2,435
1,603
1,644
1,604
3,172
1,152
1,201
1,153
1,720
1,340
1,741
1,269
1,731
1,298
1,488
1,41
1,378
1,458
1,480
2,743
1,705
1,255
1,576
1,229
1,479
1,396
1,442
1,633
1,383
1,78
1,218
1,548
1,189
1,133
1,261
1,111
2,20
1,267
2,281
1,328
3,678
3,415
1,318
1,142
1,504
1,522
1,681
2,572
1,707
1,259
1,96
1,200
3,3
1,125
2,372
1,695
1,613
1,220
1,694
2,162
1,573
1,72
1,512
1,539
2,73
1,407
2,433
3,179
1,379
3,507
1,698
1,598
1,532
1,315
1,360
1,525
1,338
1,735
3,725
1,226
3,728
1,100
1,553
1,543
2,93
1,74
1,257
1,658
1,537
1,34
2,57
1,493
1,653
1,334
1,126
1,85
1,621
1,600
1,240
1,570
1,198
1,224
1,171
1,417
1,623
1,157
1,136
1,186
1,64
1,716
1,719
1,536
1,364
2,652
1,599
1,47
1,205
1,317
1,183
1,81
1,116
1,509
1,195
1,250
1,165
1,571
1,246
2,151
2,335
2,175
1,498
1,313
1,555
1,620
2,578
1,169
1,24
1,1
1,395
2,61
1,732
1,637
2,446
1,692
2,666
2,629
1,277
1,309
2,23
1,714
1,540
2,523
1,592
1,292
2,381
1,746
2,147
1,703
3,141
1,270
1,615
1,306
1,607
1,297
1,182
1,359
1,410
1,176
1,726
1,202
1,95
1,736
1,228
3,118
1,343
1,730
1,58
1,414
1,471
1,60
2,709
1,486
1,443
1,683
1,11
1,424
2,211
1,291
1,485
1,533
1,404
2,242
1,515
1,680
1,521
1,272
1,481
1,159
1,589
1,568
1,167
1,140
1,110
1,559
1,403
1,342
1,16
1,501
1,139
2,206
2,426
1,405
1,503
1,341
1,27
2,212
1,331
2,686
1,684
2,641
2,631
3,252
1,505
2,344
1,355
1,314
1,447
1,495
1,474
1,624
3,357
2,483
1,398
1,712
1,367
2,98
1,706
1,164
1,2
1,54
1,406
1,347
1,619
1,418
1,420
1,490
2,665
1,632
1,451
1,676
1,352
3,366
1,163
1,370
1,59
2,580
2,237
1,325
1,350
1,502
1,362
1,664
1,90
1,544
1,660
2,26
1,663
1,380
3,327
1,170
1,584
1,130
1,449
1,91
1,421
1,587
1,55
1,389
1,135
1,174
1,154
1,66
1,121
1,265
2,104
1,253
1,48
1,638
2,640
1,279
1,588
1,552
1,92
1,214
1,53
1,39
1,642
1,662
2,187
1,263
1,724
1,601
1,400
2,636
1,466
1,99
1,234
1,13
2,68
1,430
1,439
2,339
2,123
1,393
1,748
1,290
1,56
1,693
1,10
1,29
2,597
1,128
1,127
1,222
1,287
2,12
1,647
1,477
1,594
1,476
1,289
1,354
1,258
1,557
1,394
1,560
1,241
1,35
1,262
1,348
1,148
1,563
1,89
1,590
2,301
1,160
1,94
1,138
1,454
1,530
1,319
1,346
1,546
1,361
2,516
1,271
1,535
1,332
2,239
1,168
2,67
1,437
3,541
1,5
2,387
1,369
1,464
1,657
1,634
1,31
1,113
1,86
1,628
1,750
1,436
1,310
2,667
1,18
1,4
1,669
1,120
1,293
1,161
1,232
1,491
1,654
1,411
2,668
1,616
1,729
1,562
1,462
2,305
1,374
3,208
1,484
2,231
1,595
1,511
1,655
1,227
1,260
2,8
1,97
2,9
2,401
1,547
1,460
1,107
1,21
3,166
1,538
1,554
1,184
1,181
1,564
1,468
1,40
1,185
1,478
1,75
1,87
2,304
1,63
1,397
1,649
1,43
2,428
1,431
1,606
1,336
1,408
1,519
1,574
3,520
1,233
1,22
1,673
1,312
1,109
1,217
1,581
1,386
1,413
1,243
1,733
1,659
1,365
1,215
1,517
1,558
1,687
1,17
1,689
1,299
1,596
1,356
1,455
1,28
1,648
1,44
1,744
2,249
2,108
1,450
1,244
2,324
1,677
1,682
1,650
1,337
1,264
1,268
1,700
1,561
1,674
1,32
2,351
1,651
1,345
2,432
1,114
1,551
1,173
2,416
1,672
1,88
1,444
1,115
1,77
1,82
2,225
1,177
1,514
1,266
1,52
1,276
1,611
1,625
1,79
1,102
1,438
1,180
1,326
2,708
1,524
1,402
1,83
1,645
1,146
2,456
1,565
2,513
1,685
2,76
1,329
1,585
2,6
1,506
1,122
1,388
3,322
1,247
1,445
1,254
1,608
1,375
1,465
1,392
1,591
1,303
1,197
1,308
1,45
1,80
1,508
1,727
2,294
1,702
1,721
1,273
1,137
1,489
1,302
1,144
3,191
1,196
2,482
1,643
2,448
1,566
1,618
2,715
1,384
1,412
1,440
1,156
1,526
1,248
1,722
1,691
2,531
1,452
1,492
1,349
1,363
1,675
1,119
1,368
1,124
1,740
1,274
1,62
1,390
1,612
1,542
1,275
1,216
1,256
1,219
1,549
2,149
1,688
1,577
1,285
1,131
1,425
1,204
1,626
1,528
1,84
2,469
1,51
1,753
1,209
1,296
1,50
1,221
1,245
1,646
1,545
1,671
1,614
1,320
1,467
1,282
2,101
1,194
1,199
1,602
2,207
1,409
1,178
1,129
2,251
1,617
1,527
1,373
1,330
1,38
1,15
1,470
1,311
2,704
1,739
1,49
2,679
1,745
1,103
1,353
1,193
2,288
3,429
1,423
1,300
1,284
1,36
1,487
1,280
2,461
1,569
1,155
1,112
1,718
1,579
1,734
1,37
1,192
1,457
1,210
1,656
1,556
1,376
2,321
1,441
1,42
1,582
1,575
1,30
1,213
1,377
1,33
1,65
1,385
1,419
1,696
1,69
1,333
1,105
2,316
1,475
1,295
1,499
1,697
2,134
2,459
1,427
1,586
1,145
1,143
2,751
1,238
1,610
1,106
1,132
1,286
3,223
3,752
2,117
