4,307
4,518
4,190
3,422
3,622
1,230
4,494
3,7
3,371
4,500
4,749
4,497
4,534
4,711
8,19
4,717
3,635
3,627
4,742
4,713
3,203
3,463
4,583
4,747
4,323
4,496
4,723
3,690
4,661
7,670
3,70
3,701
9,639
4,358
3,283
8,399
7,510
8,158
4,609
3,150
4,710
7,391
3,737
3,550
2,188
4,453
4,472
4,567
8,738
8,236
8,529
1,434
4,14
4,593
4,699
4,278
4,235
4,71
4,25
4,605
4,382
8,630
3,46
4,473
9,435
4,603
3,644
4,604
11,172
4,152
4,201
4,153
4,720
4,340
3,741
1,269
1,731
4,298
1,488
2,41
4,378
1,458
1,480
8,743
4,705
3,255
3,576
6,229
3,479
4,396
4,442
4,633
4,383
3,78
4,218
4,548
3,189
4,133
4,261
4,111
8,20
1,267
8,281
4,328
11,678
12,415
3,318
3,142
3,504
4,522
4,681
7,572
3,707
3,259
1,96
4,200
14,3
4,125
8,372
3,695
4,613
1,220
4,694
8,162
4,573
4,72
4,512
4,539
8,73
4,407
8,433
12,179
4,379
11,507
4,698
4,598
2,532
3,315
4,360
4,525
4,338
4,735
10,725
2,226
10,728
1,100
4,553
3,543
8,93
4,74
4,257
4,658
4,537
4,34
8,57
2,493
4,653
4,334
4,126
3,85
3,621
4,600
4,240
4,570
4,198
3,224
4,171
3,417
4,623
4,157
4,136
4,186
5,64
4,716
4,719
4,536
1,364
8,652
4,599
1,47
3,205
4,317
4,183
3,81
3,116
4,509
4,195
4,250
4,165
4,571
2,246
7,151
8,335
8,175
4,498
2,313
2,555
4,620
8,578
4,169
4,24
4,1
4,395
8,61
4,732
4,637
8,446
3,692
8,666
7,629
4,277
4,309
7,23
4,714
3,540
8,523
3,592
4,292
8,381
4,746
8,147
4,703
12,141
4,270
1,615
4,306
3,607
4,297
4,182
4,359
3,410
3,176
3,726
4,202
4,95
4,736
4,228
12,118
3,343
4,730
3,58
4,414
3,471
3,60
8,709
4,486
1,443
2,683
3,11
4,424
8,211
4,291
4,485
1,533
4,404
8,242
4,515
3,680
4,521
3,272
4,481
3,159
4,589
3,568
4,167
1,140
4,110
3,559
4,403
4,342
3,16
4,501
2,139
8,206
8,426
1,405
4,503
4,341
4,27
8,212
4,331
8,686
4,684
8,641
8,631
12,252
4,505
8,344
3,355
4,314
4,447
4,495
3,474
2,624
11,357
8,483
4,398
4,712
3,367
8,98
3,706
2,164
2,2
3,54
3,406
4,347
4,619
2,418
4,420
3,490
8,665
3,632
4,451
4,676
4,352
11,366
4,163
4,370
3,59
8,580
7,237
1,325
4,350
3,502
4,362
1,664
4,90
4,544
1,660
8,26
4,663
3,380
11,327
4,170
4,584
3,130
3,449
4,91
4,421
4,587
4,55
4,389
4,135
4,174
3,154
3,66
4,121
3,265
8,104
4,253
3,48
4,638
8,640
3,279
4,588
3,552
4,92
4,214
4,53
4,39
3,642
4,662
8,187
4,263
3,724
4,601
4,400
8,636
3,466
4,99
4,234
4,13
8,68
3,430
2,439
7,339
7,123
4,393
4,748
4,290
4,56
4,693
4,10
2,29
9,597
3,128
3,127
1,222
4,287
8,12
4,647
2,477
4,594
3,476
4,289
4,354
3,258
4,557
4,394
4,560
3,241
1,35
4,262
4,348
4,148
4,563
4,89
3,590
8,301
4,160
3,94
2,138
3,454
4,530
4,319
5,346
4,546
4,361
9,516
4,271
4,535
4,332
8,239
4,168
8,67
4,437
11,541
3,5
8,387
4,369
3,464
3,657
4,634
4,31
4,113
3,86
3,628
1,750
4,436
2,310
7,667
4,18
4,4
1,669
1,120
4,293
4,161
2,232
4,491
3,654
4,411
8,668
4,616
3,729
3,562
1,462
7,305
4,374
11,208
3,484
8,231
3,595
4,511
3,655
2,227
4,260
8,8
3,97
8,9
8,401
4,547
4,460
4,107
4,21
11,166
3,538
3,554
3,184
4,181
4,564
4,468
2,40
4,185
3,478
4,75
4,87
8,304
4,63
2,397
4,649
3,43
8,428
4,431
4,606
4,336
4,408
4,519
4,574
11,520
4,233
4,22
4,673
4,312
4,109
4,217
1,581
4,386
2,413
4,243
4,733
3,659
4,365
1,215
1,517
4,558
3,687
3,17
4,689
3,299
3,596
4,356
4,455
4,28
1,648
4,44
2,744
8,249
8,108
4,450
3,244
8,324
4,677
4,682
4,650
3,337
4,264
4,268
3,700
4,561
4,674
3,32
8,351
4,651
4,345
8,432
3,114
3,551
4,173
8,416
4,672
3,88
4,444
4,115
3,77
4,82
7,225
3,177
3,514
4,266
3,52
3,276
3,611
3,625
3,79
1,102
2,438
4,180
4,326
8,708
4,524
4,402
4,83
4,645
3,146
7,456
4,565
8,513
4,685
7,76
4,329
3,585
7,6
4,506
4,122
1,388
10,322
4,247
4,445
4,254
3,608
2,375
4,465
4,392
3,591
3,303
3,197
4,308
4,45
4,80
4,508
4,727
8,294
4,702
4,721
4,273
3,137
4,489
2,302
4,144
12,191
1,196
8,482
4,643
8,448
4,566
3,618
8,715
2,384
4,412
4,440
4,156
4,526
4,248
4,722
1,691
8,531
4,452
3,492
4,349
4,363
4,675
4,119
4,368
3,124
4,740
4,274
4,62
4,390
4,612
4,542
4,275
4,216
2,256
4,219
1,549
8,149
3,688
3,577
3,285
3,131
3,425
4,204
4,626
3,528
3,84
7,469
3,51
4,753
3,209
4,296
4,50
4,221
4,245
4,646
4,545
4,671
3,614
3,320
3,467
4,282
8,101
5,194
3,199
3,602
8,207
4,409
3,178
4,129
8,251
4,617
4,527
3,373
4,330
4,38
1,15
4,470
3,311
8,704
3,739
4,49
8,679
4,745
4,103
4,353
4,193
9,288
11,429
4,423
4,300
3,284
4,36
2,487
4,280
8,461
4,569
4,155
4,112
1,718
4,579
4,734
4,37
4,192
4,457
4,210
2,656
4,556
4,376
7,321
4,441
4,42
2,582
2,575
4,30
4,213
4,377
4,33
2,65
4,385
3,419
4,696
4,69
4,333
3,105
7,316
4,475
4,295
4,499
4,697
8,134
8,459
4,427
4,586
4,145
3,143
8,751
4,238
4,610
4,106
4,132
3,286
10,223
13,752
8,117
