55,421
57,411
10,17
10,207
45,476
10,513
45,681
46,700
43,279
45,147
33,149
46,428
10,636
10,327
10,187
45,585
45,440
46,441
45,638
45,60
45,677
45,416
46,240
46,113
45,384
46,132
10,110
7,152
33,604
45,321
10,399
10,610
46,169
45,219
10,594
45,20
46,77
45,5
45,64
45,204
45,400
45,339
10,503
46,167
45,622
19,499
46,362
46,473
45,103
10,527
46,508
10,635
10,666
45,216
10,7
8,612
45,454
10,232
45,260
45,693
10,526
33,497
10,252
45,439
45,262
46,221
45,511
46,16
10,229
46,41
45,280
33,698
45,554
45,128
4,540
45,114
45,494
10,561
46,304
46,154
43,684
45,39
45,600
46,261
10,40
10,184
45,97
23,354
45,423
46,76
10,139
30,21
10,530
21,437
46,597
45,118
45,356
45,290
10,544
3,386
10,65
45,697
45,583
45,688
10,195
31,501
7,200
37,73
46,82
45,611
46,89
34,317
45,571
45,448
46,49
10,133
46,430
45,98
45,276
46,521
31,319
10,447
45,663
46,183
3,263
33,312
30,54
45,71
42,696
46,202
46,690
45,102
45,652
33,628
33,302
45,655
43,538
10,496
45,672
9,461
10,433
45,178
10,123
8,575
45,648
10,584
45,590
46,479
45,617
46,182
45,664
45,609
45,602
45,514
34,436
10,486
45,488
45,190
46,640
45,326
46,413
46,268
46,369
10,676
45,57
46,649
45,593
45,83
45,429
46,485
46,298
45,553
33,425
45,30
46,287
40,160
45,460
45,517
46,644
10,542
34,328
45,373
45,87
45,365
10,558
34,667
45,157
10,408
46,380
45,427
10,42
46,581
45,468
10,464
45,224
45,104
46,596
46,25
46,606
45,38
46,237
45,34
46,492
45,574
1,475
33,36
45,174
10,306
11,407
5,406
28,415
10,142
45,153
46,417
46,375
45,355
38,493
46,599
45,136
10,539
45,342
11,569
49,96
45,310
45,59
45,536
10,598
10,168
45,370
46,226
36,177
45,145
46,463
46,565
20,213
46,686
45,699
45,196
46,389
45,469
10,378
10,311
10,404
10,238
10,10
62,608
45,284
57,336
46,165
10,466
46,297
45,22
46,682
49,452
46,158
39,247
10,673
46,502
44,481
45,434
45,351
45,577
45,591
10,374
45,67
46,545
46,692
45,381
43,19
46,403
10,573
46,172
10,74
10,665
10,507
45,314
52,45
46,119
45,265
45,451
46,296
10,225
10,151
45,193
46,159
16,18
45,490
43,680
46,131
45,201
36,528
10,236
10,579
33,658
46,394
45,632
45,376
45,117
46,689
21,446
46,385
45,519
46,95
45,124
10,391
45,197
33,350
61,641
46,345
45,214
45,148
45,26
9,251
45,582
10,605
46,529
45,161
17,624
45,668
10,661
45,24
10,509
46,555
46,309
46,472
45,218
45,359
45,379
44,215
10,477
46,163
10,230
37,533
10,111
46,150
45,66
10,419
25,33
45,397
43,639
43,601
45,387
46,267
10,551
46,289
33,683
10,675
10,171
33,516
46,199
45,120
10,410
42,643
45,162
45,44
45,239
24,458
10,637
46,694
58,37
10,691
45,409
6,371
10,631
45,115
10,48
10,512
33,303
45,130
45,524
46,343
43,325
45,234
45,198
45,272
46,630
10,398
45,295
46,324
45,233
45,570
16,642
46,462
45,618
46,438
45,68
46,266
9,192
45,8
51,456
46,443
48,84
10,109
46,12
10,51
9,255
46,495
46,47
45,634
45,249
31,179
10,175
45,270
45,90
10,299
45,619
45,253
45,281
46,79
46,483
45,607
46,80
45,23
46,285
45,189
45,383
45,301
3,705
46,203
43,258
45,70
33,701
45,166
10,562
45,505
33,170
45,323
45,335
45,654
45,414
32,316
10,412
45,278
45,651
10,331
45,471
45,329
46,259
45,392
45,254
45,223
10,515
46,678
10,137
43,550
46,620
45,9
45,341
51,81
11,288
45,269
45,623
19,687
45,445
10,340
46,467
29,674
46,420
30,552
45,578
45,372
46,353
45,129
45,390
10,470
45,449
43,277
45,629
45,108
51,333
47,217
46,256
45,176
10,556
45,291
45,231
46,1
19,566
45,588
10,520
45,2
34,248
46,626
11,360
45,679
45,670
10,246
45,308
10,589
46,349
21,346
45,206
45,422
45,426
46,62
45,173
45,11
10,557
45,564
10,671
45,307
45,532
45,135
18,126
46,580
20,535
45,134
45,72
46,368
10,29
45,703
46,294
45,181
45,704
49,186
46,482
45,155
22,112
46,401
57,121
45,106
10,702
26,431
46,534
10,459
45,92
45,127
46,257
46,361
45,334
10,510
33,53
46,337
35,548
33,85
45,78
10,650
45,522
45,480
45,320
20,344
45,322
10,366
45,275
45,621
10,498
10,271
10,4
10,241
43,567
46,563
43,180
45,465
45,242
46,364
41,633
33,367
45,27
10,537
11,487
45,377
46,191
10,292
33,282
45,525
54,50
10,101
2,86
45,61
46,592
45,660
10,559
45,543
45,208
45,143
10,243
45,405
43,474
46,15
33,245
45,695
46,283
45,659
45,613
45,442
10,3
13,116
56,546
63,52
45,250
45,315
10,35
45,627
45,586
10,227
45,393
45,347
45,305
45,156
45,146
46,576
45,185
20,547
45,13
46,332
45,489
46,99
45,657
45,188
45,32
45,164
45,395
10,194
10,14
8,424
12,662
45,435
46,549
46,264
43,58
10,500
45,228
43,274
46,656
11,273
58,138
10,352
45,685
53,141
46,572
46,244
46,220
10,122
46,432
45,348
45,595
46,444
45,63
46,91
45,43
46,330
46,6
46,55
45,402
14,358
11,293
4,614
45,531
45,105
10,93
46,455
45,69
27,31
46,212
45,396
10,140
10,388
46,313
10,560
10,625
46,222
10,209
45,484
45,646
45,450
45,616
45,56
46,615
15,144
60,107
33,28
45,363
45,210
43,645
46,587
45,75
45,647
50,100
59,125
46,418
45,669
45,235
46,541
45,506
10,603
45,491
43,300
45,94
46,88
45,518
46,286
45,382
45,318
46,504
10,46
45,478
45,453
45,338
45,357
45,523
46,568
32,205
33,211
34,653
46,457
