30,50
46,293
21,579
26,100
19,701
41,607
28,264
49,587
19,525
33,128
16,688
5,545
46,663
28,99
22,245
29,19
20,294
61,574
28,676
28,185
54,308
28,523
28,632
19,239
28,590
33,123
47,356
63,665
72,389
47,130
31,698
17,555
31,639
28,337
17,442
67,320
68,67
28,338
51,23
52,76
28,168
21,227
20,329
21,105
29,679
17,418
67,692
10,388
23,289
28,54
69,146
46,524
5,491
28,385
28,396
23,612
17,154
28,435
21,155
46,699
28,591
28,458
17,381
10,284
48,296
7,554
28,420
40,61
28,498
28,97
28,374
25,642
46,58
44,156
44,530
28,536
15,118
52,459
10,392
29,478
10,474
28,110
46,626
19,553
73,275
19,589
27,397
21,304
28,288
31,428
26,602
30,34
19,666
19,286
28,497
42,7
28,162
76,229
28,522
28,519
40,283
21,425
53,208
75,176
28,278
19,166
19,684
50,125
17,126
28,266
17,473
19,334
28,22
8,623
19,20
23,363
53,38
28,41
51,343
20,492
31,421
46,69
28,453
17,470
28,14
28,82
19,187
28,219
32,494
28,496
40,371
78,313
51,70
75,234
19,189
46,661
51,465
20,350
20,572
19,355
61,159
17,624
2,391
35,596
31,431
28,615
34,89
49,167
55,71
51,62
20,565
10,113
18,311
28,611
28,315
28,25
75,317
46,307
28,55
37,613
21,647
28,490
56,621
27,346
29,508
28,655
28,95
28,387
20,237
76,297
66,449
16,164
10,506
23,680
10,357
28,232
31,594
29,566
46,87
73,592
19,645
46,520
31,4
24,265
28,700
42,556
28,410
51,322
28,694
58,91
51,436
51,196
20,599
35,486
20,345
26,367
17,401
40,316
19,72
12,178
75,548
21,544
20,443
31,165
51,249
21,80
19,390
28,600
46,648
17,16
46,45
46,353
67,603
17,298
46,511
12,468
19,549
20,636
28,593
31,1
46,261
76,259
51,244
17,92
18,177
21,204
28,220
19,33
28,90
46,183
19,416
27,145
6,121
28,31
73,9
21,618
27,617
46,695
28,448
62,135
8,231
45,86
50,383
30,115
28,217
19,228
42,408
78,5
29,207
17,472
20,106
20,609
3,446
21,24
19,483
51,475
35,558
5,669
30,255
20,675
30,580
21,140
67,378
28,181
26,672
28,269
54,439
17,199
19,291
51,323
63,112
76,399
51,505
18,570
28,93
16,335
10,246
28,84
22,450
64,664
51,429
51,94
28,107
28,463
51,649
28,499
68,405
28,127
28,557
17,274
19,562
16,225
28,153
28,460
10,414
28,424
27,627
30,678
59,268
14,197
54,584
66,57
10,224
28,214
46,481
51,109
28,46
28,142
17,454
55,479
28,309
45,512
28,111
17,605
28,502
25,32
28,641
64,375
39,359
28,210
45,124
26,659
19,422
36,364
36,569
46,373
74,441
46,690
28,601
67,488
17,537
11,348
46,559
28,638
19,411
13,250
28,35
28,314
46,290
64,63
46,689
63,331
28,413
23,417
26,361
28,11
9,292
17,276
51,172
28,404
48,252
23,509
29,169
50,151
28,139
28,660
27,120
51,43
17,527
22,466
16,193
53,195
28,682
17,515
40,260
51,218
26,203
8,251
37,138
23,17
28,640
48,487
17,262
28,254
17,59
40,161
57,696
19,44
6,236
48,542
28,202
46,42
19,471
51,226
28,622
21,577
27,88
28,610
28,102
29,206
28,567
28,3
73,386
46,543
54,528
28,685
28,534
22,504
19,691
67,500
26,56
50,116
11,370
16,49
19,625
13,174
51,437
19,352
47,344
26,551
17,631
12,184
17,398
17,279
36,576
31,620
17,634
28,461
51,438
28,15
28,360
17,464
15,257
17,564
28,144
47,194
44,325
28,415
19,324
51,26
28,10
75,129
70,635
63,147
28,646
26,552
23,160
22,369
19,604
75,469
17,477
28,445
29,319
51,175
38,152
19,546
14,173
19,64
27,81
19,48
47,568
51,79
28,295
17,277
65,303
47,216
46,526
28,462
28,200
18,412
22,485
12,550
19,332
35,403
28,347
20,582
50,670
30,517
37,616
28,447
21,300
19,423
28,77
28,336
19,687
5,697
37,406
28,12
17,476
40,541
17,53
40,595
19,258
46,532
12,529
26,368
20,241
17,114
62,66
28,588
28,379
28,233
62,83
28,158
40,484
28,339
28,73
28,382
19,535
23,230
46,122
17,305
40,563
23,221
19,341
27,575
62,136
28,2
20,597
62,394
30,211
17,674
71,215
48,212
20,533
75,52
14,328
60,677
28,656
26,457
51,209
28,13
28,326
28,501
28,60
12,179
20,333
23,662
4,182
28,238
62,578
4,426
46,27
23,456
46,30
28,547
17,451
43,585
51,409
56,321
5,312
21,242
23,514
29,65
28,380
10,637
47,652
29,619
30,651
11,372
23,614
37,608
28,351
28,75
28,74
26,653
19,427
19,96
17,186
61,247
51,538
18,480
46,482
35,68
28,503
27,650
21,131
10,101
17,376
19,495
68,365
28,198
52,583
28,6
46,693
22,243
21,108
46,354
28,467
19,402
62,148
9,8
40,349
17,561
47,430
56,657
28,539
7,444
28,133
28,281
28,273
27,407
30,191
27,384
5,119
28,192
46,282
51,366
26,419
29,39
17,285
28,673
29,598
37,188
17,452
57,270
28,205
48,306
19,521
21,668
28,223
28,137
28,256
48,358
28,150
14,573
19,40
19,78
48,493
22,507
28,240
21,581
28,681
28,489
23,510
28,531
17,18
80,560
58,141
75,434
23,342
28,28
75,271
22,318
32,340
30,280
48,455
17,163
28,540
20,586
17,310
28,149
67,654
70,190
26,629
37,299
28,606
29,377
19,518
40,667
48,395
48,301
44,267
55,21
28,683
46,362
51,117
77,103
17,400
20,213
28,330
46,263
28,36
19,643
28,47
28,171
54,302
51,37
19,571
9,287
79,51
19,686
51,432
46,157
19,134
28,440
46,201
17,104
28,630
27,516
62,633
20,272
54,170
28,98
23,222
69,658
13,180
28,85
17,393
17,235
23,327
28,644
50,433
26,703
19,513
21,29
13,628
28,671
28,132
26,248
28,143
1,702
70,253
