57,13
90,442
50,83
27,295
7,248
65,271
50,92
138,108
118,202
48,63
50,249
48,117
50,504
50,393
50,561
21,321
49,499
50,211
50,156
50,115
49,490
47,180
132,178
189,472
179,562
12,522
65,198
55,389
50,199
48,443
130,146
89,96
50,39
50,125
184,18
34,151
195,290
49,330
50,87
50,33
67,148
64,200
39,195
50,101
167,19
50,560
48,59
189,300
138,568
50,56
50,571
136,564
50,325
65,419
50,15
50,139
57,501
47,174
50,299
55,261
48,528
50,536
50,401
99,279
50,44
65,276
50,143
50,489
50,109
42,418
75,291
29,349
157,386
49,40
48,530
113,238
65,46
50,545
49,467
33,245
129,404
49,244
50,378
49,29
50,67
9,252
50,274
50,574
50,89
134,516
102,293
50,327
48,283
50,533
99,119
50,370
200,458
49,68
65,88
187,465
50,285
49,227
99,331
65,50
185,7
87,237
95,557
50,303
50,317
65,449
63,144
40,339
140,188
51,537
50,413
63,3
50,230
152,166
50,394
166,155
189,20
89,372
49,240
173,366
50,203
44,583
65,513
45,11
190,487
190,258
50,269
81,579
74,322
148,414
65,53
197,152
141,556
189,255
50,131
119,243
36,420
47,368
50,221
50,428
185,553
50,316
182,491
50,278
149,65
40,286
50,55
50,233
49,78
23,215
50,205
50,254
207,409
84,532
145,494
91,69
48,51
155,448
79,423
48,266
53,512
50,567
184,481
34,171
48,326
65,460
50,34
164,228
96,466
50,391
168,430
190,94
190,196
50,14
1,62
50,367
190,85
97,114
2,190
6,297
25,566
65,197
49,492
50,546
63,432
51,17
192,505
177,98
144,153
146,441
50,488
50,426
49,82
50,123
50,523
50,559
169,102
50,577
50,425
116,187
50,485
27,270
48,439
99,495
65,581
204,400
50,476
100,586
178,582
54,515
50,79
14,507
42,236
49,584
18,585
46,410
50,306
103,218
65,304
63,38
100,264
171,578
50,496
50,21
91,74
50,379
47,84
98,315
50,344
147,207
65,61
49,360
50,161
50,540
65,555
50,334
176,453
184,93
50,470
50,422
50,259
43,329
29,445
50,30
50,12
63,47
85,10
50,455
135,575
50,169
50,75
65,164
109,484
50,345
48,314
28,347
50,301
20,373
82,446
49,380
178,570
50,362
65,313
53,294
50,355
49,337
50,231
107,58
22,142
50,440
86,22
50,563
112,569
50,526
50,268
199,165
132,376
76,214
50,28
97,60
50,552
50,424
65,220
190,408
205,57
50,1
50,310
65,309
50,308
47,551
50,403
191,333
51,128
177,451
50,377
50,381
48,421
3,77
50,27
49,209
19,6
49,104
18,371
56,170
56,311
56,267
65,127
82,292
52,256
48,474
49,412
50,186
50,235
150,54
163,398
72,239
50,547
50,99
4,110
108,572
50,287
50,340
50,66
83,223
48,135
50,396
50,41
177,116
45,411
48,438
73,111
123,189
47,541
24,224
50,250
65,42
190,415
175,479
69,549
48,454
48,168
32,36
48,358
149,80
50,346
151,141
186,539
206,406
41,511
201,43
47,217
42,356
181,70
35,246
153,126
48,353
160,529
52,112
174,150
202,343
13,500
50,508
50,335
50,133
114,71
50,282
65,417
50,473
48,320
193,247
180,514
54,72
59,431
50,427
49,405
48,4
60,206
115,260
11,390
10,16
120,273
50,338
131,154
154,185
50,464
21,395
50,475
162,163
50,263
50,312
78,328
66,251
17,158
65,275
191,132
49,565
50,219
172,307
58,305
50,262
31,32
37,122
156,2
57,229
50,160
49,502
63,558
65,573
50,456
50,106
62,26
107,383
71,365
50,216
50,517
50,503
61,397
48,384
50,86
46,534
49,5
49,184
30,435
50,302
159,554
50,323
30,183
49,179
190,64
194,542
5,208
124,103
190,95
63,548
49,225
47,212
49,461
50,91
50,182
188,284
48,232
48,173
160,107
50,531
50,222
161,521
59,518
125,416
48,272
68,324
48,257
88,277
110,525
50,76
197,369
50,480
101,457
127,204
175,382
26,520
50,49
50,8
50,497
185,543
158,527
48,52
133,253
50,23
70,281
65,471
77,90
49,509
165,538
198,137
62,113
111,159
50,193
208,194
122,348
48,149
49,134
121,234
50,318
49,462
50,506
50,580
50,436
49,336
170,452
50,31
49,81
49,387
137,140
203,9
50,385
73,483
50,486
93,350
15,130
50,177
49,341
126,576
49,433
73,129
143,288
156,524
38,181
50,176
50,437
29,399
49,296
50,588
16,544
106,191
183,121
117,48
105,138
50,24
49,434
190,374
112,37
53,535
139,100
50,550
41,444
50,136
104,459
50,478
50,468
8,105
196,145
50,351
50,167
142,35
36,242
48,147
63,357
99,519
137,280
191,298
50,192
49,332
65,342
99,463
62,241
187,363
58,124
46,375
50,25
3,265
48,213
50,226
50,493
92,402
49,201
50,175
50,45
50,120
47,172
50,319
80,477
51,354
50,97
50,364
47,407
52,510
50,73
65,429
94,469
50,447
48,361
190,450
49,392
49,359
50,118
128,388
49,162
49,352
50,289
49,157
49,210
49,498
209,482
191,587
