15,876
74,323
15,808
15,836
15,109
15,992
15,40
40,214
15,320
15,216
52,554
15,32
15,434
15,68
15,447
15,117
15,957
15,664
53,645
15,1032
15,427
15,668
15,340
50,888
15,505
15,342
61,170
15,360
15,330
15,891
15,287
15,1063
49,278
15,970
15,913
15,682
15,972
15,654
15,243
15,419
15,266
15,141
15,739
15,828
1,319
15,380
15,501
15,916
15,293
15,908
49,968
15,364
49,1076
15,658
15,730
15,47
15,306
43,571
15,722
15,296
15,871
15,446
61,387
15,77
28,963
15,366
15,1056
15,1089
15,173
15,971
15,846
15,678
15,897
35,816
15,1017
49,939
15,308
69,561
2,921
15,202
15,748
15,17
17,583
15,70
15,404
15,529
15,1009
15,852
15,787
20,1000
13,414
49,85
15,494
52,98
49,814
15,585
15,378
15,185
15,488
40,254
33,316
15,261
15,1012
15,149
41,745
23,262
15,524
49,268
15,270
15,448
49,339
49,207
15,646
44,450
15,934
33,178
15,684
15,399
33,28
15,99
49,917
15,246
52,784
15,1027
40,406
15,424
15,652
50,482
41,914
15,1030
15,826
15,827
15,245
15,12
15,299
15,562
15,423
15,283
49,203
15,525
15,769
15,979
15,647
15,159
49,783
15,998
15,679
39,29
15,721
15,73
15,560
15,800
5,744
15,749
15,142
15,81
15,1052
15,1072
15,703
49,490
40,620
15,631
49,1037
15,956
15,1008
15,1071
15,162
15,210
15,523
15,305
13,38
15,499
15,535
15,55
18,1069
64,747
15,1088
15,1082
15,929
15,1
31,742
15,23
15,536
15,579
15,187
15,297
15,750
15,39
15,157
15,215
15,115
15,756
15,665
15,978
49,983
21,773
15,75
34,1059
15,697
15,41
15,303
15,568
15,1002
15,941
15,660
15,731
15,107
15,417
41,875
15,186
15,1084
54,1020
15,411
15,812
15,223
15,97
15,96
39,442
33,588
15,355
17,151
62,251
15,344
15,405
7,902
15,1014
40,623
15,946
35,779
15,233
49,926
15,767
15,5
49,509
15,774
15,889
15,644
15,72
15,666
15,880
15,272
15,648
15,489
15,843
15,612
15,1004
30,782
39,291
15,179
15,589
15,503
15,1053
15,729
15,34
15,943
15,763
15,858
15,363
52,346
15,250
15,418
15,596
15,952
15,977
49,496
15,553
15,847
15,1054
15,211
15,694
15,59
15,240
33,1041
15,985
15,361
15,960
15,260
15,539
15,771
49,1085
49,50
15,1083
15,918
49,996
15,518
15,1077
15,415
49,236
53,298
15,1060
15,574
15,691
15,903
49,274
15,362
15,436
15,840
15,878
15,777
15,801
15,522
15,60
15,237
49,313
15,1003
15,1013
15,899
15,639
15,217
46,877
15,630
15,1044
15,166
15,923
15,1023
15,391
15,822
49,607
15,35
15,208
15,549
33,760
15,988
60,622
49,656
24,605
15,942
52,147
15,230
15,636
15,540
15,425
15,56
49,629
49,3
15,235
15,172
61,1022
15,348
15,124
15,311
15,904
76,420
15,354
15,794
15,394
29,527
15,781
65,189
15,200
15,825
15,1016
42,174
15,820
15,659
15,728
30,716
15,22
15,228
15,866
15,441
15,993
15,920
15,21
15,66
15,86
49,445
15,437
15,621
15,7
50,10
52,528
15,573
49,375
15,786
15,359
15,37
15,755
15,707
15,110
15,388
49,500
10,864
15,184
10,837
15,1078
15,671
15,403
15,127
49,557
15,947
15,146
62,845
15,422
49,241
15,392
15,197
49,862
15,52
15,674
15,628
15,282
15,102
15,62
15,351
15,155
15,949
15,807
51,958
49,1058
15,961
15,13
49,604
15,440
15,932
15,276
15,14
15,477
15,704
15,705
15,582
15,861
15,317
15,772
15,255
15,472
15,651
66,26
15,758
58,898
15,713
15,617
78,580
15,257
49,504
15,712
15,42
15,400
15,759
15,113
15,865
15,643
4,1048
1,4
15,633
15,594
15,87
15,754
15,873
15,80
15,20
49,206
15,1051
15,134
15,765
15,641
26,271
15,36
15,802
15,275
15,82
55,57
15,132
15,842
15,397
52,806
75,133
15,692
15,429
15,137
62,1074
15,1086
15,193
15,256
15,793
15,44
15,726
36,269
15,369
14,156
1,483
15,699
15,451
15,401
39,188
15,833
49,104
15,1031
15,1034
15,15
49,969
15,461
49,279
15,819
56,408
15,46
49,890
8,689
15,796
15,667
15,103
15,199
15,736
15,811
15,154
52,650
13,285
49,201
15,995
37,999
26,592
22,329
15,460
49,635
15,695
15,204
15,986
15,120
15,1042
49,884
15,601
15,1040
15,723
15,164
15,332
15,126
15,881
15,412
15,473
15,67
15,1036
15,224
15,158
15,517
15,761
15,407
33,521
15,43
15,426
15,476
15,140
49,590
33,1018
15,513
49,295
49,277
15,855
1,718
15,711
1,242
15,373
13,183
15,1001
15,900
49,1062
15,776
15,365
49,938
49,829
15,680
15,544
15,1047
63,474
15,627
28,331
49,785
15,69
15,421
30,396
45,676
15,973
33,31
15,226
15,1025
50,859
27,470
15,131
49,49
15,1055
15,386
13,459
15,300
15,135
15,177
15,449
15,1024
49,152
15,834
15,653
15,18
49,465
15,530
15,167
15,602
49,901
15,818
49,951
15,854
49,61
10,844
15,301
15,502
15,657
15,850
15,714
15,191
15,823
15,286
15,531
19,683
49,911
15,267
15,584
15,624
6,143
15,6
15,516
4,130
77,290
15,486
15,194
15,609
15,661
15,606
17,88
35,333
15,839
15,315
15,464
15,577
15,376
15,886
15,48
15,54
15,706
15,688
15,431
49,1073
15,479
15,389
15,841
1,738
15,1079
15,940
15,492
15,598
15,118
15,321
1,377
15,309
15,350
15,1068
15,439
15,907
33,463
15,122
15,1091
15,987
15,232
15,709
15,640
33,64
81,144
15,637
15,9
15,790
15,997
15,252
33,982
15,84
15,817
52,244
49,93
15,370
48,1007
15,25
13,532
15,89
15,337
15,150
49,169
15,953
15,213
15,402
41,734
61,249
15,469
15,264
15,670
49,879
15,165
15,919
15,741
15,821
15,458
49,263
15,564
15,632
15,1065
10,71
49,698
47,906
15,368
15,16
15,533
15,954
15,805
54,352
15,455
33,857
15,307
15,292
15,341
15,556
39,693
15,1080
49,475
15,327
49,345
1,519
15,168
15,944
15,379
50,534
21,180
15,593
15,551
15,192
15,930
15,182
15,515
49,634
15,356
15,136
15,870
15,1029
49,138
15,586
15,238
15,384
15,567
15,358
49,1081
15,964
15,1061
60,336
15,454
15,753
15,922
15,967
17,541
49,432
15,239
15,896
15,190
15,727
26,616
15,810
15,603
15,253
15,860
73,1064
15,740
49,456
15,438
17,804
15,614
15,314
15,608
49,526
15,872
15,538
15,768
15,416
56,312
15,1006
15,937
56,205
15,220
1,733
15,484
15,851
15,687
15,547
15,735
15,613
15,1015
17,468
49,258
15,795
14,945
35,453
15,887
15,30
15,1045
15,302
49,1066
61,966
62,381
15,989
15,480
15,791
1,975
15,788
15,1057
15,766
15,974
15,935
49,83
15,751
15,221
15,625
72,175
15,955
49,610
15,581
15,962
15,677
15,552
15,171
15,507
15,91
15,874
49,90
15,700
15,600
15,383
15,385
15,883
49,832
57,725
12,196
15,512
15,225
25,615
15,498
15,1087
65,106
15,618
15,443
15,153
15,720
15,649
15,481
15,642
15,444
15,780
49,45
40,548
15,550
15,803
15,79
52,893
15,326
15,835
79,322
15,710
15,885
15,662
15,273
15,537
15,101
49,543
15,1043
15,116
15,669
67,572
50,905
49,910
15,119
15,219
15,655
15,198
13,74
15,981
15,792
15,229
15,1021
15,626
15,948
15,478
52,976
11,181
15,927
33,510
15,1039
15,247
15,569
15,357
15,925
15,1035
49,347
3,1050
53,65
52,565
15,757
15,511
15,457
15,576
15,797
15,1067
15,611
15,936
15,395
33,33
15,334
15,869
15,520
49,145
33,546
15,195
41,950
15,294
15,325
49,892
15,163
15,752
15,743
15,435
15,491
15,789
15,770
15,578
70,984
29,558
15,1049
38,824
59,559
15,493
15,696
50,545
15,318
80,863
15,599
17,281
49,108
15,288
15,830
15,915
15,690
15,815
15,719
15,335
15,595
15,265
15,304
15,280
36,737
15,514
49,160
15,587
15,95
15,231
15,76
18,717
15,367
15,390
15,139
53,111
15,1070
15,809
13,234
15,1019
15,497
49,1028
15,413
15,980
15,597
15,965
15,764
15,638
15,121
15,701
17,1010
17,1033
32,1011
15,673
15,681
15,92
49,487
35,732
15,53
15,555
49,112
15,508
15,848
15,374
15,398
16,566
71,542
49,382
15,991
15,410
52,452
15,284
15,1038
15,51
15,591
15,909
15,724
15,371
15,24
15,868
15,575
68,128
15,931
15,409
15,372
15,1075
49,506
49,1026
15,466
15,895
15,994
15,11
15,94
15,882
15,259
49,672
15,123
35,853
15,328
15,289
15,959
15,19
52,894
15,708
49,212
15,675
15,702
15,462
15,798
49,686
15,27
29,338
15,63
15,746
49,324
30,775
15,778
15,495
15,831
33,430
15,928
15,799
40,393
15,471
15,222
49,563
29,310
15,570
15,176
15,227
15,1046
15,161
15,8
17,100
15,849
15,125
15,912
15,685
15,209
15,129
15,105
15,1090
15,248
49,485
15,218
15,715
49,148
15,353
15,114
15,58
15,349
52,838
15,428
15,867
15,467
15,2
15,762
15,813
15,78
15,1005
15,924
15,990
15,619
9,343
15,433
15,933
39,856
15,663
