36,50
53,293
25,579
30,100
23,701
48,607
34,264
57,587
23,525
40,128
18,688
5,545
53,663
34,99
26,245
35,19
24,294
70,574
34,676
34,185
63,308
34,523
34,632
23,239
34,590
40,123
54,356
72,665
82,389
54,130
37,698
19,555
38,639
34,337
20,442
76,320
77,67
34,338
59,23
60,76
34,168
25,227
24,329
25,105
35,679
19,418
76,692
12,388
27,289
34,54
79,146
53,524
5,491
34,385
34,396
27,612
19,154
34,435
25,155
53,699
34,591
34,458
20,381
12,284
55,296
7,554
34,420
47,61
34,498
34,97
34,374
29,642
53,58
51,156
51,530
34,536
17,118
61,459
11,392
35,478
12,474
34,110
53,626
22,553
83,275
23,589
31,397
25,304
34,288
38,428
30,602
36,34
22,666
22,286
32,497
49,7
34,162
86,229
34,522
34,519
47,283
25,425
62,208
85,176
34,278
23,166
22,684
58,125
19,126
34,266
19,473
23,334
34,22
9,623
23,20
27,363
62,38
34,41
59,343
24,492
37,421
53,69
34,453
19,470
34,14
34,82
22,187
34,219
39,494
34,496
47,371
89,313
59,70
85,234
23,189
53,661
59,465
24,350
24,572
23,355
70,159
19,624
2,391
42,596
37,431
34,615
41,89
57,167
64,71
59,62
24,565
12,113
21,311
34,611
34,315
34,25
85,317
53,307
34,55
44,613
25,647
34,490
65,621
31,346
35,508
34,655
34,95
34,387
24,237
86,297
75,449
18,164
12,506
27,680
12,357
34,232
38,594
35,566
53,87
83,592
23,645
53,520
37,4
28,265
34,700
49,556
34,410
59,322
34,694
67,91
59,436
59,196
24,599
42,486
24,345
30,367
19,401
47,316
23,72
14,178
85,548
25,544
24,443
38,165
59,249
25,80
23,390
34,600
53,648
19,16
53,45
53,353
76,603
19,298
53,511
14,468
23,549
24,636
34,593
38,1
53,261
86,259
59,244
19,92
21,177
25,204
34,220
23,33
34,90
53,183
23,416
31,145
6,121
34,31
83,9
25,618
31,617
53,695
34,448
71,135
8,231
52,86
58,383
36,115
34,217
22,228
49,408
88,5
35,207
20,472
24,106
24,609
3,446
25,24
23,483
59,475
42,558
5,669
36,255
24,675
36,580
25,140
76,378
34,181
30,672
34,269
63,439
19,199
23,291
59,323
72,112
86,399
59,505
21,570
34,93
18,335
11,246
34,84
26,450
73,664
59,429
59,94
34,107
34,463
59,649
34,499
77,405
34,127
34,557
20,274
23,562
18,225
34,153
34,460
11,414
34,424
31,627
36,678
68,268
16,197
63,584
75,57
11,224
34,214
53,481
59,109
34,46
34,142
19,454
64,479
34,309
52,512
34,111
20,605
34,502
29,32
34,641
73,375
46,359
34,210
52,124
30,659
23,422
43,364
43,569
53,373
84,441
53,690
34,601
76,488
20,537
13,348
53,559
34,638
22,411
15,250
34,35
34,314
53,290
73,63
53,689
72,331
34,413
27,417
30,361
33,11
10,292
20,276
59,172
34,404
56,252
27,509
35,169
58,151
34,139
34,660
31,120
59,43
19,527
26,466
18,193
62,195
34,682
19,515
47,260
59,218
30,203
8,251
44,138
27,17
34,640
55,487
19,262
34,254
19,59
47,161
66,696
23,44
6,236
55,542
34,202
53,42
23,471
59,226
34,622
25,577
31,88
34,610
34,102
35,206
34,567
34,3
83,386
53,543
63,528
34,685
34,534
26,504
23,691
76,500
30,56
58,116
13,370
18,49
22,625
15,174
59,437
23,352
54,344
30,551
20,631
14,184
20,398
19,279
43,576
37,620
20,634
34,461
59,438
34,15
34,360
19,464
17,257
19,564
34,144
54,194
51,325
34,415
22,324
59,26
34,10
85,129
80,635
72,147
34,646
30,552
27,160
26,369
23,604
85,469
19,477
34,445
35,319
59,175
45,152
23,546
16,173
23,64
31,81
22,48
54,568
59,79
34,295
19,277
74,303
54,216
53,526
34,462
34,200
21,412
26,485
14,550
22,332
42,403
34,347
24,582
58,670
36,517
44,616
34,447
25,300
23,423
34,77
34,336
23,687
5,697
44,406
34,12
19,476
47,541
19,53
47,595
23,258
53,532
14,529
30,368
24,241
19,114
71,66
33,588
34,379
34,233
71,83
34,158
47,484
34,339
34,73
34,382
22,535
27,230
53,122
19,305
47,563
27,221
22,341
31,575
71,136
33,2
24,597
71,394
36,211
19,674
81,215
55,212
24,533
85,52
16,328
69,677
34,656
30,457
59,209
34,13
34,326
34,501
34,60
14,179
24,333
27,662
4,182
34,238
71,578
4,426
53,27
27,456
53,30
34,547
19,451
50,585
59,409
65,321
5,312
25,242
27,514
35,65
34,380
12,637
54,652
35,619
36,651
13,372
27,614
44,608
34,351
34,75
34,74
30,653
22,427
23,96
20,186
70,247
59,538
21,480
53,482
42,68
34,503
31,650
25,131
12,101
19,376
22,495
77,365
34,198
60,583
34,6
53,693
26,243
25,108
53,354
34,467
23,402
71,148
10,8
47,349
19,561
54,430
65,657
34,539
7,444
34,133
34,281
34,273
31,407
36,191
31,384
5,119
34,192
53,282
59,366
30,419
35,39
19,285
34,673
35,598
44,188
19,452
66,270
34,205
56,306
23,521
25,668
34,223
34,137
33,256
55,358
34,150
16,573
23,40
23,78
55,493
26,507
33,240
25,581
34,681
34,489
27,510
34,531
19,18
91,560
67,141
85,434
27,342
34,28
85,271
26,318
39,340
36,280
55,455
20,163
34,540
24,586
19,310
34,149
76,654
80,190
30,629
44,299
33,606
35,377
22,518
47,667
55,395
55,301
51,267
64,21
32,683
53,362
59,117
87,103
19,400
24,213
34,330
53,263
34,36
22,643
34,47
34,171
63,302
59,37
23,571
10,287
90,51
23,686
59,432
53,157
23,134
34,440
53,201
19,104
34,630
31,516
71,633
24,272
63,170
34,98
27,222
78,658
15,180
34,85
20,393
19,235
27,327
34,644
58,433
30,703
23,513
25,29
15,628
34,671
34,132
30,248
34,143
1,702
80,253
