22,564
59,532
59,151
59,452
59,372
48,475
32,422
59,539
48,476
96,88
99,593
59,210
59,507
59,78
24,596
59,65
59,509
88,220
48,99
48,165
56,279
59,84
59,196
52,310
97,406
59,521
95,296
63,12
59,79
59,407
59,16
67,303
59,558
60,23
59,625
21,392
48,340
97,4
59,216
103,365
6,209
11,515
59,56
59,437
59,562
59,234
96,120
29,546
100,627
30,351
59,495
59,371
59,529
30,344
35,395
59,439
59,145
59,149
18,277
22,519
22,482
22,161
51,300
86,366
59,110
59,584
55,606
59,187
59,350
73,294
47,308
19,53
22,347
63,283
52,43
84,213
94,607
59,360
59,173
67,223
59,465
59,45
59,585
59,413
59,536
48,218
12,158
59,321
59,200
48,621
22,569
59,81
66,224
87,111
66,66
74,493
59,114
92,46
59,178
97,212
71,113
86,487
35,469
59,89
48,115
90,13
70,135
59,333
98,8
59,500
59,597
48,97
59,555
59,228
59,592
57,44
59,280
56,622
42,603
59,5
2,259
100,570
27,57
34,619
22,22
81,17
60,510
71,3
59,561
83,69
67,324
22,260
27,553
43,383
59,281
59,291
60,82
22,26
22,479
5,602
72,342
101,315
19,85
27,363
59,236
70,30
11,498
90,29
59,225
59,524
59,313
14,468
34,573
104,198
65,626
62,444
56,580
59,238
67,335
59,533
59,289
46,176
59,586
22,245
59,591
22,249
60,471
59,599
1,168
2,620
22,33
59,528
59,282
31,401
22,192
59,269
76,35
59,51
97,2
33,298
47,136
35,214
57,385
51,560
42,359
22,292
59,615
37,484
22,550
87,257
28,480
59,429
66,556
33,92
11,425
59,117
22,409
59,322
52,554
59,472
19,450
60,445
22,514
97,325
36,263
54,217
73,527
53,68
59,604
59,440
47,14
59,160
59,104
59,587
57,577
59,456
59,108
59,631
98,448
59,629
76,618
66,301
59,581
59,39
59,497
48,58
22,364
59,397
48,163
1,424
60,458
22,339
35,382
59,150
22,361
59,31
20,457
59,540
50,582
89,567
8,172
48,490
30,434
2,83
59,253
32,346
48,415
48,129
59,511
66,52
1,594
2,167
59,202
49,34
19,137
2,605
59,231
45,127
59,600
59,537
63,410
75,544
59,288
65,116
42,305
48,183
77,215
22,595
59,338
40,156
66,508
67,157
23,21
49,118
48,461
11,67
59,75
48,624
59,24
59,428
59,199
59,208
59,206
92,502
51,28
66,261
47,74
61,278
59,19
67,247
59,394
59,90
35,20
59,473
45,9
59,489
15,275
59,37
48,226
59,357
59,6
100,229
59,266
22,248
57,86
64,504
92,105
59,571
97,242
59,112
48,417
67,311
59,299
41,254
59,274
100,535
22,181
16,464
51,211
2,71
59,370
59,393
23,513
59,408
59,389
22,486
9,334
90,287
15,239
93,427
19,184
2,285
59,319
47,63
59,566
92,387
92,551
58,542
59,270
59,447
30,531
59,314
22,265
59,185
13,119
59,134
59,549
92,380
89,295
59,258
59,162
1,193
104,250
22,286
22,430
23,93
48,572
32,222
59,95
59,377
59,271
16,155
59,412
59,264
59,272
59,462
27,557
35,159
7,131
47,312
59,80
59,32
11,290
24,390
64,579
11,306
66,375
2,608
101,388
45,496
30,146
59,107
59,399
22,207
59,518
2,70
51,96
69,101
47,559
67,128
28,141
59,177
47,221
48,262
59,609
87,474
59,267
35,483
70,543
17,188
59,354
1,491
19,1
80,268
35,189
59,326
59,416
47,598
59,197
60,73
100,235
65,125
59,203
26,435
59,227
22,494
48,61
22,91
22,355
90,304
22,530
59,545
30,421
59,526
59,132
89,432
51,588
52,139
59,610
66,523
85,438
22,171
35,481
59,419
22,166
35,384
59,317
22,62
59,175
59,60
35,232
99,630
35,343
59,454
59,418
87,449
39,164
59,186
22,138
59,520
104,201
59,331
101,72
22,143
15,403
59,255
59,576
59,237
35,517
97,36
55,273
67,356
81,616
47,323
59,15
97,374
91,485
59,601
59,613
2,414
59,362
59,318
48,522
77,455
59,329
59,297
18,506
82,512
59,400
59,59
22,477
59,345
78,501
59,568
25,152
47,195
59,376
2,147
48,276
59,42
22,373
100,87
59,628
22,293
59,534
69,525
59,611
59,552
34,405
59,590
13,182
63,436
35,441
48,443
2,503
17,433
59,398
62,368
59,55
59,459
59,233
17,103
47,617
59,124
59,538
10,153
21,499
73,205
59,180
19,194
59,50
16,341
22,54
59,381
35,423
22,243
59,548
59,174
59,246
22,7
39,358
59,133
59,123
35,144
47,367
59,191
60,391
34,48
59,505
59,332
100,488
40,121
38,386
60,320
22,170
59,252
89,589
30,256
44,378
59,470
40,244
35,402
59,251
59,352
59,169
59,230
67,632
59,369
71,41
59,140
59,612
59,327
100,241
59,516
94,49
51,122
59,563
13,541
59,492
59,316
48,302
66,411
59,11
79,442
98,623
19,575
59,109
102,219
68,614
59,204
59,100
59,179
92,38
59,460
59,25
59,466
59,309
22,47
2,10
35,578
59,633
59,40
59,379
59,453
57,142
59,77
59,565
22,27
59,353
60,451
26,154
59,148
59,420
59,328
60,106
59,467
59,349
69,240
75,426
22,547
35,583
4,307
26,337
98,348
59,284
23,98
34,336
59,330
59,94
59,396
59,446
59,190
98,64
52,102
59,18
59,126
59,463
12,478
59,76
22,130
59,431
3,404
102,574
