11,421
12,411
2,17
2,207
10,476
2,513
10,681
10,700
10,279
10,147
9,149
10,428
2,636
2,327
2,187
10,585
10,440
10,441
10,638
10,60
10,677
10,416
10,240
10,113
10,384
10,132
2,110
2,152
9,604
10,321
2,399
2,610
10,169
10,219
2,594
10,20
10,77
10,5
10,64
10,204
10,400
10,339
2,503
10,167
10,622
4,499
10,362
10,473
10,103
2,527
10,508
2,635
2,666
10,216
2,7
2,612
10,454
2,232
10,260
10,693
2,526
9,497
2,252
10,439
10,262
10,221
10,511
10,16
2,229
10,41
10,280
9,698
10,554
10,128
2,540
10,114
10,494
2,561
10,304
10,154
10,684
10,39
10,600
10,261
2,40
2,184
10,97
4,354
10,423
10,76
2,139
8,21
2,530
4,437
10,597
10,118
10,356
10,290
2,544
2,386
2,65
10,697
10,583
10,688
2,195
9,501
2,200
10,73
10,82
10,611
10,89
9,317
10,571
10,448
10,49
2,133
10,430
10,98
10,276
10,521
9,319
2,447
10,663
10,183
2,263
9,312
8,54
10,71
10,696
10,202
10,690
10,102
10,652
9,628
9,302
10,655
10,538
2,496
10,672
2,461
2,433
10,178
2,123
2,575
10,648
2,584
10,590
10,479
10,617
10,182
10,664
10,609
10,602
10,514
9,436
2,486
10,488
10,190
10,640
10,326
10,413
10,268
10,369
2,676
10,57
10,649
10,593
10,83
10,429
10,485
10,298
10,553
9,425
10,30
10,287
10,160
10,460
10,517
10,644
2,542
9,328
10,373
10,87
10,365
2,558
9,667
10,157
2,408
10,380
10,427
2,42
10,581
10,468
2,464
10,224
10,104
10,596
10,25
10,606
10,38
10,237
10,34
10,492
10,574
1,475
9,36
10,174
2,306
2,407
2,406
6,415
2,142
10,153
10,417
10,375
10,355
10,493
10,599
10,136
2,539
10,342
2,569
10,96
10,310
10,59
10,536
2,598
2,168
10,370
10,226
10,177
10,145
10,463
10,565
4,213
10,686
10,699
10,196
10,389
10,469
2,378
2,311
2,404
2,238
2,10
14,608
10,284
12,336
10,165
2,466
10,297
10,22
10,682
10,452
10,158
10,247
2,673
10,502
10,481
10,434
10,351
10,577
10,591
2,374
10,67
10,545
10,692
10,381
10,19
10,403
2,573
10,172
2,74
2,665
2,507
10,314
10,45
10,119
10,265
10,451
10,296
2,225
2,151
10,193
10,159
4,18
10,490
10,680
10,131
10,201
10,528
2,236
2,579
9,658
10,394
10,632
10,376
10,117
10,689
4,446
10,385
10,519
10,95
10,124
2,391
10,197
9,350
14,641
10,345
10,214
10,148
10,26
2,251
10,582
2,605
10,529
10,161
4,624
10,668
2,661
10,24
2,509
10,555
10,309
10,472
10,218
10,359
10,379
10,215
2,477
10,163
2,230
10,533
2,111
10,150
10,66
2,419
5,33
10,397
10,639
10,601
10,387
10,267
2,551
10,289
9,683
2,675
2,171
9,516
10,199
10,120
2,410
10,643
10,162
10,44
10,239
5,458
2,637
10,694
12,37
2,691
10,409
2,371
2,631
10,115
2,48
2,512
9,303
10,130
10,524
10,343
10,325
10,234
10,198
10,272
10,630
2,398
10,295
10,324
10,233
10,570
4,642
10,462
10,618
10,438
10,68
10,266
2,192
10,8
10,456
10,443
10,84
2,109
10,12
2,51
2,255
10,495
10,47
10,634
10,249
9,179
2,175
10,270
10,90
2,299
10,619
10,253
10,281
10,79
10,483
10,607
10,80
10,23
10,285
10,189
10,383
10,301
2,705
10,203
10,258
10,70
9,701
10,166
2,562
10,505
9,170
10,323
10,335
10,654
10,414
9,316
2,412
10,278
10,651
2,331
10,471
10,329
10,259
10,392
10,254
10,223
2,515
10,678
2,137
10,550
10,620
10,9
10,341
10,81
2,288
10,269
10,623
4,687
10,445
2,340
10,467
7,674
10,420
8,552
10,578
10,372
10,353
10,129
10,390
2,470
10,449
10,277
10,629
10,108
10,333
10,217
10,256
10,176
2,556
10,291
10,231
10,1
4,566
10,588
2,520
10,2
9,248
10,626
2,360
10,679
10,670
2,246
10,308
2,589
10,349
4,346
10,206
10,422
10,426
10,62
10,173
10,11
2,557
10,564
2,671
10,307
10,532
10,135
4,126
10,580
4,535
10,134
10,72
10,368
2,29
10,703
10,294
10,181
10,704
10,186
10,482
10,155
4,112
10,401
12,121
10,106
2,702
5,431
10,534
2,459
10,92
10,127
10,257
10,361
10,334
2,510
9,53
10,337
9,548
9,85
10,78
2,650
10,522
10,480
10,320
4,344
10,322
2,366
10,275
10,621
2,498
2,271
2,4
2,241
10,567
10,563
10,180
10,465
10,242
10,364
10,633
9,367
10,27
2,537
2,487
10,377
10,191
2,292
9,282
10,525
11,50
2,101
1,86
10,61
10,592
10,660
2,559
10,543
10,208
10,143
2,243
10,405
10,474
10,15
9,245
10,695
10,283
10,659
10,613
10,442
2,3
2,116
11,546
14,52
10,250
10,315
2,35
10,627
10,586
2,227
10,393
10,347
10,305
10,156
10,146
10,576
10,185
4,547
10,13
10,332
10,489
10,99
10,657
10,188
10,32
10,164
10,395
2,194
2,14
2,424
2,662
10,435
10,549
10,264
10,58
2,500
10,228
10,274
10,656
2,273
12,138
2,352
10,685
10,141
10,572
10,244
10,220
2,122
10,432
10,348
10,595
10,444
10,63
10,91
10,43
10,330
10,6
10,55
10,402
2,358
2,293
2,614
10,531
10,105
2,93
10,455
10,69
6,31
10,212
10,396
2,140
2,388
10,313
2,560
2,625
10,222
2,209
10,484
10,646
10,450
10,616
10,56
10,615
3,144
13,107
9,28
10,363
10,210
10,645
10,587
10,75
10,647
10,100
12,125
10,418
10,669
10,235
10,541
10,506
2,603
10,491
10,300
10,94
10,88
10,518
10,286
10,382
10,318
10,504
2,46
10,478
10,453
10,338
10,357
10,523
10,568
9,205
9,211
9,653
10,457
