31,13
53,442
29,83
19,295
5,248
35,271
29,92
95,108
76,202
29,63
29,249
29,117
29,504
29,393
29,561
16,321
29,499
29,211
29,156
29,115
29,490
29,180
90,178
133,472
127,562
8,522
35,198
30,389
29,199
29,443
88,146
53,96
29,39
29,125
130,18
23,151
134,290
29,330
29,87
29,33
35,148
34,200
25,195
29,101
120,19
29,560
29,59
133,300
95,568
29,56
29,571
94,564
29,325
35,419
29,15
29,139
31,501
29,174
29,299
30,261
29,528
29,536
29,401
60,279
29,44
35,276
29,143
29,489
29,109
26,418
41,291
20,349
112,386
29,40
29,530
72,238
35,46
29,545
29,467
22,245
87,404
29,244
29,378
29,29
29,67
6,252
29,274
29,574
29,89
92,516
62,293
29,327
29,283
29,533
60,119
29,370
139,458
29,68
35,88
132,465
29,285
29,227
60,331
35,50
131,7
51,237
57,557
29,303
29,317
35,449
34,144
26,339
97,188
29,537
29,413
34,3
29,230
107,166
29,394
119,155
133,20
53,372
29,240
123,366
29,203
26,583
35,513
27,11
133,487
133,258
29,269
47,579
41,322
103,414
35,53
136,152
98,556
133,255
29,131
77,243
24,420
29,368
29,221
29,428
131,553
29,316
128,491
29,278
104,65
26,286
29,55
29,233
29,78
16,215
29,205
29,254
145,409
49,532
101,494
54,69
29,51
110,448
45,423
29,266
29,512
29,567
130,481
23,171
29,326
35,460
29,34
117,228
58,466
29,391
121,430
133,94
133,196
29,14
1,62
29,367
133,85
59,114
2,190
4,297
17,566
35,197
29,492
29,546
34,432
29,17
133,505
125,98
100,153
102,441
29,488
29,426
29,82
29,123
29,523
29,559
121,102
29,577
29,425
74,187
29,485
19,270
29,439
60,495
35,581
142,400
29,476
61,586
126,582
29,515
29,79
10,507
26,236
29,584
13,585
28,410
29,306
63,218
35,304
34,38
61,264
122,578
29,496
29,21
54,74
29,379
29,84
59,315
29,344
103,207
35,61
29,360
29,161
29,540
35,555
29,334
124,453
130,93
29,470
29,422
29,259
26,329
20,445
29,30
29,12
34,47
49,10
29,455
93,575
29,169
29,75
35,164
68,484
29,345
29,314
19,347
29,301
15,373
48,446
29,380
126,570
29,362
35,313
29,294
29,355
29,337
29,231
66,58
16,142
29,440
50,22
29,563
71,569
29,526
29,268
138,165
90,376
42,214
29,28
59,60
29,552
29,424
35,220
133,408
143,57
29,1
29,310
35,309
29,308
29,551
29,403
133,333
29,128
125,451
29,377
29,381
29,421
3,77
29,27
29,209
14,6
29,104
13,371
31,170
31,311
31,267
35,127
48,292
29,256
29,474
29,412
29,186
29,235
105,54
116,398
40,239
29,547
29,99
3,110
67,572
29,287
29,340
29,66
48,223
29,135
29,396
29,41
125,116
27,411
29,438
41,111
81,189
29,541
16,224
29,250
35,42
133,415
124,479
37,549
29,454
29,168
22,36
29,358
104,80
29,346
106,141
131,539
144,406
26,511
139,43
29,217
26,356
128,70
23,246
108,126
29,353
114,529
29,112
123,150
140,343
9,500
29,508
29,335
29,133
73,71
29,282
35,417
29,473
29,320
134,247
127,514
29,72
33,431
29,427
29,405
29,4
33,206
74,260
8,390
7,16
78,273
29,338
89,154
109,185
29,464
16,395
29,475
115,163
29,263
29,312
44,328
35,251
12,158
35,275
133,132
29,565
29,219
122,307
32,305
29,262
21,32
24,122
111,2
31,229
29,160
29,502
34,558
35,573
29,456
29,106
34,26
66,383
39,365
29,216
29,517
29,503
33,397
29,384
29,86
28,534
29,5
29,184
20,435
29,302
113,554
29,323
20,183
29,179
133,64
134,542
4,208
82,103
133,95
34,548
29,225
29,212
29,461
29,91
29,182
132,284
29,232
29,173
114,107
29,531
29,222
114,521
33,518
83,416
29,272
36,324
29,257
52,277
69,525
29,76
136,369
29,480
61,457
85,204
124,382
18,520
29,49
29,8
29,497
131,543
113,527
29,52
91,253
29,23
38,281
35,471
43,90
29,509
118,538
137,137
34,113
70,159
29,193
146,194
80,348
29,149
29,134
79,234
29,318
29,462
29,506
29,580
29,436
29,336
122,452
29,31
29,81
29,387
95,140
141,9
29,385
41,483
29,486
55,350
11,130
29,177
29,341
84,576
29,433
41,129
99,288
111,524
24,181
29,176
29,437
20,399
29,296
29,588
11,544
65,191
129,121
75,48
64,138
29,24
29,434
133,374
71,37
29,535
96,100
29,550
26,444
29,136
63,459
29,478
29,468
5,105
135,145
29,351
29,167
99,35
24,242
29,147
34,357
60,519
95,280
133,298
29,192
29,332
35,342
60,463
34,241
132,363
32,124
28,375
29,25
3,265
29,213
29,226
29,493
55,402
29,201
29,175
29,45
29,120
29,172
29,319
46,477
29,354
29,97
29,364
29,407
29,510
29,73
35,429
56,469
29,447
29,361
133,450
29,392
29,359
29,118
86,388
29,162
29,352
29,289
29,157
29,210
29,498
147,482
133,587
