6,421
7,411
2,17
2,207
6,476
2,513
6,681
6,700
6,279
6,147
5,149
6,428
2,636
2,327
2,187
6,585
6,440
6,441
6,638
6,60
6,677
6,416
6,240
6,113
6,384
6,132
2,110
2,152
5,604
6,321
2,399
2,610
6,169
6,219
2,594
6,20
6,77
6,5
6,64
6,204
6,400
6,339
2,503
6,167
6,622
2,499
6,362
6,473
6,103
2,527
6,508
2,635
2,666
6,216
2,7
2,612
6,454
2,232
6,260
6,693
2,526
5,497
2,252
6,439
6,262
6,221
6,511
6,16
2,229
6,41
6,280
5,698
6,554
6,128
2,540
6,114
6,494
2,561
6,304
6,154
6,684
6,39
6,600
6,261
2,40
2,184
6,97
2,354
6,423
6,76
2,139
5,21
2,530
2,437
6,597
6,118
6,356
6,290
2,544
2,386
2,65
6,697
6,583
6,688
2,195
5,501
2,200
6,73
6,82
6,611
6,89
5,317
6,571
6,448
6,49
2,133
6,430
6,98
6,276
6,521
5,319
2,447
6,663
6,183
2,263
5,312
5,54
6,71
6,696
6,202
6,690
6,102
6,652
5,628
5,302
6,655
6,538
2,496
6,672
2,461
2,433
6,178
2,123
2,575
6,648
2,584
6,590
6,479
6,617
6,182
6,664
6,609
6,602
6,514
5,436
2,486
6,488
6,190
6,640
6,326
6,413
6,268
6,369
2,676
6,57
6,649
6,593
6,83
6,429
6,485
6,298
6,553
5,425
6,30
6,287
6,160
6,460
6,517
6,644
2,542
5,328
6,373
6,87
6,365
2,558
5,667
6,157
2,408
6,380
6,427
2,42
6,581
6,468
2,464
6,224
6,104
6,596
6,25
6,606
6,38
6,237
6,34
6,492
6,574
1,475
5,36
6,174
2,306
2,407
2,406
3,415
2,142
6,153
6,417
6,375
6,355
6,493
6,599
6,136
2,539
6,342
2,569
6,96
6,310
6,59
6,536
2,598
2,168
6,370
6,226
6,177
6,145
6,463
6,565
2,213
6,686
6,699
6,196
6,389
6,469
2,378
2,311
2,404
2,238
2,10
8,608
6,284
7,336
6,165
2,466
6,297
6,22
6,682
6,452
6,158
6,247
2,673
6,502
6,481
6,434
6,351
6,577
6,591
2,374
6,67
6,545
6,692
6,381
6,19
6,403
2,573
6,172
2,74
2,665
2,507
6,314
6,45
6,119
6,265
6,451
6,296
2,225
2,151
6,193
6,159
2,18
6,490
6,680
6,131
6,201
6,528
2,236
2,579
5,658
6,394
6,632
6,376
6,117
6,689
2,446
6,385
6,519
6,95
6,124
2,391
6,197
5,350
8,641
6,345
6,214
6,148
6,26
2,251
6,582
2,605
6,529
6,161
2,624
6,668
2,661
6,24
2,509
6,555
6,309
6,472
6,218
6,359
6,379
6,215
2,477
6,163
2,230
6,533
2,111
6,150
6,66
2,419
2,33
6,397
6,639
6,601
6,387
6,267
2,551
6,289
5,683
2,675
2,171
5,516
6,199
6,120
2,410
6,643
6,162
6,44
6,239
2,458
2,637
6,694
7,37
2,691
6,409
2,371
2,631
6,115
2,48
2,512
5,303
6,130
6,524
6,343
6,325
6,234
6,198
6,272
6,630
2,398
6,295
6,324
6,233
6,570
2,642
6,462
6,618
6,438
6,68
6,266
2,192
6,8
6,456
6,443
6,84
2,109
6,12
2,51
2,255
6,495
6,47
6,634
6,249
5,179
2,175
6,270
6,90
2,299
6,619
6,253
6,281
6,79
6,483
6,607
6,80
6,23
6,285
6,189
6,383
6,301
2,705
6,203
6,258
6,70
5,701
6,166
2,562
6,505
5,170
6,323
6,335
6,654
6,414
5,316
2,412
6,278
6,651
2,331
6,471
6,329
6,259
6,392
6,254
6,223
2,515
6,678
2,137
6,550
6,620
6,9
6,341
6,81
2,288
6,269
6,623
2,687
6,445
2,340
6,467
4,674
6,420
5,552
6,578
6,372
6,353
6,129
6,390
2,470
6,449
6,277
6,629
6,108
6,333
6,217
6,256
6,176
2,556
6,291
6,231
6,1
2,566
6,588
2,520
6,2
5,248
6,626
2,360
6,679
6,670
2,246
6,308
2,589
6,349
2,346
6,206
6,422
6,426
6,62
6,173
6,11
2,557
6,564
2,671
6,307
6,532
6,135
2,126
6,580
2,535
6,134
6,72
6,368
2,29
6,703
6,294
6,181
6,704
6,186
6,482
6,155
2,112
6,401
7,121
6,106
2,702
2,431
6,534
2,459
6,92
6,127
6,257
6,361
6,334
2,510
5,53
6,337
5,548
5,85
6,78
2,650
6,522
6,480
6,320
2,344
6,322
2,366
6,275
6,621
2,498
2,271
2,4
2,241
6,567
6,563
6,180
6,465
6,242
6,364
6,633
5,367
6,27
2,537
2,487
6,377
6,191
2,292
5,282
6,525
6,50
2,101
1,86
6,61
6,592
6,660
2,559
6,543
6,208
6,143
2,243
6,405
6,474
6,15
5,245
6,695
6,283
6,659
6,613
6,442
2,3
2,116
6,546
8,52
6,250
6,315
2,35
6,627
6,586
2,227
6,393
6,347
6,305
6,156
6,146
6,576
6,185
2,547
6,13
6,332
6,489
6,99
6,657
6,188
6,32
6,164
6,395
2,194
2,14
2,424
2,662
6,435
6,549
6,264
6,58
2,500
6,228
6,274
6,656
2,273
7,138
2,352
6,685
6,141
6,572
6,244
6,220
2,122
6,432
6,348
6,595
6,444
6,63
6,91
6,43
6,330
6,6
6,55
6,402
2,358
2,293
2,614
6,531
6,105
2,93
6,455
6,69
3,31
6,212
6,396
2,140
2,388
6,313
2,560
2,625
6,222
2,209
6,484
6,646
6,450
6,616
6,56
6,615
2,144
7,107
5,28
6,363
6,210
6,645
6,587
6,75
6,647
6,100
7,125
6,418
6,669
6,235
6,541
6,506
2,603
6,491
6,300
6,94
6,88
6,518
6,286
6,382
6,318
6,504
2,46
6,478
6,453
6,338
6,357
6,523
6,568
5,205
5,211
5,653
6,457
