7,564
19,532
19,151
19,452
19,372
16,475
9,422
19,539
16,476
36,88
36,593
19,210
19,507
19,78
7,596
19,65
19,509
31,220
16,99
16,165
19,279
19,84
19,196
18,310
36,406
19,521
35,296
20,12
19,79
19,407
19,16
21,303
19,558
19,23
19,625
7,392
16,340
36,4
19,216
37,365
3,209
6,515
19,56
19,437
19,562
19,234
36,120
9,546
36,627
9,351
19,495
19,371
19,529
9,344
11,395
19,439
19,145
19,149
6,277
7,519
7,482
7,161
17,300
30,366
19,110
19,584
19,606
19,187
19,350
23,294
16,308
7,53
7,347
20,283
18,43
28,213
35,607
19,360
19,173
21,223
19,465
19,45
19,585
19,413
19,536
16,218
6,158
19,321
19,200
16,621
7,569
19,81
21,224
30,111
21,66
23,493
19,114
33,46
19,178
36,212
23,113
30,487
11,469
19,89
16,115
32,13
22,135
19,333
36,8
19,500
19,597
16,97
19,555
19,228
19,592
19,44
19,280
19,622
14,603
19,5
1,259
36,570
9,57
11,619
7,22
28,17
19,510
23,3
19,561
28,69
21,324
7,260
9,553
14,383
19,281
19,291
19,82
7,26
7,479
3,602
23,342
37,315
7,85
9,363
19,236
22,30
6,498
32,29
19,225
19,524
19,313
6,468
11,573
38,198
21,626
19,444
19,580
19,238
21,335
19,533
19,289
15,176
19,586
7,245
19,591
7,249
19,471
19,599
1,168
1,620
7,33
19,528
19,282
9,401
7,192
19,269
24,35
19,51
36,2
10,298
16,136
11,214
19,385
17,560
14,359
7,292
19,615
12,484
7,550
30,257
9,480
19,429
21,556
10,92
6,425
19,117
7,409
19,322
18,554
19,472
7,450
19,445
7,514
36,325
11,263
18,217
23,527
18,68
19,604
19,440
16,14
19,160
19,104
19,587
19,577
19,456
19,108
19,631
36,448
19,629
24,618
21,301
19,581
19,39
19,497
16,58
7,364
19,397
16,163
1,424
19,458
7,339
11,382
19,150
7,361
19,31
7,457
19,540
16,582
32,567
4,172
16,490
9,434
1,83
19,253
9,346
16,415
16,129
19,511
21,52
1,594
1,167
19,202
16,34
7,137
1,605
19,231
15,127
19,600
19,537
20,410
24,544
19,288
21,116
14,305
16,183
25,215
7,595
19,338
14,156
21,508
21,157
7,21
16,118
16,461
6,67
19,75
16,624
19,24
19,428
19,199
19,208
19,206
33,502
17,28
21,261
16,74
19,278
19,19
21,247
19,394
19,90
11,20
19,473
15,9
19,489
6,275
19,37
16,226
19,357
19,6
36,229
19,266
7,248
19,86
21,504
33,105
19,571
36,242
19,112
16,417
21,311
19,299
14,254
19,274
36,535
7,181
6,464
17,211
1,71
19,370
19,393
7,513
19,408
19,389
7,486
4,334
32,287
6,239
34,427
7,184
1,285
19,319
16,63
19,566
33,387
33,551
19,542
19,270
19,447
9,531
19,314
7,265
19,185
6,119
19,134
19,549
33,380
32,295
19,258
19,162
1,193
38,250
7,286
7,430
7,93
16,572
9,222
19,95
19,377
19,271
6,155
19,412
19,264
19,272
19,462
9,557
11,159
3,131
16,312
19,80
19,32
6,290
7,390
21,579
6,306
21,375
1,608
37,388
15,496
9,146
19,107
19,399
7,207
19,518
1,70
17,96
21,101
16,559
21,128
9,141
19,177
16,221
16,262
19,609
30,474
19,267
11,483
22,543
6,188
19,354
1,491
7,1
27,268
11,189
19,326
19,416
16,598
19,197
19,73
36,235
21,125
19,203
8,435
19,227
7,494
16,61
7,91
7,355
32,304
7,530
19,545
9,421
19,526
19,132
32,432
17,588
18,139
19,610
21,523
29,438
7,171
11,481
19,419
7,166
11,384
19,317
7,62
19,175
19,60
11,232
36,630
11,343
19,454
19,418
30,449
14,164
19,186
7,138
19,520
38,201
19,331
37,72
7,143
6,403
19,255
19,576
19,237
11,517
36,36
19,273
21,356
28,616
16,323
19,15
36,374
32,485
19,601
19,613
1,414
19,362
19,318
16,522
25,455
19,329
19,297
6,506
28,512
19,400
19,59
7,477
19,345
25,501
19,568
7,152
16,195
19,376
1,147
16,276
19,42
7,373
36,87
19,628
7,293
19,534
21,525
19,611
19,552
11,405
19,590
6,182
20,436
11,441
16,443
1,503
6,433
19,398
19,368
19,55
19,459
19,233
6,103
16,617
19,124
19,538
5,153
7,499
23,205
19,180
7,194
19,50
6,341
7,54
19,381
11,423
7,243
19,548
19,174
19,246
7,7
14,358
19,133
19,123
11,144
16,367
19,191
19,391
11,48
19,505
19,332
36,488
14,121
13,386
19,320
7,170
19,252
32,589
9,256
14,378
19,470
14,244
11,402
19,251
19,352
19,169
19,230
21,632
19,369
23,41
19,140
19,612
19,327
36,241
19,516
35,49
17,122
19,563
6,541
19,492
19,316
16,302
21,411
19,11
26,442
36,623
7,575
19,109
37,219
21,614
19,204
19,100
19,179
33,38
19,460
19,25
19,466
19,309
7,47
1,10
11,578
19,633
19,40
19,379
19,453
19,142
19,77
19,565
7,27
19,353
19,451
8,154
19,148
19,420
19,328
19,106
19,467
19,349
21,240
24,426
7,547
11,583
3,307
8,337
36,348
19,284
7,98
11,336
19,330
19,94
19,396
19,446
19,190
36,64
18,102
19,18
19,126
19,463
6,478
19,76
7,130
19,431
2,404
37,574
