3,661
3,1045
3,845
3,943
3,19
3,1007
3,529
3,582
3,245
3,70
2,959
3,917
3,381
2,130
3,220
3,325
3,58
3,212
3,672
3,1051
3,568
3,564
3,1015
3,781
1,1108
3,924
3,448
1,969
3,125
3,1047
3,870
3,332
3,466
3,188
3,1091
3,541
3,153
3,983
3,1113
3,300
3,236
3,352
3,1072
3,532
3,309
3,454
2,645
3,1012
3,1080
3,504
2,1020
3,668
3,389
3,1023
3,221
3,839
3,627
3,98
2,974
3,1096
3,78
3,988
3,259
3,430
1,1018
3,322
3,402
3,772
2,403
3,800
3,74
3,633
3,339
3,1021
3,589
3,906
1,386
3,497
2,1062
3,357
3,767
3,301
3,795
3,796
3,651
3,283
3,306
3,976
3,435
3,416
3,30
3,656
3,975
3,88
3,86
3,1119
3,1041
3,918
3,330
4,686
3,13
3,869
3,955
1,683
3,610
3,216
3,35
1,342
3,262
3,292
3,714
3,272
3,496
3,937
1,565
3,63
1,289
3,328
3,827
3,1057
1,482
3,298
3,499
3,1010
3,29
3,821
3,23
3,36
3,360
3,436
3,569
1,535
3,468
3,741
3,903
3,785
3,296
3,788
3,794
3,982
3,546
3,234
3,539
3,780
3,495
3,590
3,119
3,464
3,542
3,742
3,1087
1,92
3,249
1,673
3,510
3,773
3,106
3,462
3,792
3,1016
3,992
3,160
3,347
1,629
3,1089
3,175
3,443
3,545
3,614
3,145
3,1000
3,952
3,609
3,786
3,358
3,71
3,485
3,494
3,1048
1,769
3,1100
3,604
3,12
3,928
3,498
3,1026
3,933
3,846
3,862
3,797
3,755
1,1044
3,174
3,970
3,782
3,690
3,385
3,812
3,240
1,947
3,225
3,849
3,1076
3,15
3,178
2,193
3,893
3,637
3,1111
1,916
3,689
3,1092
3,371
3,362
3,183
3,603
3,704
3,994
3,995
3,156
3,413
1,359
1,1046
3,543
3,914
3,688
3,68
3,202
3,151
3,138
3,528
3,660
3,133
3,577
3,61
3,675
2,287
2,428
3,1093
3,367
3,980
2,263
3,483
3,380
3,516
5,920
3,1013
3,155
3,885
3,343
3,575
3,22
3,76
3,479
3,843
3,401
3,815
3,404
3,874
3,438
3,653
3,168
3,314
3,808
3,87
3,484
3,440
3,1058
3,967
3,291
3,824
3,9
3,270
3,126
3,787
3,1053
3,60
3,771
3,101
3,320
3,214
3,33
3,470
3,676
3,418
1,818
3,853
3,157
3,1099
3,275
3,267
3,269
3,763
3,195
2,973
3,143
3,80
3,105
3,912
3,444
3,866
1,857
3,647
3,930
3,606
3,682
3,476
1,1088
3,747
3,73
3,75
3,186
3,599
3,285
3,445
3,702
3,311
3,957
3,159
3,748
3,667
3,394
3,613
3,960
3,290
3,829
3,113
3,327
3,602
3,149
1,209
3,353
1,46
3,399
3,945
3,527
3,181
3,396
3,801
2,958
3,208
3,366
3,764
3,446
3,759
3,941
3,997
3,1107
3,749
5,931
3,856
3,392
3,57
3,254
3,579
3,987
3,316
3,687
3,774
3,148
3,266
3,82
3,826
3,895
1,956
3,118
3,85
3,1008
3,41
3,894
3,662
2,789
3,880
3,4
3,1005
1,459
2,256
3,433
3,944
3,642
3,835
3,882
3,517
3,524
3,329
3,566
1,228
3,1106
3,1033
3,730
3,907
3,1098
1,1042
3,761
3,754
3,909
3,913
3,109
3,95
3,410
3,368
3,243
3,50
3,205
3,737
3,1090
3,232
1,278
3,34
3,929
3,1024
3,776
3,507
3,442
3,49
3,140
3,146
3,555
3,318
3,341
1,790
3,513
1,204
3,1049
3,258
3,573
3,805
3,708
3,695
3,457
3,199
2,103
3,94
3,972
3,692
3,891
3,836
3,405
2,522
3,182
3,191
3,585
3,873
3,425
3,276
3,584
3,757
3,230
3,1073
3,576
3,592
3,398
3,848
3,158
3,750
3,1068
3,634
3,1
3,552
3,850
3,758
3,1071
3,966
3,43
3,250
3,406
4,1035
3,112
2,649
3,307
2,493
3,173
2,429
3,1036
3,293
3,503
3,1067
3,703
3,491
3,833
3,1003
3,624
3,390
3,147
3,407
3,163
3,310
1,411
3,768
2,312
3,1040
3,122
3,194
3,694
3,544
3,593
3,538
3,261
3,315
3,550
3,1104
3,431
3,623
3,685
3,852
3,570
3,858
3,896
3,281
3,1056
3,953
3,233
3,678
3,170
1,583
3,571
3,134
3,321
3,939
3,144
3,299
3,99
3,334
3,1011
3,990
3,834
3,709
3,458
3,863
3,657
1,652
3,699
3,727
1,346
3,777
3,536
3,72
3,211
3,631
3,872
3,382
3,530
3,420
3,297
3,3
3,1081
3,842
1,1050
1,556
3,62
3,102
3,253
1,1074
3,337
3,1054
3,400
1,520
1,492
3,559
3,344
2,179
2,197
3,596
3,419
3,89
3,923
3,712
3,901
3,255
3,641
3,323
3,489
3,594
3,294
3,828
3,91
3,373
2,823
3,414
1,525
3,227
3,26
3,167
3,1009
3,696
3,241
1,526
3,717
3,224
3,137
3,165
3,932
3,1022
3,902
3,391
3,716
3,93
3,244
3,274
3,911
3,251
3,1029
3,1014
3,640
3,762
3,512
3,618
3,706
3,926
3,807
3,1094
3,900
3,177
3,409
3,456
3,351
3,1027
3,415
3,632
3,574
3,32
3,264
3,617
3,338
3,96
3,18
3,819
3,1061
3,508
1,655
3,114
3,940
3,783
3,427
1,90
3,239
3,934
2,31
3,480
3,1075
3,644
3,847
3,17
3,273
3,288
3,455
3,81
3,950
3,383
2,235
3,611
3,265
3,304
3,48
3,319
3,1082
3,691
2,936
3,825
3,551
3,169
3,369
2,129
3,1102
3,1001
3,659
3,441
3,27
3,809
1,523
1,875
3,505
3,260
3,892
3,282
3,733
1,1052
3,161
1,424
1,586
3,44
3,626
3,461
3,284
3,451
3,52
3,397
3,379
3,136
3,198
3,518
3,5
3,984
3,213
3,925
3,324
3,37
2,120
3,10
3,938
3,725
3,370
3,608
3,107
2,268
3,740
1,600
3,326
3,897
3,674
2,111
3,463
3,810
3,572
3,888
3,110
3,84
2,229
3,616
2,625
3,271
3,775
3,728
3,1097
3,765
2,64
3,417
3,395
2,820
3,1070
3,567
1,760
3,628
3,39
1,1069
5,1085
3,954
3,142
3,477
3,905
3,746
3,1039
3,948
1,965
3,363
3,511
3,345
3,968
3,908
3,998
3,743
3,38
2,722
3,305
3,375
1,595
3,45
3,620
3,83
3,196
3,1083
3,123
3,540
3,779
3,355
3,336
3,24
3,412
3,591
3,832
3,961
3,139
3,739
3,981
3,831
3,844
3,639
1,509
3,877
3,710
3,851
3,841
3,648
1,581
3,487
3,257
3,560
3,1095
3,899
3,919
2,472
3,135
1,20
3,646
3,643
3,502
3,127
2,533
2,1112
3,817
3,721
3,989
4,876
3,619
3,1101
3,1028
3,986
3,475
3,770
3,951
2,16
3,979
3,519
2,813
3,840
3,669
3,124
3,598
3,860
3,723
3,185
1,806
3,889
3,1006
3,116
3,171
3,868
3,303
3,189
1,437
3,946
3,226
3,203
3,607
3,554
3,605
5,150
3,354
3,752
3,588
3,890
3,612
3,985
3,361
3,247
3,563
3,172
3,715
3,1004
3,962
3,1055
3,348
3,279
1,166
1,252
3,162
3,364
3,450
1,7
3,184
3,55
3,514
3,719
2,861
1,8
3,426
2,816
3,131
3,6
3,878
3,280
3,452
3,349
3,248
3,1002
3,207
3,1066
3,991
2,693
3,465
1,453
3,97
3,506
3,681
3,42
4,1019
2,388
3,434
3,601
3,949
3,67
3,215
3,447
3,1043
3,53
3,422
3,1109
4,838
3,684
3,176
3,335
3,219
3,766
1,745
3,622
3,21
3,1037
3,802
3,40
1,56
3,1059
3,231
3,804
3,1110
1,384
3,664
3,521
3,449
3,547
3,374
4,964
1,460
3,713
3,478
3,883
3,378
1,738
3,1060
3,190
3,734
3,731
3,884
3,128
3,701
1,665
3,654
3,1084
3,1103
3,317
3,201
3,724
2,597
3,356
3,621
3,700
3,313
3,54
3,66
3,751
3,615
3,996
3,141
3,218
3,1030
3,1063
3,1025
3,636
3,217
3,500
3,1038
3,187
3,486
4,871
3,501
3,277
3,697
3,481
3,666
3,2
3,474
2,537
3,864
3,473
3,237
3,14
3,1114
1,720
2,1079
3,705
3,1077
3,978
3,578
3,753
3,471
3,51
3,562
3,372
3,432
3,238
3,887
3,561
3,726
2,993
3,798
3,867
3,242
3,1032
3,638
1,658
3,698
3,791
3,729
3,47
3,340
3,469
3,650
3,942
3,663
3,206
3,1116
3,295
3,814
3,1065
3,1078
3,11
3,439
1,718
3,879
3,971
3,711
3,799
3,69
3,59
3,490
3,79
3,811
3,377
3,803
3,921
3,898
1,886
2,1117
3,467
1,963
3,100
3,736
3,246
3,837
3,350
3,408
3,999
3,534
3,1064
3,778
3,223
3,200
3,1034
3,423
3,365
3,393
3,756
3,115
3,1086
3,117
3,679
3,935
3,630
3,830
3,635
3,286
3,735
3,333
3,680
1,387
2,376
3,488
3,154
3,854
3,132
3,822
3,192
3,587
3,922
3,553
3,881
3,515
2,732
2,904
2,1115
3,25
3,104
3,707
3,670
3,331
3,1017
1,302
3,108
3,859
3,677
3,927
3,580
3,671
3,121
3,548
3,180
3,308
3,152
3,28
3,784
3,1031
3,865
3,557
3,531
3,793
1,77
3,222
3,65
3,558
3,915
3,910
3,1118
3,210
3,164
2,855
1,1105
2,744
4,549
1,421
3,977
