25,307
25,518
25,190
17,422
16,622
3,230
25,494
18,7
18,371
28,500
25,749
23,497
27,534
25,711
46,19
25,717
19,635
17,627
25,742
25,713
15,203
15,463
25,583
25,747
25,323
25,496
25,723
19,690
28,661
34,670
16,70
13,701
56,639
25,358
16,283
41,399
38,510
49,158
26,609
15,150
25,710
37,391
15,737
19,550
7,188
25,453
25,472
24,567
42,738
53,236
53,529
4,434
26,14
25,593
25,699
28,278
25,235
25,71
25,25
25,605
25,382
52,630
15,46
25,473
56,435
25,603
16,644
27,604
63,172
25,152
25,201
25,153
25,720
25,340
15,741
3,269
4,731
25,298
4,488
7,41
25,378
4,458
2,480
50,743
25,705
16,255
15,576
33,229
16,479
25,396
25,442
26,633
25,383
16,78
25,218
25,548
18,189
25,133
27,261
25,111
55,20
4,267
42,281
25,328
63,678
67,415
15,318
19,142
15,504
25,522
25,681
38,572
16,707
11,259
4,96
25,200
72,3
25,125
52,372
17,695
25,613
5,220
27,694
52,162
25,573
25,72
29,512
28,539
48,73
25,407
50,433
69,179
25,379
61,507
25,698
25,598
7,532
16,315
25,360
25,525
25,338
25,735
58,725
7,226
58,728
2,100
25,553
16,543
50,93
25,74
25,257
25,658
25,537
25,34
44,57
8,493
25,653
25,334
25,126
16,85
17,621
25,600
25,240
25,570
25,198
15,224
25,171
16,417
25,623
25,157
25,136
25,186
31,64
25,716
25,719
25,536
4,364
48,652
25,599
4,47
15,205
25,317
25,183
15,81
15,116
25,509
26,195
25,250
25,165
25,571
7,246
38,151
42,335
48,175
25,498
7,313
7,555
25,620
48,578
25,169
25,24
25,1
25,395
50,61
25,732
25,637
48,446
18,692
53,666
36,629
25,277
25,309
34,23
26,714
14,540
51,523
14,592
25,292
50,381
25,746
53,147
22,703
70,141
25,270
4,615
25,306
18,607
25,297
25,182
25,359
18,410
17,176
15,726
27,202
25,95
25,736
25,228
66,118
16,343
25,730
16,58
25,414
14,471
19,60
53,709
25,486
5,443
9,683
19,11
25,424
49,211
25,291
25,485
1,533
25,404
50,242
25,515
16,680
25,521
18,272
25,481
16,159
26,589
19,568
25,167
4,140
25,110
19,559
25,403
25,342
16,16
25,501
7,139
52,206
51,426
4,405
25,503
25,341
26,27
45,212
25,331
55,686
25,684
43,641
50,631
68,252
22,505
42,344
16,355
28,314
25,447
25,495
17,474
7,624
63,357
53,483
25,398
25,712
19,367
42,98
16,706
7,164
7,2
15,54
18,406
25,347
25,619
7,418
25,420
16,490
46,665
15,632
25,451
25,676
25,352
63,366
25,163
25,370
16,59
54,580
36,237
5,325
25,350
19,502
25,362
4,664
25,90
25,544
3,660
49,26
25,663
16,380
63,327
25,170
25,584
15,130
19,449
25,91
27,421
25,587
25,55
25,389
25,135
25,174
12,154
16,66
25,121
16,265
52,104
25,253
13,48
25,638
42,640
16,279
25,588
19,552
25,92
25,214
25,53
25,39
16,642
25,662
52,187
25,263
14,724
25,601
25,400
52,636
16,466
25,99
25,234
25,13
49,68
18,430
7,439
36,339
35,123
25,393
25,748
25,290
25,56
25,693
25,10
6,29
56,597
14,128
16,127
5,222
25,287
52,12
25,647
7,477
28,594
16,476
25,289
25,354
15,258
25,557
25,394
26,560
15,241
2,35
25,262
25,348
25,148
25,563
25,89
15,590
48,301
25,160
17,94
6,138
14,454
25,530
25,319
30,346
25,546
25,361
57,516
25,271
25,535
25,332
42,239
25,168
50,67
25,437
62,541
15,5
42,387
27,369
15,464
12,657
25,634
25,31
25,113
16,86
16,628
4,750
27,436
6,310
36,667
25,18
25,4
4,669
1,120
25,293
25,161
6,232
25,491
19,654
25,411
52,668
25,616
16,729
19,562
2,462
38,305
25,374
60,208
15,484
45,231
18,595
25,511
16,655
7,227
27,260
54,8
15,97
53,9
46,401
25,547
25,460
25,107
25,21
63,166
16,538
16,554
15,184
25,181
25,564
25,468
7,40
25,185
18,478
25,75
25,87
40,304
25,63
7,397
25,649
17,43
52,428
25,431
25,606
25,336
25,408
25,519
25,574
64,520
25,233
25,22
25,673
25,312
25,109
25,217
5,581
25,386
7,413
25,243
25,733
18,659
25,365
2,215
4,517
25,558
16,687
14,17
25,689
15,299
15,596
25,356
25,455
25,28
2,648
25,44
9,744
49,249
50,108
25,450
16,244
52,324
25,677
25,682
25,650
16,337
25,264
25,268
15,700
25,561
25,674
16,32
52,351
25,651
25,345
53,432
16,114
15,551
25,173
50,416
25,672
11,88
26,444
25,115
15,77
25,82
36,225
16,177
19,514
25,266
16,52
19,276
18,611
16,625
15,79
2,102
6,438
25,180
25,326
44,708
25,524
25,402
25,83
25,645
15,146
39,456
25,565
50,513
25,685
38,76
25,329
14,585
39,6
25,506
25,122
3,388
58,322
25,247
26,445
25,254
16,608
7,375
25,465
25,392
16,591
18,303
19,197
28,308
25,45
25,80
25,508
26,727
48,294
25,702
25,721
25,273
15,137
25,489
7,302
25,144
66,191
4,196
52,482
25,643
54,448
25,566
17,618
49,715
6,384
25,412
25,440
25,156
25,526
25,248
25,722
4,691
50,531
25,452
16,492
25,349
25,363
25,675
25,119
25,368
16,124
25,740
26,274
25,62
24,390
25,612
26,542
25,275
26,216
6,256
25,219
2,549
53,149
16,688
19,577
15,285
19,131
21,425
25,204
25,626
17,528
18,84
36,469
16,51
25,753
14,209
25,296
25,50
26,221
25,245
25,646
25,545
25,671
16,614
17,320
17,467
25,282
54,101
32,194
15,199
20,602
52,207
25,409
19,178
25,129
42,251
25,617
25,527
19,373
25,330
25,38
3,15
25,470
19,311
50,704
19,739
25,49
52,679
25,745
28,103
25,353
25,193
57,288
65,429
25,423
25,300
19,284
25,36
7,487
25,280
47,461
25,569
25,155
25,112
2,718
25,579
25,734
25,37
25,192
25,457
25,210
6,656
25,556
25,376
38,321
25,441
25,42
7,582
10,575
25,30
26,213
25,377
25,33
7,65
25,385
18,419
25,696
25,69
25,333
14,105
38,316
25,475
25,295
25,499
25,697
42,134
52,459
25,427
25,586
25,145
19,143
42,751
25,238
25,610
28,106
25,132
16,286
59,223
71,752
53,117
