24,13
42,442
24,83
17,295
4,248
27,271
24,92
79,108
61,202
24,63
24,249
24,117
24,504
24,393
24,561
14,321
24,499
24,211
24,156
24,115
24,490
24,180
74,178
115,472
110,562
7,522
27,198
24,389
24,199
24,443
72,146
42,96
24,39
24,125
113,18
20,151
115,290
24,330
24,87
24,33
27,148
27,200
21,195
24,101
103,19
24,560
24,59
115,300
79,568
24,56
24,571
78,564
24,325
27,419
24,15
24,139
24,501
24,174
24,299
24,261
24,528
24,536
24,401
48,279
24,44
27,276
24,143
24,489
24,109
22,418
32,291
18,349
95,386
24,40
24,530
58,238
27,46
24,545
24,467
20,245
72,404
24,244
24,378
24,29
24,67
5,252
24,274
24,574
24,89
76,516
49,293
24,327
24,283
24,533
48,119
24,370
119,458
24,68
27,88
114,465
24,285
24,227
48,331
27,50
113,7
40,237
45,557
24,303
24,317
27,449
27,144
22,339
81,188
24,537
24,413
27,3
24,230
91,166
24,394
102,155
115,20
42,372
24,240
106,366
24,203
22,583
27,513
23,11
115,487
115,258
24,269
36,579
32,322
87,414
27,53
116,152
82,556
115,255
24,131
62,243
20,420
24,368
24,221
24,428
113,553
24,316
111,491
24,278
88,65
22,286
24,55
24,233
24,78
14,215
24,205
24,254
125,409
38,532
85,494
43,69
24,51
93,448
34,423
24,266
24,512
24,567
113,481
20,171
24,326
27,460
24,34
100,228
46,466
24,391
104,430
115,94
115,196
24,14
1,62
24,367
115,85
47,114
2,190
4,297
15,566
27,197
24,492
24,546
27,432
24,17
115,505
108,98
84,153
86,441
24,488
24,426
24,82
24,123
24,523
24,559
104,102
24,577
24,425
60,187
24,485
17,270
24,439
48,495
27,581
122,400
24,476
48,586
109,582
24,515
24,79
9,507
22,236
24,584
11,585
24,410
24,306
50,218
27,304
27,38
48,264
105,578
24,496
24,21
43,74
24,379
24,84
47,315
24,344
87,207
27,61
24,360
24,161
24,540
27,555
24,334
107,453
113,93
24,470
24,422
24,259
22,329
18,445
24,30
24,12
27,47
38,10
24,455
77,575
24,169
24,75
27,164
55,484
24,345
24,314
17,347
24,301
13,373
37,446
24,380
109,570
24,362
27,313
24,294
24,355
24,337
24,231
53,58
14,142
24,440
39,22
24,563
58,569
24,526
24,268
118,165
74,376
32,214
24,28
47,60
24,552
24,424
27,220
115,408
123,57
24,1
24,310
27,309
24,308
24,551
24,403
115,333
24,128
108,451
24,377
24,381
24,421
3,77
24,27
24,209
12,6
24,104
11,371
24,170
24,311
24,267
27,127
37,292
24,256
24,474
24,412
24,186
24,235
89,54
99,398
31,239
24,547
24,99
3,110
54,572
24,287
24,340
24,66
37,223
24,135
24,396
24,41
108,116
23,411
24,438
32,111
66,189
24,541
14,224
24,250
27,42
115,415
107,479
29,549
24,454
24,168
20,36
24,358
88,80
24,346
90,141
113,539
124,406
22,511
119,43
24,217
22,356
111,70
20,246
91,126
24,353
97,529
24,112
106,150
120,343
8,500
24,508
24,335
24,133
59,71
24,282
27,417
24,473
24,320
115,247
110,514
24,72
26,431
24,427
24,405
24,4
26,206
60,260
7,390
6,16
63,273
24,338
73,154
92,185
24,464
14,395
24,475
98,163
24,263
24,312
33,328
27,251
10,158
27,275
115,132
24,565
24,219
105,307
25,305
24,262
19,32
20,122
94,2
24,229
24,160
24,502
27,558
27,573
24,456
24,106
27,26
53,383
30,365
24,216
24,517
24,503
26,397
24,384
24,86
24,534
24,5
24,184
18,435
24,302
96,554
24,323
18,183
24,179
115,64
115,542
4,208
67,103
115,95
27,548
24,225
24,212
24,461
24,91
24,182
114,284
24,232
24,173
97,107
24,531
24,222
97,521
26,518
68,416
24,272
28,324
24,257
41,277
56,525
24,76
116,369
24,480
48,457
70,204
107,382
16,520
24,49
24,8
24,497
113,543
96,527
24,52
75,253
24,23
30,281
27,471
33,90
24,509
101,538
117,137
27,113
57,159
24,193
126,194
65,348
24,149
24,134
64,234
24,318
24,462
24,506
24,580
24,436
24,336
105,452
24,31
24,81
24,387
79,140
121,9
24,385
32,483
24,486
44,350
10,130
24,177
24,341
69,576
24,433
32,129
83,288
94,524
20,181
24,176
24,437
18,399
24,296
24,588
10,544
52,191
112,121
60,48
51,138
24,24
24,434
115,374
58,37
24,535
80,100
24,550
22,444
24,136
50,459
24,478
24,468
4,105
115,145
24,351
24,167
83,35
20,242
24,147
27,357
48,519
79,280
115,298
24,192
24,332
27,342
48,463
27,241
114,363
25,124
24,375
24,25
3,265
24,213
24,226
24,493
44,402
24,201
24,175
24,45
24,120
24,172
24,319
35,477
24,354
24,97
24,364
24,407
24,510
24,73
27,429
44,469
24,447
24,361
115,450
24,392
24,359
24,118
71,388
24,162
24,352
24,289
24,157
24,210
24,498
127,482
115,587
