31,564
120,532
120,151
120,452
120,372
85,475
53,422
120,539
88,476
177,88
184,593
120,210
120,507
117,78
41,596
120,65
120,509
165,220
88,99
88,165
101,279
120,84
120,196
96,310
179,406
120,521
176,296
125,12
120,79
120,407
115,16
134,303
120,558
122,23
120,625
28,392
88,340
181,4
111,216
192,365
7,209
12,515
120,56
120,437
120,562
120,234
177,120
49,546
186,627
51,351
120,495
114,371
120,529
51,344
67,395
120,439
120,145
112,149
23,277
32,519
31,482
34,161
92,300
163,366
120,110
120,584
99,606
117,187
120,350
147,294
81,308
26,53
31,347
126,283
95,43
161,213
175,607
120,360
120,173
134,223
120,465
120,45
116,585
120,413
120,536
86,218
14,158
120,321
120,200
88,621
31,569
120,81
131,224
164,111
132,66
148,493
120,114
173,46
120,178
180,212
143,113
163,487
66,469
111,89
87,115
168,13
141,135
111,333
183,8
120,500
120,597
83,97
120,555
120,228
120,592
104,44
120,280
102,622
75,603
120,5
3,259
186,570
45,57
57,619
31,22
158,17
122,510
144,3
113,561
160,69
136,324
33,260
45,553
76,383
120,281
120,291
122,82
36,26
33,479
6,602
145,342
189,315
26,85
45,363
120,236
141,30
13,498
169,29
120,225
115,524
120,313
17,468
59,573
194,198
129,626
124,444
101,580
120,238
136,335
118,533
120,289
80,176
110,586
35,245
120,591
34,249
122,471
120,599
1,168
3,620
33,33
115,528
120,282
52,401
34,192
120,269
151,35
120,51
180,2
56,298
81,136
65,214
105,385
93,560
75,359
36,292
120,615
69,484
31,550
164,257
48,480
120,429
131,556
55,92
13,425
120,117
31,409
120,322
94,554
120,472
25,450
122,445
31,514
180,325
68,263
98,217
146,527
97,68
120,604
120,440
81,14
120,160
120,104
120,587
107,577
120,456
121,108
120,631
182,448
120,629
150,618
131,301
120,581
120,39
120,497
88,58
31,364
120,397
85,163
2,424
122,458
32,339
66,382
120,150
31,361
120,31
27,457
120,540
91,582
167,567
9,172
83,490
50,434
3,83
120,253
53,346
88,415
85,129
120,511
131,52
1,594
3,167
113,202
90,34
24,137
3,605
120,231
79,127
120,600
120,537
125,410
149,544
121,288
130,116
75,305
85,183
152,215
31,595
120,338
73,156
133,508
136,157
37,21
89,118
88,461
13,67
120,75
88,624
120,24
120,428
120,199
120,208
120,206
173,502
93,28
131,261
82,74
123,278
120,19
134,247
120,394
120,90
65,20
120,473
78,9
120,489
18,275
120,37
84,226
120,357
111,6
187,229
120,266
29,248
103,86
128,504
172,105
120,571
178,242
120,112
83,417
136,311
120,299
74,254
120,274
185,535
34,181
19,464
93,211
3,71
120,370
120,393
39,513
120,408
121,389
31,486
10,334
168,287
18,239
174,427
25,184
3,285
120,319
82,63
120,566
173,387
171,551
108,542
109,270
120,447
51,531
120,314
35,265
120,185
15,119
113,134
120,549
171,380
167,295
120,258
120,162
1,193
193,250
31,286
31,430
37,93
88,572
54,222
120,95
120,377
115,271
19,155
120,412
110,264
120,272
120,462
46,557
67,159
8,131
81,312
120,80
120,32
12,290
40,390
127,579
13,306
133,375
3,608
188,388
78,496
51,146
109,107
120,399
34,207
120,518
3,70
92,96
138,101
82,559
135,128
47,141
120,177
81,221
88,262
120,609
164,474
110,267
61,483
142,543
22,188
120,354
1,491
24,1
156,268
65,189
120,326
120,416
81,598
120,197
122,73
187,235
129,125
120,203
44,435
113,227
31,494
83,61
35,91
34,355
169,304
29,530
120,545
50,421
110,526
120,132
166,432
93,588
94,139
120,610
131,523
162,438
33,171
62,481
115,419
31,166
65,384
120,317
33,62
120,175
117,60
65,232
184,630
64,343
120,454
119,418
164,449
71,164
111,186
35,138
120,520
193,201
120,331
188,72
35,143
18,403
111,255
115,576
109,237
67,517
179,36
100,273
136,356
157,616
81,323
120,15
178,374
170,485
120,601
120,613
3,414
120,362
120,318
88,522
153,455
120,329
120,297
23,506
159,512
120,400
120,59
34,477
120,345
154,501
120,568
42,152
82,195
120,376
3,147
88,276
115,42
31,373
185,87
120,628
31,293
120,534
140,525
111,611
120,552
60,405
120,590
15,182
125,436
63,441
87,443
3,503
21,433
120,398
124,368
120,55
120,459
114,233
21,103
81,617
119,124
120,538
11,153
28,499
146,205
120,180
25,194
120,50
20,341
33,54
120,381
65,423
30,243
117,548
120,174
120,246
29,7
71,358
120,133
120,123
65,144
81,367
120,191
122,391
58,48
120,505
115,332
185,488
72,121
70,386
122,320
29,170
120,252
166,589
50,256
77,378
120,470
72,244
65,402
120,251
120,352
120,169
120,230
136,632
120,369
143,41
120,140
120,612
120,327
186,241
120,516
175,49
92,122
115,563
16,541
120,492
120,316
83,302
131,411
120,11
155,442
183,623
24,575
111,109
191,219
137,614
120,204
111,100
115,179
172,38
120,460
120,25
120,466
111,309
33,47
3,10
65,578
120,633
120,40
120,379
114,453
106,142
120,77
120,565
31,27
120,353
122,451
43,154
120,148
120,420
117,328
122,106
120,467
120,349
139,240
149,426
33,547
65,583
5,307
43,337
182,348
120,284
38,98
57,336
111,330
120,94
120,396
120,446
120,190
183,64
95,102
120,18
120,126
120,463
14,478
111,76
32,130
111,431
4,404
190,574
