20,876
92,323
20,808
20,836
20,109
20,992
20,40
51,214
20,320
20,216
68,554
20,32
20,434
20,68
20,447
20,117
20,957
20,664
69,645
20,1032
20,427
20,668
20,340
64,888
20,505
20,342
77,170
20,360
20,330
17,891
20,287
20,1063
62,278
20,970
20,913
20,682
20,972
20,654
20,243
20,419
20,266
20,141
20,739
20,828
1,319
20,380
20,501
20,916
20,293
20,908
61,968
20,364
61,1076
20,658
20,730
20,47
20,306
55,571
20,722
20,296
20,871
20,446
78,387
20,77
37,963
20,366
20,1056
20,1089
20,173
20,971
20,846
20,678
20,897
45,816
20,1017
62,939
20,308
87,561
2,921
20,202
20,748
20,17
23,583
20,70
20,404
20,529
20,1009
20,852
20,787
27,1000
15,414
61,85
20,494
68,98
62,814
20,585
20,378
20,185
20,488
51,254
42,316
20,261
20,1012
20,149
52,745
31,262
20,524
62,268
20,270
20,448
62,339
61,207
20,646
56,450
20,934
42,178
20,684
20,399
43,28
20,99
62,917
20,246
68,784
20,1027
51,406
20,424
20,652
63,482
52,914
20,1030
20,826
20,827
20,245
20,12
20,299
20,562
20,423
20,283
62,203
20,525
20,769
20,979
20,647
20,159
62,783
20,998
20,679
50,29
20,721
20,73
20,560
20,800
6,744
20,749
20,142
20,81
20,1052
20,1072
20,703
62,490
51,620
20,631
62,1037
20,956
20,1008
20,1071
20,162
20,210
20,523
20,305
15,38
20,499
20,535
20,55
25,1069
81,747
20,1088
20,1082
20,929
20,1
40,742
20,23
20,536
20,579
20,187
20,297
20,750
20,39
20,157
20,215
20,115
20,756
20,665
20,978
62,983
28,773
20,75
44,1059
20,697
20,41
20,303
20,568
20,1002
20,941
19,660
20,731
20,107
20,417
53,875
20,186
20,1084
70,1020
20,411
20,812
20,223
20,97
20,96
50,442
43,588
19,355
23,151
79,251
20,344
20,405
8,902
20,1014
51,623
20,946
45,779
20,233
62,926
20,767
20,5
62,509
20,774
20,889
20,644
20,72
20,666
20,880
20,272
20,648
20,489
20,843
20,612
20,1004
39,782
50,291
20,179
20,589
20,503
20,1053
20,729
20,34
20,943
20,763
20,858
17,363
68,346
20,250
20,418
20,596
20,952
20,977
62,496
20,553
20,847
20,1054
20,211
20,694
20,59
20,240
42,1041
20,985
20,361
20,960
20,260
20,539
20,771
62,1085
62,50
20,1083
20,918
61,996
20,518
20,1077
20,415
62,236
69,298
20,1060
20,574
20,691
20,903
62,274
20,362
20,436
20,840
20,878
20,777
20,801
20,522
17,60
20,237
62,313
20,1003
20,1013
20,899
20,639
20,217
58,877
20,630
19,1044
20,166
20,923
20,1023
20,391
20,822
62,607
20,35
20,208
20,549
42,760
20,988
76,622
62,656
32,605
20,942
67,147
20,230
20,636
20,540
20,425
20,56
62,629
62,3
20,235
20,172
77,1022
20,348
20,124
20,311
20,904
94,420
20,354
20,794
20,394
38,527
20,781
83,189
20,200
20,825
20,1016
54,174
20,820
20,659
20,728
39,716
20,22
20,228
20,866
20,441
20,993
20,920
20,21
20,66
20,86
62,445
20,437
20,621
20,7
64,10
68,528
20,573
61,375
20,786
20,359
20,37
20,755
20,707
20,110
17,388
61,500
11,864
20,184
11,837
20,1078
20,671
20,403
20,127
62,557
20,947
20,146
79,845
20,422
62,241
20,392
20,197
61,862
20,52
20,674
20,628
20,282
20,102
20,62
20,351
20,155
20,949
20,807
66,958
61,1058
20,961
20,13
62,604
20,440
20,932
19,276
20,14
20,477
20,704
20,705
20,582
20,861
20,317
20,772
20,255
20,472
20,651
84,26
20,758
74,898
20,713
20,617
96,580
20,257
62,504
20,712
20,42
20,400
20,759
20,113
20,865
20,643
4,1048
1,4
20,633
20,594
20,87
20,754
20,873
20,80
20,20
61,206
17,1051
20,134
20,765
20,641
35,271
20,36
20,802
20,275
20,82
71,57
20,132
20,842
20,397
68,806
93,133
17,692
20,429
20,137
79,1074
20,1086
20,193
20,256
20,793
20,44
20,726
46,269
20,369
16,156
1,483
20,699
20,451
18,401
50,188
20,833
61,104
20,1031
20,1034
20,15
62,969
20,461
62,279
20,819
72,408
20,46
62,890
9,689
20,796
20,667
20,103
20,199
20,736
20,811
20,154
68,650
15,285
61,201
20,995
48,999
34,592
30,329
20,460
62,635
20,695
20,204
20,986
20,120
20,1042
62,884
20,601
20,1040
20,723
20,164
20,332
21,126
20,881
20,412
20,473
20,67
20,1036
20,224
20,158
20,517
20,761
20,407
42,521
19,43
20,426
20,476
20,140
61,590
42,1018
20,513
62,295
62,277
18,855
1,718
20,711
1,242
20,373
15,183
20,1001
20,900
61,1062
20,776
20,365
62,938
62,829
20,680
20,544
20,1047
80,474
20,627
37,331
61,785
20,69
20,421
39,396
57,676
20,973
43,31
20,226
20,1025
63,859
36,470
20,131
62,49
20,1055
20,386
15,459
20,300
20,135
20,177
20,449
20,1024
62,152
20,834
20,653
20,18
61,465
20,530
20,167
20,602
62,901
20,818
62,951
20,854
62,61
12,844
20,301
20,502
20,657
20,850
20,714
20,191
20,823
21,286
20,531
26,683
62,911
20,267
18,584
20,624
7,143
20,6
20,516
5,130
95,290
20,486
20,194
20,609
20,661
20,606
23,88
45,333
20,839
20,315
20,464
20,577
20,376
20,886
20,48
20,54
20,706
20,688
20,431
62,1073
20,479
20,389
20,841
1,738
20,1079
20,940
20,492
20,598
20,118
20,321
1,377
20,309
20,350
20,1068
20,439
20,907
43,463
20,122
20,1091
20,987
20,232
20,709
20,640
42,64
99,144
20,637
20,9
20,790
20,997
20,252
43,982
20,84
20,817
68,244
61,93
20,370
60,1007
20,25
15,532
20,89
20,337
20,150
61,169
20,953
20,213
20,402
53,734
77,249
18,469
20,264
20,670
62,879
20,165
20,919
20,741
20,821
20,458
62,263
20,564
20,632
20,1065
12,71
61,698
59,906
20,368
20,16
20,533
20,954
20,805
70,352
20,455
42,857
20,307
20,292
20,341
20,556
50,693
20,1080
62,475
20,327
62,345
1,519
20,168
20,944
20,379
64,534
29,180
20,593
20,551
20,192
20,930
20,182
20,515
61,634
19,356
20,136
18,870
20,1029
62,138
20,586
20,238
20,384
20,567
20,358
62,1081
20,964
20,1061
76,336
20,454
20,753
20,922
20,967
23,541
62,432
20,239
20,896
20,190
20,727
34,616
20,810
20,603
20,253
20,860
91,1064
20,740
62,456
20,438
24,804
20,614
19,314
20,608
62,526
20,872
20,538
20,768
20,416
72,312
20,1006
20,937
72,205
20,220
1,733
20,484
20,851
20,687
20,547
20,735
20,613
20,1015
24,468
62,258
20,795
16,945
45,453
20,887
20,30
17,1045
20,302
62,1066
77,966
79,381
20,989
20,480
20,791
1,975
20,788
20,1057
20,766
20,974
20,935
62,83
20,751
20,221
20,625
90,175
20,955
62,610
20,581
20,962
20,677
20,552
20,171
20,507
20,91
20,874
62,90
20,700
20,600
20,383
20,385
20,883
62,832
73,725
14,196
20,512
20,225
33,615
20,498
20,1087
82,106
20,618
20,443
20,153
20,720
20,649
20,481
20,642
20,444
20,780
61,45
51,548
20,550
18,803
20,79
67,893
20,326
20,835
97,322
20,710
20,885
20,662
20,273
20,537
20,101
62,543
20,1043
20,116
20,669
85,572
64,905
62,910
20,119
20,219
19,655
20,198
15,74
20,981
20,792
20,229
20,1021
20,626
20,948
20,478
68,976
13,181
20,927
42,510
20,1039
17,247
20,569
20,357
20,925
20,1035
62,347
3,1050
69,65
68,565
20,757
20,511
20,457
20,576
20,797
20,1067
20,611
20,936
20,395
43,33
20,334
20,869
20,520
61,145
43,546
20,195
53,950
20,294
20,325
62,892
20,163
20,752
20,743
20,435
20,491
20,789
20,770
20,578
88,984
38,558
20,1049
49,824
75,559
20,493
20,696
65,545
20,318
98,863
20,599
24,281
62,108
19,288
20,830
20,915
20,690
20,815
20,719
20,335
20,595
17,265
20,304
20,280
47,737
20,514
62,160
20,587
20,95
20,231
20,76
25,717
20,367
20,390
20,139
69,111
20,1070
20,809
15,234
20,1019
20,497
62,1028
17,413
20,980
20,597
20,965
20,764
20,638
20,121
20,701
24,1010
24,1033
41,1011
20,673
20,681
20,92
62,487
45,732
20,53
20,555
62,112
20,508
20,848
20,374
20,398
22,566
89,542
61,382
20,991
20,410
68,452
20,284
20,1038
20,51
20,591
20,909
20,724
20,371
20,24
20,868
20,575
86,128
19,931
20,409
20,372
20,1075
61,506
61,1026
20,466
20,895
20,994
18,11
20,94
20,882
20,259
62,672
20,123
45,853
20,328
20,289
20,959
20,19
68,894
20,708
62,212
20,675
20,702
20,462
20,798
61,686
20,27
38,338
20,63
20,746
61,324
39,775
20,778
20,495
20,831
42,430
20,928
17,799
51,393
20,471
20,222
62,563
38,310
20,570
20,176
20,227
20,1046
20,161
20,8
24,100
20,849
20,125
20,912
20,685
20,209
20,129
20,105
20,1090
17,248
62,485
20,218
20,715
62,148
20,353
20,114
20,58
20,349
68,838
20,428
20,867
20,467
20,2
20,762
20,813
20,78
20,1005
20,924
20,990
20,619
10,343
20,433
20,933
50,856
20,663
