19,13
32,442
19,83
15,295
4,248
19,271
19,92
59,108
46,202
19,63
19,249
19,117
19,504
19,393
19,561
13,321
19,499
19,211
19,156
19,115
19,490
19,180
56,178
88,472
85,562
7,522
19,198
19,389
19,199
19,443
54,146
32,96
19,39
19,125
87,18
17,151
88,290
19,330
19,87
19,33
19,148
19,200
17,195
19,101
79,19
19,560
19,59
88,300
59,568
19,56
19,571
58,564
19,325
19,419
19,15
19,139
19,501
19,174
19,299
19,261
19,528
19,536
19,401
36,279
19,44
19,276
19,143
19,489
19,109
18,418
23,291
16,349
73,386
19,40
19,530
43,238
19,46
19,545
19,467
17,245
54,404
19,244
19,378
19,29
19,67
5,252
19,274
19,574
19,89
57,516
37,293
19,327
19,283
19,533
36,119
19,370
91,458
19,68
19,88
88,465
19,285
19,227
36,331
19,50
87,7
30,237
34,557
19,303
19,317
19,449
19,144
18,339
61,188
19,537
19,413
19,3
19,230
69,166
19,394
78,155
88,20
32,372
19,240
82,366
19,203
18,583
19,513
19,11
88,487
88,258
19,269
26,579
23,322
66,414
19,53
89,152
61,556
88,255
19,131
47,243
17,420
19,368
19,221
19,428
87,553
19,316
86,491
19,278
66,65
18,286
19,55
19,233
19,78
13,215
19,205
19,254
95,409
28,532
64,494
32,69
19,51
71,448
25,423
19,266
19,512
19,567
87,481
17,171
19,326
19,460
19,34
76,228
34,466
19,391
80,430
88,94
88,196
19,14
1,62
19,367
88,85
35,114
2,190
4,297
13,566
19,197
19,492
19,546
19,432
19,17
88,505
83,98
63,153
65,441
19,488
19,426
19,82
19,123
19,523
19,559
80,102
19,577
19,425
45,187
19,485
15,270
19,439
36,495
19,581
93,400
19,476
36,586
84,582
19,515
19,79
8,507
18,236
19,584
10,585
19,410
19,306
38,218
19,304
19,38
36,264
81,578
19,496
19,21
32,74
19,379
19,84
35,315
19,344
66,207
19,61
19,360
19,161
19,540
19,555
19,334
83,453
87,93
19,470
19,422
19,259
18,329
16,445
19,30
19,12
19,47
28,10
19,455
58,575
19,169
19,75
19,164
41,484
19,345
19,314
15,347
19,301
12,373
27,446
19,380
84,570
19,362
19,313
19,294
19,355
19,337
19,231
39,58
13,142
19,440
29,22
19,563
43,569
19,526
19,268
90,165
56,376
23,214
19,28
35,60
19,552
19,424
19,220
88,408
94,57
19,1
19,310
19,309
19,308
19,551
19,403
88,333
19,128
83,451
19,377
19,381
19,421
3,77
19,27
19,209
11,6
19,104
10,371
19,170
19,311
19,267
19,127
27,292
19,256
19,474
19,412
19,186
19,235
67,54
76,398
22,239
19,547
19,99
3,110
40,572
19,287
19,340
19,66
27,223
19,135
19,396
19,41
83,116
19,411
19,438
23,111
50,189
19,541
13,224
19,250
19,42
88,415
83,479
21,549
19,454
19,168
17,36
19,358
66,80
19,346
68,141
87,539
94,406
18,511
91,43
19,217
18,356
86,70
17,246
69,126
19,353
75,529
19,112
82,150
91,343
7,500
19,508
19,335
19,133
44,71
19,282
19,417
19,473
19,320
88,247
85,514
19,72
19,431
19,427
19,405
19,4
19,206
45,260
7,390
6,16
48,273
19,338
55,154
70,185
19,464
13,395
19,475
75,163
19,263
19,312
24,328
19,251
9,158
19,275
88,132
19,565
19,219
81,307
19,305
19,262
16,32
17,122
72,2
19,229
19,160
19,502
19,558
19,573
19,456
19,106
19,26
39,383
22,365
19,216
19,517
19,503
19,397
19,384
19,86
19,534
19,5
19,184
16,435
19,302
74,554
19,323
16,183
19,179
88,64
88,542
4,208
50,103
88,95
19,548
19,225
19,212
19,461
19,91
19,182
88,284
19,232
19,173
75,107
19,531
19,222
75,521
19,518
51,416
19,272
20,324
19,257
31,277
42,525
19,76
89,369
19,480
36,457
52,204
83,382
14,520
19,49
19,8
19,497
87,543
74,527
19,52
56,253
19,23
22,281
19,471
24,90
19,509
77,538
89,137
19,113
42,159
19,193
96,194
49,348
19,149
19,134
49,234
19,318
19,462
19,506
19,580
19,436
19,336
81,452
19,31
19,81
19,387
59,140
92,9
19,385
23,483
19,486
33,350
9,130
19,177
19,341
52,576
19,433
23,129
62,288
72,524
17,181
19,176
19,437
16,399
19,296
19,588
9,544
38,191
86,121
45,48
38,138
19,24
19,434
88,374
43,37
19,535
60,100
19,550
18,444
19,136
38,459
19,478
19,468
4,105
88,145
19,351
19,167
62,35
17,242
19,147
19,357
36,519
59,280
88,298
19,192
19,332
19,342
36,463
19,241
88,363
19,124
19,375
19,25
3,265
19,213
19,226
19,493
33,402
19,201
19,175
19,45
19,120
19,172
19,319
26,477
19,354
19,97
19,364
19,407
19,510
19,73
19,429
33,469
19,447
19,361
88,450
19,392
19,359
19,118
53,388
19,162
19,352
19,289
19,157
19,210
19,498
97,482
88,587
