7,13
13,442
7,83
7,295
2,248
7,271
7,92
29,108
22,202
7,63
7,249
7,117
7,504
7,393
7,561
7,321
7,499
7,211
7,156
7,115
7,490
7,180
27,178
47,472
46,562
4,522
7,198
7,389
7,199
7,443
26,146
13,96
7,39
7,125
47,18
7,151
47,290
7,330
7,87
7,33
7,148
7,200
7,195
7,101
42,19
7,560
7,59
47,300
29,568
7,56
7,571
28,564
7,325
7,419
7,15
7,139
7,501
7,174
7,299
7,261
7,528
7,536
7,401
16,279
7,44
7,276
7,143
7,489
7,109
7,418
7,291
7,349
38,386
7,40
7,530
20,238
7,46
7,545
7,467
7,245
26,404
7,244
7,378
7,29
7,67
3,252
7,274
7,574
7,89
27,516
16,293
7,327
7,283
7,533
16,119
7,370
49,458
7,68
7,88
47,465
7,285
7,227
16,331
7,50
47,7
12,237
14,557
7,303
7,317
7,449
7,144
7,339
30,188
7,537
7,413
7,3
7,230
36,166
7,394
42,155
47,20
13,372
7,240
45,366
7,203
7,583
7,513
7,11
47,487
47,258
7,269
10,579
7,322
34,414
7,53
47,152
30,556
47,255
7,131
22,243
7,420
7,368
7,221
7,428
47,553
7,316
47,491
7,278
34,65
7,286
7,55
7,233
7,78
7,215
7,205
7,254
53,409
11,532
32,494
13,69
7,51
37,448
9,423
7,266
7,512
7,567
47,481
7,171
7,326
7,460
7,34
40,228
14,466
7,391
43,430
47,94
47,196
7,14
1,62
7,367
47,85
15,114
1,190
2,297
7,566
7,197
7,492
7,546
7,432
7,17
47,505
45,98
32,153
33,441
7,488
7,426
7,82
7,123
7,523
7,559
43,102
7,577
7,425
21,187
7,485
7,270
7,439
16,495
7,581
51,400
7,476
16,586
46,582
7,515
7,79
4,507
7,236
7,584
5,585
7,410
7,306
17,218
7,304
7,38
16,264
44,578
7,496
7,21
13,74
7,379
7,84
15,315
7,344
34,207
7,61
7,360
7,161
7,540
7,555
7,334
45,453
47,93
7,470
7,422
7,259
7,329
7,445
7,30
7,12
7,47
11,10
7,455
28,575
7,169
7,75
7,164
19,484
7,345
7,314
7,347
7,301
6,373
11,446
7,380
46,570
7,362
7,313
7,294
7,355
7,337
7,231
17,58
7,142
7,440
11,22
7,563
20,569
7,526
7,268
48,165
27,376
7,214
7,28
15,60
7,552
7,424
7,220
47,408
52,57
7,1
7,310
7,309
7,308
7,551
7,403
47,333
7,128
45,451
7,377
7,381
7,421
2,77
7,27
7,209
5,6
7,104
5,371
7,170
7,311
7,267
7,127
11,292
7,256
7,474
7,412
7,186
7,235
34,54
40,398
7,239
7,547
7,99
2,110
18,572
7,287
7,340
7,66
11,223
7,135
7,396
7,41
45,116
7,411
7,438
7,111
24,189
7,541
7,224
7,250
7,42
47,415
45,479
7,549
7,454
7,168
7,36
7,358
34,80
7,346
35,141
47,539
52,406
7,511
49,43
7,217
7,356
47,70
7,246
36,126
7,353
39,529
7,112
45,150
49,343
4,500
7,508
7,335
7,133
20,71
7,282
7,417
7,473
7,320
47,247
46,514
7,72
7,431
7,427
7,405
7,4
7,206
21,260
4,390
3,16
22,273
7,338
26,154
36,185
7,464
7,395
7,475
39,163
7,263
7,312
8,328
7,251
4,158
7,275
47,132
7,565
7,219
44,307
7,305
7,262
7,32
7,122
38,2
7,229
7,160
7,502
7,558
7,573
7,456
7,106
7,26
17,383
7,365
7,216
7,517
7,503
7,397
7,384
7,86
7,534
7,5
7,184
7,435
7,302
38,554
7,323
7,183
7,179
47,64
47,542
2,208
24,103
47,95
7,548
7,225
7,212
7,461
7,91
7,182
47,284
7,232
7,173
39,107
7,531
7,222
39,521
7,518
24,416
7,272
7,324
7,257
12,277
20,525
7,76
47,369
7,480
16,457
25,204
45,382
7,520
7,49
7,8
7,497
47,543
38,527
7,52
27,253
7,23
7,281
7,471
8,90
7,509
41,538
47,137
7,113
20,159
7,193
54,194
23,348
7,149
7,134
23,234
7,318
7,462
7,506
7,580
7,436
7,336
44,452
7,31
7,81
7,387
29,140
50,9
7,385
7,483
7,486
13,350
4,130
7,177
7,341
25,576
7,433
7,129
31,288
38,524
7,181
7,176
7,437
7,399
7,296
7,588
4,544
17,191
47,121
21,48
17,138
7,24
7,434
47,374
20,37
7,535
29,100
7,550
7,444
7,136
17,459
7,478
7,468
2,105
47,145
7,351
7,167
31,35
7,242
7,147
7,357
16,519
29,280
47,298
7,192
7,332
7,342
16,463
7,241
47,363
7,124
7,375
7,25
2,265
7,213
7,226
7,493
13,402
7,201
7,175
7,45
7,120
7,172
7,319
10,477
7,354
7,97
7,364
7,407
7,510
7,73
7,429
13,469
7,447
7,361
47,450
7,392
7,359
7,118
25,388
7,162
7,352
7,289
7,157
7,210
7,498
55,482
47,587
