7,876
42,323
7,808
7,836
7,109
7,992
7,40
21,214
7,320
7,216
28,554
7,32
7,434
7,68
7,447
7,117
7,957
7,664
28,645
7,1032
7,427
7,668
7,340
27,888
7,505
7,342
32,170
7,360
7,330
7,891
7,287
7,1063
27,278
7,970
7,913
7,682
7,972
7,654
7,243
7,419
7,266
7,141
7,739
7,828
1,319
7,380
7,501
7,916
7,293
7,908
27,968
7,364
27,1076
7,658
7,730
7,47
7,306
23,571
7,722
7,296
7,871
7,446
32,387
7,77
15,963
7,366
7,1056
7,1089
7,173
7,971
7,846
7,678
7,897
19,816
7,1017
27,939
7,308
38,561
1,921
7,202
7,748
7,17
7,583
7,70
7,404
7,529
7,1009
7,852
7,787
8,1000
7,414
27,85
7,494
28,98
27,814
7,585
7,378
7,185
7,488
21,254
18,316
7,261
7,1012
7,149
21,745
11,262
7,524
27,268
7,270
7,448
27,339
27,207
7,646
24,450
7,934
18,178
7,684
7,399
18,28
7,99
27,917
7,246
28,784
7,1027
21,406
7,424
7,652
27,482
21,914
7,1030
7,826
7,827
7,245
7,12
7,299
7,562
7,423
7,283
27,203
7,525
7,769
7,979
7,647
7,159
27,783
7,998
7,679
21,29
7,721
7,73
7,560
7,800
2,744
7,749
7,142
7,81
7,1052
7,1072
7,703
27,490
21,620
7,631
27,1037
7,956
7,1008
7,1071
7,162
7,210
7,523
7,305
7,38
7,499
7,535
7,55
7,1069
34,747
7,1088
7,1082
7,929
7,1
17,742
7,23
7,536
7,579
7,187
7,297
7,750
7,39
7,157
7,215
7,115
7,756
7,665
7,978
27,983
9,773
7,75
18,1059
7,697
7,41
7,303
7,568
7,1002
7,941
7,660
7,731
7,107
7,417
21,875
7,186
7,1084
28,1020
7,411
7,812
7,223
7,97
7,96
21,442
18,588
7,355
7,151
33,251
7,344
7,405
3,902
7,1014
21,623
7,946
19,779
7,233
27,926
7,767
7,5
27,509
7,774
7,889
7,644
7,72
7,666
7,880
7,272
7,648
7,489
7,843
7,612
7,1004
16,782
21,291
7,179
7,589
7,503
7,1053
7,729
7,34
7,943
7,763
7,858
7,363
28,346
7,250
7,418
7,596
7,952
7,977
27,496
7,553
7,847
7,1054
7,211
7,694
7,59
7,240
18,1041
7,985
7,361
7,960
7,260
7,539
7,771
27,1085
27,50
7,1083
7,918
27,996
7,518
7,1077
7,415
27,236
28,298
7,1060
7,574
7,691
7,903
27,274
7,362
7,436
7,840
7,878
7,777
7,801
7,522
7,60
7,237
27,313
7,1003
7,1013
7,899
7,639
7,217
25,877
7,630
7,1044
7,166
7,923
7,1023
7,391
7,822
27,607
7,35
7,208
7,549
18,760
7,988
32,622
27,656
12,605
7,942
28,147
7,230
7,636
7,540
7,425
7,56
27,629
27,3
7,235
7,172
32,1022
7,348
7,124
7,311
7,904
44,420
7,354
7,794
7,394
16,527
7,781
35,189
7,200
7,825
7,1016
22,174
7,820
7,659
7,728
16,716
7,22
7,228
7,866
7,441
7,993
7,920
7,21
7,66
7,86
27,445
7,437
7,621
7,7
27,10
28,528
7,573
27,375
7,786
7,359
7,37
7,755
7,707
7,110
7,388
27,500
6,864
7,184
6,837
7,1078
7,671
7,403
7,127
27,557
7,947
7,146
33,845
7,422
27,241
7,392
7,197
27,862
7,52
7,674
7,628
7,282
7,102
7,62
7,351
7,155
7,949
7,807
27,958
27,1058
7,961
7,13
27,604
7,440
7,932
7,276
7,14
7,477
7,704
7,705
7,582
7,861
7,317
7,772
7,255
7,472
7,651
36,26
7,758
30,898
7,713
7,617
45,580
7,257
27,504
7,712
7,42
7,400
7,759
7,113
7,865
7,643
2,1048
1,4
7,633
7,594
7,87
7,754
7,873
7,80
7,20
27,206
7,1051
7,134
7,765
7,641
14,271
7,36
7,802
7,275
7,82
29,57
7,132
7,842
7,397
28,806
43,133
7,692
7,429
7,137
33,1074
7,1086
7,193
7,256
7,793
7,44
7,726
19,269
7,369
7,156
1,483
7,699
7,451
7,401
21,188
7,833
27,104
7,1031
7,1034
7,15
27,969
7,461
27,279
7,819
30,408
7,46
27,890
4,689
7,796
7,667
7,103
7,199
7,736
7,811
7,154
28,650
7,285
27,201
7,995
20,999
14,592
10,329
7,460
27,635
7,695
7,204
7,986
7,120
7,1042
27,884
7,601
7,1040
7,723
7,164
7,332
7,126
7,881
7,412
7,473
7,67
7,1036
7,224
7,158
7,517
7,761
7,407
18,521
7,43
7,426
7,476
7,140
27,590
18,1018
7,513
27,295
27,277
7,855
1,718
7,711
1,242
7,373
7,183
7,1001
7,900
27,1062
7,776
7,365
27,938
27,829
7,680
7,544
7,1047
33,474
7,627
15,331
27,785
7,69
7,421
16,396
25,676
7,973
18,31
7,226
7,1025
27,859
14,470
7,131
27,49
7,1055
7,386
7,459
7,300
7,135
7,177
7,449
7,1024
27,152
7,834
7,653
7,18
27,465
7,530
7,167
7,602
27,901
7,818
27,951
7,854
27,61
6,844
7,301
7,502
7,657
7,850
7,714
7,191
7,823
7,286
7,531
7,683
27,911
7,267
7,584
7,624
3,143
7,6
7,516
2,130
44,290
7,486
7,194
7,609
7,661
7,606
7,88
19,333
7,839
7,315
7,464
7,577
7,376
7,886
7,48
7,54
7,706
7,688
7,431
27,1073
7,479
7,389
7,841
1,738
7,1079
7,940
7,492
7,598
7,118
7,321
1,377
7,309
7,350
7,1068
7,439
7,907
18,463
7,122
7,1091
7,987
7,232
7,709
7,640
18,64
48,144
7,637
7,9
7,790
7,997
7,252
18,982
7,84
7,817
28,244
27,93
7,370
26,1007
7,25
7,532
7,89
7,337
7,150
27,169
7,953
7,213
7,402
21,734
32,249
7,469
7,264
7,670
27,879
7,165
7,919
7,741
7,821
7,458
27,263
7,564
7,632
7,1065
6,71
27,698
26,906
7,368
7,16
7,533
7,954
7,805
28,352
7,455
18,857
7,307
7,292
7,341
7,556
21,693
7,1080
27,475
7,327
27,345
1,519
7,168
7,944
7,379
27,534
9,180
7,593
7,551
7,192
7,930
7,182
7,515
27,634
7,356
7,136
7,870
7,1029
27,138
7,586
7,238
7,384
7,567
7,358
27,1081
7,964
7,1061
32,336
7,454
7,753
7,922
7,967
7,541
27,432
7,239
7,896
7,190
7,727
14,616
7,810
7,603
7,253
7,860
41,1064
7,740
27,456
7,438
7,804
7,614
7,314
7,608
27,526
7,872
7,538
7,768
7,416
30,312
7,1006
7,937
30,205
7,220
1,733
7,484
7,851
7,687
7,547
7,735
7,613
7,1015
7,468
27,258
7,795
7,945
19,453
7,887
7,30
7,1045
7,302
27,1066
32,966
33,381
7,989
7,480
7,791
1,975
7,788
7,1057
7,766
7,974
7,935
27,83
7,751
7,221
7,625
41,175
7,955
27,610
7,581
7,962
7,677
7,552
7,171
7,507
7,91
7,874
27,90
7,700
7,600
7,383
7,385
7,883
27,832
30,725
6,196
7,512
7,225
13,615
7,498
7,1087
35,106
7,618
7,443
7,153
7,720
7,649
7,481
7,642
7,444
7,780
27,45
21,548
7,550
7,803
7,79
28,893
7,326
7,835
46,322
7,710
7,885
7,662
7,273
7,537
7,101
27,543
7,1043
7,116
7,669
37,572
27,905
27,910
7,119
7,219
7,655
7,198
7,74
7,981
7,792
7,229
7,1021
7,626
7,948
7,478
28,976
6,181
7,927
18,510
7,1039
7,247
7,569
7,357
7,925
7,1035
27,347
1,1050
28,65
28,565
7,757
7,511
7,457
7,576
7,797
7,1067
7,611
7,936
7,395
18,33
7,334
7,869
7,520
27,145
18,546
7,195
21,950
7,294
7,325
27,892
7,163
7,752
7,743
7,435
7,491
7,789
7,770
7,578
39,984
16,558
7,1049
20,824
31,559
7,493
7,696
27,545
7,318
47,863
7,599
7,281
27,108
7,288
7,830
7,915
7,690
7,815
7,719
7,335
7,595
7,265
7,304
7,280
19,737
7,514
27,160
7,587
7,95
7,231
7,76
7,717
7,367
7,390
7,139
28,111
7,1070
7,809
7,234
7,1019
7,497
27,1028
7,413
7,980
7,597
7,965
7,764
7,638
7,121
7,701
7,1010
7,1033
17,1011
7,673
7,681
7,92
27,487
19,732
7,53
7,555
27,112
7,508
7,848
7,374
7,398
7,566
40,542
27,382
7,991
7,410
28,452
7,284
7,1038
7,51
7,591
7,909
7,724
7,371
7,24
7,868
7,575
38,128
7,931
7,409
7,372
7,1075
27,506
27,1026
7,466
7,895
7,994
7,11
7,94
7,882
7,259
27,672
7,123
19,853
7,328
7,289
7,959
7,19
28,894
7,708
27,212
7,675
7,702
7,462
7,798
27,686
7,27
16,338
7,63
7,746
27,324
16,775
7,778
7,495
7,831
18,430
7,928
7,799
21,393
7,471
7,222
27,563
16,310
7,570
7,176
7,227
7,1046
7,161
7,8
7,100
7,849
7,125
7,912
7,685
7,209
7,129
7,105
7,1090
7,248
27,485
7,218
7,715
27,148
7,353
7,114
7,58
7,349
28,838
7,428
7,867
7,467
7,2
7,762
7,813
7,78
7,1005
7,924
7,990
7,619
5,343
7,433
7,933
21,856
7,663
