12,50
18,293
8,579
11,100
8,701
17,607
11,264
19,587
8,525
14,128
8,688
3,545
18,663
11,99
9,245
12,19
8,294
26,574
11,676
11,185
22,308
11,523
11,632
8,239
11,590
14,123
18,356
26,665
32,389
18,130
13,698
8,555
13,639
11,337
8,442
29,320
30,67
11,338
20,23
21,76
11,168
8,227
8,329
8,105
12,679
8,418
29,692
6,388
10,289
11,54
30,146
18,524
3,491
11,385
11,396
10,612
8,154
11,435
8,155
18,699
11,591
11,458
8,381
6,284
18,296
4,554
11,420
17,61
11,498
11,97
11,374
11,642
18,58
18,156
18,530
11,536
7,118
21,459
6,392
12,478
6,474
11,110
18,626
8,553
33,275
8,589
11,397
8,304
11,288
13,428
11,602
12,34
8,666
8,286
11,497
18,7
11,162
34,229
11,522
11,519
17,283
8,425
22,208
34,176
11,278
8,166
8,684
19,125
8,126
11,266
8,473
8,334
11,22
4,623
8,20
10,363
22,38
11,41
20,343
8,492
13,421
18,69
11,453
8,470
11,14
11,82
8,187
11,219
14,494
11,496
17,371
35,313
20,70
34,234
8,189
18,661
20,465
8,350
8,572
8,355
26,159
8,624
1,391
14,596
13,431
11,615
14,89
19,167
23,71
20,62
8,565
6,113
8,311
11,611
11,315
11,25
34,317
18,307
11,55
15,613
8,647
11,490
23,621
11,346
12,508
11,655
11,95
11,387
8,237
34,297
28,449
8,164
6,506
10,680
6,357
11,232
13,594
12,566
18,87
33,592
8,645
18,520
13,4
10,265
11,700
18,556
11,410
20,322
11,694
24,91
20,436
20,196
8,599
14,486
8,345
11,367
8,401
17,316
8,72
6,178
34,548
8,544
8,443
13,165
20,249
8,80
8,390
11,600
18,648
8,16
18,45
18,353
29,603
8,298
18,511
6,468
8,549
8,636
11,593
13,1
18,261
34,259
20,244
8,92
8,177
8,204
11,220
8,33
11,90
18,183
8,416
11,145
4,121
11,31
33,9
8,618
11,617
18,695
11,448
26,135
4,231
18,86
19,383
12,115
11,217
8,228
18,408
35,5
12,207
8,472
8,106
8,609
2,446
8,24
8,483
20,475
14,558
3,669
12,255
8,675
12,580
8,140
29,378
11,181
11,672
11,269
22,439
8,199
8,291
20,323
26,112
34,399
20,505
8,570
11,93
8,335
6,246
11,84
9,450
27,664
20,429
20,94
11,107
11,463
20,649
11,499
30,405
11,127
11,557
8,274
8,562
8,225
11,153
11,460
6,414
11,424
11,627
12,678
24,268
7,197
22,584
28,57
6,224
11,214
18,481
20,109
11,46
11,142
8,454
23,479
11,309
18,512
11,111
8,605
11,502
11,32
11,641
27,375
16,359
11,210
18,124
11,659
8,422
14,364
14,569
18,373
33,441
18,690
11,601
29,488
8,537
6,348
18,559
11,638
8,411
7,250
11,35
11,314
18,290
27,63
18,689
26,331
11,413
10,417
11,361
11,11
5,292
8,276
20,172
11,404
18,252
10,509
12,169
19,151
11,139
11,660
11,120
20,43
8,527
9,466
8,193
22,195
11,682
8,515
17,260
20,218
11,203
4,251
15,138
10,17
11,640
18,487
8,262
11,254
8,59
17,161
24,696
8,44
4,236
18,542
11,202
18,42
8,471
20,226
11,622
8,577
11,88
11,610
11,102
12,206
11,567
11,3
33,386
18,543
22,528
11,685
11,534
9,504
8,691
29,500
11,56
19,116
6,370
8,49
8,625
7,174
20,437
8,352
18,344
11,551
8,631
6,184
8,398
8,279
14,576
13,620
8,634
11,461
20,438
11,15
11,360
8,464
7,257
8,564
11,144
18,194
18,325
11,415
8,324
20,26
11,10
34,129
31,635
26,147
11,646
11,552
10,160
9,369
8,604
34,469
8,477
11,445
12,319
20,175
15,152
8,546
7,173
8,64
11,81
8,48
18,568
20,79
11,295
8,277
27,303
18,216
18,526
11,462
11,200
8,412
9,485
6,550
8,332
14,403
11,347
8,582
19,670
12,517
15,616
11,447
8,300
8,423
11,77
11,336
8,687
3,697
15,406
11,12
8,476
17,541
8,53
17,595
8,258
18,532
6,529
11,368
8,241
8,114
26,66
11,588
11,379
11,233
26,83
11,158
17,484
11,339
11,73
11,382
8,535
10,230
18,122
8,305
17,563
10,221
8,341
11,575
26,136
11,2
8,597
26,394
12,211
8,674
31,215
18,212
8,533
34,52
7,328
25,677
11,656
11,457
20,209
11,13
11,326
11,501
11,60
6,179
8,333
10,662
3,182
11,238
26,578
3,426
18,27
10,456
18,30
11,547
8,451
18,585
20,409
23,321
3,312
8,242
10,514
12,65
11,380
6,637
18,652
12,619
12,651
6,372
10,614
15,608
11,351
11,75
11,74
11,653
8,427
8,96
8,186
26,247
20,538
8,480
18,482
14,68
11,503
11,650
8,131
6,101
8,376
8,495
30,365
11,198
21,583
11,6
18,693
9,243
8,108
18,354
11,467
8,402
26,148
5,8
17,349
8,561
18,430
23,657
11,539
4,444
11,133
11,281
11,273
11,407
12,191
11,384
3,119
11,192
18,282
20,366
11,419
12,39
8,285
11,673
12,598
15,188
8,452
24,270
11,205
18,306
8,521
8,668
11,223
11,137
11,256
18,358
11,150
7,573
8,40
8,78
18,493
9,507
11,240
8,581
11,681
11,489
10,510
11,531
8,18
36,560
24,141
34,434
10,342
11,28
34,271
9,318
14,340
12,280
18,455
8,163
11,540
8,586
8,310
11,149
29,654
31,190
11,629
15,299
11,606
12,377
8,518
17,667
18,395
18,301
18,267
23,21
11,683
18,362
20,117
34,103
8,400
8,213
11,330
18,263
11,36
8,643
11,47
11,171
22,302
20,37
8,571
5,287
36,51
8,686
20,432
18,157
8,134
11,440
18,201
8,104
11,630
11,516
26,633
8,272
22,170
11,98
10,222
30,658
7,180
11,85
8,393
8,235
10,327
11,644
19,433
11,703
8,513
8,29
7,628
11,671
11,132
11,248
11,143
1,702
31,253
