38,307
39,518
38,190
25,422
24,622
5,230
38,494
27,7
28,371
43,500
38,749
36,497
41,534
38,711
64,19
38,717
32,635
25,627
38,742
38,713
21,203
20,463
38,583
38,747
38,323
39,496
38,723
32,690
44,661
50,670
23,70
18,701
79,639
38,358
24,283
58,399
55,510
69,158
40,609
21,150
38,710
53,391
20,737
32,550
11,188
38,453
38,472
37,567
60,738
76,236
76,529
6,434
40,14
39,593
39,699
43,278
38,235
38,71
39,25
38,605
38,382
73,630
22,46
38,473
79,435
39,603
24,644
41,604
87,172
38,152
38,201
38,153
38,720
38,340
21,741
4,269
6,731
38,298
6,488
11,41
38,378
6,458
3,480
71,743
38,705
23,255
21,576
49,229
24,479
39,396
39,442
40,633
38,383
24,78
38,218
38,548
27,189
39,133
41,261
38,111
78,20
7,267
60,281
39,328
87,678
91,415
21,318
31,142
20,504
38,522
38,681
54,572
23,707
15,259
6,96
38,200
96,3
38,125
74,372
25,695
39,613
8,220
42,694
74,162
38,573
38,72
45,512
44,539
67,73
39,407
70,433
93,179
38,379
85,507
39,698
38,598
11,532
24,315
38,360
38,525
38,338
38,735
82,725
11,226
81,728
3,100
38,553
24,543
70,93
38,74
38,257
38,658
38,537
39,34
62,57
12,493
38,653
38,334
38,126
24,85
25,621
38,600
39,240
39,570
38,198
21,224
38,171
24,417
38,623
39,157
38,136
38,186
47,64
39,716
38,719
38,536
6,364
67,652
38,599
7,47
21,205
38,317
38,183
21,81
21,116
38,509
40,195
38,250
38,165
38,571
11,246
55,151
60,335
67,175
38,498
11,313
11,555
38,620
67,578
38,169
38,24
38,1
38,395
71,61
38,732
38,637
67,446
27,692
76,666
52,629
38,277
38,309
50,23
40,714
19,540
72,523
19,592
38,292
70,381
38,746
76,147
35,703
94,141
38,270
6,615
38,306
27,607
38,297
38,182
38,359
27,410
25,176
20,726
41,202
38,95
38,736
39,228
90,118
24,343
38,730
24,58
38,414
19,471
31,60
76,709
38,486
8,443
13,683
31,11
38,424
68,211
38,291
39,485
1,533
38,404
70,242
38,515
24,680
38,521
27,272
38,481
24,159
40,589
29,568
39,167
6,140
38,110
29,559
38,403
38,342
24,16
38,501
11,139
73,206
72,426
6,405
38,503
38,341
40,27
63,212
38,331
78,686
38,684
61,641
70,631
92,252
35,505
60,344
24,355
43,314
38,447
38,495
25,474
11,624
87,357
76,483
38,398
38,712
32,367
59,98
24,706
11,164
11,2
21,54
27,406
38,347
38,619
11,418
38,420
23,490
65,665
20,632
38,451
38,676
38,352
87,366
38,163
38,370
24,59
77,580
52,237
8,325
38,350
31,502
39,362
7,664
39,90
38,544
4,660
69,26
38,663
24,380
87,327
38,170
38,584
20,130
29,449
38,91
42,421
38,587
38,55
38,389
38,135
38,174
16,154
24,66
39,121
24,265
74,104
39,253
17,48
39,638
60,640
24,279
38,588
32,552
39,92
38,214
38,53
38,39
24,642
39,662
74,187
38,263
19,724
39,601
39,400
74,636
23,466
39,99
38,234
38,13
68,68
27,430
11,439
52,339
51,123
38,393
38,748
39,290
38,56
38,693
38,10
9,29
79,597
19,128
23,127
8,222
39,287
73,12
38,647
11,477
43,594
24,476
38,289
38,354
22,258
39,557
38,394
40,560
21,241
3,35
38,262
38,348
38,148
39,563
38,89
20,590
67,301
38,160
25,94
10,138
19,454
38,530
38,319
46,346
38,546
39,361
80,516
39,271
39,535
38,332
59,239
38,168
71,67
38,437
86,541
20,5
59,387
41,369
20,464
16,657
38,634
38,31
38,113
23,86
24,628
7,750
42,436
10,310
52,667
38,18
38,4
6,669
1,120
38,293
38,161
9,232
39,491
31,654
39,411
74,668
38,616
24,729
32,562
3,462
55,305
38,374
84,208
21,484
63,231
27,595
38,511
23,655
11,227
41,260
77,8
21,97
76,9
64,401
38,547
38,460
38,107
38,21
87,166
24,538
24,554
21,184
38,181
38,564
38,468
11,40
39,185
27,478
38,75
38,87
57,304
38,63
11,397
39,649
25,43
74,428
38,431
38,606
38,336
38,408
38,519
38,574
88,520
38,233
38,22
39,673
38,312
38,109
38,217
8,581
38,386
11,413
38,243
38,733
27,659
38,365
2,215
6,517
38,558
24,687
19,17
38,689
20,299
20,596
38,356
38,455
38,28
3,648
38,44
13,744
68,249
71,108
38,450
24,244
74,324
38,677
38,682
38,650
24,337
38,264
38,268
21,700
38,561
38,674
24,32
73,351
38,651
39,345
75,432
24,114
21,551
38,173
70,416
38,672
15,88
40,444
38,115
21,77
38,82
52,225
24,177
32,514
38,266
24,52
30,276
27,611
24,625
21,79
2,102
9,438
38,180
38,326
62,708
38,524
38,402
38,83
38,645
20,146
56,456
38,565
70,513
38,685
54,76
39,329
19,585
56,6
38,506
39,122
4,388
81,322
39,247
40,445
38,254
24,608
11,375
38,465
38,392
24,591
27,303
32,197
44,308
38,45
38,80
38,508
40,727
67,294
38,702
38,721
38,273
20,137
38,489
11,302
38,144
90,191
6,196
73,482
38,643
77,448
38,566
26,618
68,715
9,384
39,412
38,440
38,156
38,526
38,248
38,722
6,691
71,531
38,452
23,492
38,349
38,363
38,675
39,119
38,368
23,124
38,740
40,274
38,62
37,390
38,612
40,542
38,275
40,216
9,256
38,219
3,549
75,149
24,688
32,577
20,285
29,131
34,425
38,204
38,626
25,528
27,84
52,469
23,51
38,753
19,209
39,296
38,50
40,221
39,245
39,646
39,545
38,671
23,614
26,320
25,467
38,282
77,101
48,194
20,199
33,602
74,207
39,409
31,178
38,129
60,251
38,617
38,527
29,373
38,330
38,38
4,15
38,470
32,311
70,704
32,739
38,49
74,679
38,745
43,103
38,353
38,193
80,288
89,429
38,423
38,300
29,284
38,36
11,487
38,280
66,461
38,569
39,155
38,112
3,718
38,579
38,734
38,37
39,192
38,457
38,210
9,656
38,556
38,376
54,321
38,441
38,42
11,582
14,575
38,30
40,213
38,377
38,33
11,65
38,385
27,419
38,696
38,69
38,333
19,105
54,316
38,475
38,295
38,499
38,697
60,134
74,459
38,427
38,586
38,145
32,143
60,751
38,238
38,610
43,106
38,132
23,286
83,223
95,752
76,117
