83,307
87,518
81,190
53,422
50,622
9,230
81,494
56,7
58,371
97,500
75,749
70,497
93,534
81,711
127,19
75,717
65,635
53,627
81,742
81,713
42,203
37,463
75,583
83,747
81,323
89,496
75,723
63,690
98,661
106,670
47,70
33,701
155,639
81,358
48,283
117,399
113,510
135,158
91,609
43,150
81,710
110,391
40,737
66,550
24,188
81,453
82,472
72,567
120,738
150,236
150,529
10,434
91,14
87,593
85,699
96,278
81,235
75,71
88,25
75,605
75,382
141,630
45,46
81,473
155,435
90,603
50,644
93,604
168,172
81,152
81,201
81,153
81,720
81,340
44,741
7,269
10,731
81,298
12,488
24,41
79,378
10,458
5,480
139,743
81,705
47,255
44,576
104,229
48,479
89,396
85,442
91,633
81,383
49,78
75,218
81,548
56,189
87,133
93,261
81,111
153,20
15,267
120,281
90,328
169,678
174,415
42,318
62,142
39,504
75,522
81,681
112,572
47,707
30,259
10,96
79,200
179,3
75,125
144,372
53,695
90,613
16,220
95,694
145,162
81,573
81,72
100,512
99,539
130,73
86,407
138,433
176,179
81,379
164,507
90,698
81,598
23,532
51,315
75,360
75,525
75,338
81,735
161,725
23,226
159,728
6,100
75,553
48,543
137,93
81,74
80,257
81,658
81,537
90,34
123,57
25,493
81,653
81,334
75,126
49,85
52,621
81,600
88,240
87,570
79,198
42,224
75,171
50,417
83,623
86,157
81,136
81,186
102,64
90,716
80,719
75,536
10,364
130,652
81,599
14,47
41,205
75,317
79,183
41,81
43,116
81,509
92,195
81,250
81,165
81,571
23,246
113,151
121,335
131,175
79,498
23,313
24,555
81,620
131,578
81,169
81,24
75,1
81,395
139,61
79,732
75,637
132,446
57,692
150,666
108,629
75,277
75,309
105,23
91,714
36,540
140,523
34,592
81,292
137,381
81,746
149,147
69,703
177,141
81,270
10,615
81,306
57,607
75,297
81,182
81,359
57,410
52,176
37,726
93,202
81,95
81,736
88,228
173,118
51,343
81,730
48,58
75,414
34,471
61,60
149,709
80,486
18,443
26,683
62,11
79,424
134,211
74,291
90,485
1,533
81,404
137,242
81,515
48,680
81,521
57,272
81,481
48,159
92,589
59,568
90,167
10,140
81,110
59,559
81,403
75,342
51,16
75,501
23,139
141,206
140,426
11,405
75,503
81,341
91,27
125,212
81,331
154,686
81,684
122,641
136,631
175,252
69,505
121,344
48,355
96,314
75,447
75,495
53,474
24,624
167,357
150,483
75,398
81,712
65,367
119,98
48,706
23,164
24,2
44,54
57,406
75,347
81,619
24,418
75,420
46,490
128,665
38,632
83,451
77,676
81,352
166,366
79,163
81,370
51,59
151,580
109,237
18,325
81,350
61,502
88,362
13,664
86,90
81,544
7,660
135,26
75,663
51,380
168,327
81,170
80,584
40,130
59,449
81,91
94,421
81,587
75,55
75,389
75,135
76,174
31,154
51,66
87,121
48,265
147,104
88,253
32,48
87,638
120,640
48,279
76,588
64,552
87,92
81,214
75,53
81,39
51,642
88,662
147,187
82,263
36,724
87,601
87,400
144,636
47,466
88,99
81,234
81,13
133,68
57,430
24,439
108,339
107,123
81,393
81,748
86,290
75,56
81,693
81,10
20,29
156,597
34,128
47,127
17,222
90,287
141,12
81,647
24,477
96,594
48,476
84,289
81,354
45,258
87,557
81,394
92,560
42,241
4,35
75,262
75,348
75,148
87,563
81,89
40,590
132,301
75,160
52,94
22,138
34,454
75,530
81,319
101,346
81,546
87,361
158,516
87,271
85,535
81,332
118,239
75,168
139,67
75,437
165,541
40,5
118,387
93,369
40,464
31,657
81,634
81,31
81,113
46,86
50,628
15,750
94,436
21,310
109,667
81,18
75,4
10,669
2,120
75,293
73,161
19,232
86,491
62,654
87,411
146,668
81,616
51,729
64,562
6,462
114,305
81,374
163,208
42,484
124,231
57,595
81,511
47,655
24,227
93,260
152,8
43,97
150,9
126,401
75,547
81,460
81,107
78,21
166,166
48,538
48,554
43,184
81,181
81,564
75,468
23,40
87,185
57,478
75,75
75,87
116,304
81,63
23,397
87,649
52,43
146,428
81,431
81,606
73,336
81,408
81,519
80,574
170,520
81,233
75,22
88,673
75,312
81,109
76,217
16,581
81,386
24,413
79,243
81,733
57,659
81,365
3,215
10,517
75,558
51,687
36,17
81,689
40,299
37,596
75,356
81,455
75,28
4,648
81,44
27,744
133,249
139,108
81,450
51,244
146,324
81,677
75,682
81,650
51,337
82,264
81,268
42,700
81,561
75,674
50,32
143,351
81,651
89,345
148,432
51,114
42,551
81,173
137,416
81,672
29,88
91,444
81,115
41,77
83,82
108,225
48,177
65,514
75,266
48,52
60,276
57,611
48,625
43,79
3,102
19,438
81,180
75,326
123,708
81,524
79,402
81,83
81,645
37,146
115,456
81,565
136,513
83,685
111,76
88,329
34,585
115,6
81,506
86,122
8,388
160,322
85,247
91,445
75,254
48,608
24,375
75,465
81,392
48,591
57,303
65,197
98,308
81,45
82,80
81,508
92,727
131,294
81,702
81,721
81,273
40,137
75,489
24,302
81,144
172,191
11,196
142,482
81,643
151,448
75,566
54,618
134,715
19,384
87,412
83,440
81,156
81,526
81,248
78,722
11,691
139,531
81,452
47,492
75,349
81,363
74,675
87,119
81,368
47,124
81,740
92,274
75,62
71,390
81,612
91,542
74,275
91,216
19,256
81,219
6,549
148,149
48,688
63,577
40,285
59,131
68,425
82,204
81,626
52,528
57,84
108,469
47,51
81,753
35,209
89,296
81,50
92,221
86,245
89,646
87,545
75,671
46,614
55,320
53,467
81,282
151,101
103,194
37,199
67,602
144,207
87,409
61,178
81,129
120,251
75,617
81,527
59,373
75,330
74,38
7,15
74,470
65,311
137,704
65,739
81,49
146,679
75,745
97,103
81,353
81,193
157,288
171,429
81,423
81,300
59,284
81,36
24,487
75,280
129,461
81,569
87,155
81,112
4,718
75,579
81,734
81,37
87,192
81,457
75,210
19,656
82,556
81,376
112,321
82,441
81,42
23,582
28,575
81,30
92,213
81,377
75,33
24,65
81,385
57,419
75,696
81,69
75,333
34,105
111,316
81,475
75,295
81,499
81,697
120,134
145,459
81,427
81,586
81,145
66,143
120,751
75,238
81,610
96,106
81,132
46,286
162,223
178,752
150,117
